ReTr(L*),ImTr(Lx),ImTr(Ly),ImTr(Lz),ImTr(L5)
0.992509,-0.025152,null,null,null
0.116258,null,-0.114077,null,null
-0.393545,null,null,-0.0392264,null
-0.00187496,null,null,null,-0.000201111
0.99258,-0.0183366,null,null,null
0.0677619,null,-0.0975893,null,null
-0.357218,null,null,-0.00323525,null
0.00326968,null,null,null,-0.00159055
0.99258,-0.0183366,null,null,null
0.0677619,null,-0.0975893,null,null
-0.357218,null,null,-0.00323525,null
0.00326968,null,null,null,-0.00159055
0.9927,-0.0216696,null,null,null
0.136302,null,-0.0939912,null,null
-0.237687,null,null,-0.0132183,null
0.00465936,null,null,null,-0.00705451
0.992501,-0.0226818,null,null,null
0.134969,null,-0.0792356,null,null
-0.325624,null,null,-0.0120892,null
0.000256902,null,null,null,0.0039084
0.992625,-0.0199795,null,null,null
0.0671163,null,-0.0725225,null,null
-0.330359,null,null,0.00184514,null
5.7338e-05,null,null,null,-0.000882786
0.992654,-0.0147035,null,null,null
0.145935,null,-0.0448941,null,null
-0.291676,null,null,0.019978,null
-0.00178217,null,null,null,0.000568155
0.992655,-0.0111873,null,null,null
0.14564,null,-0.0261456,null,null
-0.321277,null,null,0.0658065,null
0.00129247,null,null,null,0.00255502
0.992816,-0.0147723,null,null,null
0.129944,null,-0.0966002,null,null
-0.320704,null,null,0.0582714,null
0.00522708,null,null,null,0.00486505
0.992816,-0.0147723,null,null,null
0.129944,null,-0.0966002,null,null
-0.320704,null,null,0.0582714,null
0.00522708,null,null,null,0.00486505
0.992816,-0.0147723,null,null,null
0.129944,null,-0.0966002,null,null
-0.320704,null,null,0.0582714,null
0.00522708,null,null,null,0.00486505
0.992921,-0.0162894,null,null,null
0.0696906,null,-0.0913464,null,null
-0.332663,null,null,0.075619,null
0.00363081,null,null,null,0.00553915
0.992845,-0.015969,null,null,null
0.116304,null,-0.0620241,null,null
-0.306922,null,null,0.0506515,null
-0.000403775,null,null,null,0.0013419
0.992845,-0.015969,null,null,null
0.116304,null,-0.0620241,null,null
-0.306922,null,null,0.0506515,null
-0.000403775,null,null,null,0.0013419
0.992718,-0.00969659,null,null,null
0.134471,null,-0.0440365,null,null
-0.276246,null,null,0.058744,null
-0.000827211,null,null,null,0.000787564
0.992921,-0.00619661,null,null,null
0.140699,null,0.0371649,null,null
-0.33857,null,null,0.0440416,null
0.00273939,null,null,null,-0.000251826
0.993058,-0.00790264,null,null,null
0.177608,null,0.0249968,null,null
-0.342101,null,null,0.0346904,null
0.00311655,null,null,null,-0.000346534
0.99293,-0.00548291,null,null,null
0.116141,null,-0.0531618,null,null
-0.339749,null,null,-0.015426,null
0.0019959,null,null,null,-0.00392599
0.99293,-0.00548291,null,null,null
0.116141,null,-0.0531618,null,null
-0.339749,null,null,-0.015426,null
0.0019959,null,null,null,-0.00392599
0.992926,-0.0023575,null,null,null
0.21185,null,-0.150884,null,null
-0.298561,null,null,-0.0127607,null
0.00382011,null,null,null,0.00500516
0.992976,7.08454e-05,null,null,null
0.169535,null,-0.175729,null,null
-0.231759,null,null,0.0115157,null
-0.00139161,null,null,null,0.00206926
0.99289,0.00171575,null,null,null
0.129816,null,-0.143341,null,null
-0.252458,null,null,0.0154024,null
0.00287606,null,null,null,0.00452235
0.99289,0.00171575,null,null,null
0.129816,null,-0.143341,null,null
-0.252458,null,null,0.0154024,null
0.00287606,null,null,null,0.00452235
0.992903,0.00728525,null,null,null
0.176088,null,-0.147611,null,null
-0.219511,null,null,0.0318741,null
-0.00107338,null,null,null,0.00376494
0.992865,0.00602114,null,null,null
0.146706,null,-0.0955707,null,null
-0.200429,null,null,0.0277169,null
-0.00125873,null,null,null,-0.00282284
0.99284,-0.00151422,null,null,null
0.186861,null,-0.118278,null,null
-0.214365,null,null,0.0778195,null
0.00293371,null,null,null,0.00129216
0.993041,0.00223091,null,null,null
0.199045,null,-0.109208,null,null
-0.254774,null,null,0.0757058,null
0.000127943,null,null,null,0.00122017
0.992985,0.00620776,null,null,null
0.154307,null,-0.0873025,null,null
-0.182441,null,null,0.0210824,null
-0.00155028,null,null,null,-0.000985735
0.992968,0.00919179,null,null,null
0.207987,null,-0.185876,null,null
-0.208776,null,null,0.0128775,null
-0.00319084,null,null,null,0.00178826
0.993128,0.0085124,null,null,null
0.303758,null,-0.144492,null,null
-0.229681,null,null,0.0585016,null
-0.000485548,null,null,null,0.0025539
0.993041,0.00669202,null,null,null
0.252484,null,-0.145236,null,null
-0.263543,null,null,0.0417944,null
-0.000946807,null,null,null,0.00689188
0.993004,0.00522717,null,null,null
0.29039,null,-0.113542,null,null
-0.256651,null,null,0.0265431,null
-0.000355269,null,null,null,0.00430626
0.99307,0.00643634,null,null,null
0.236575,null,-0.161021,null,null
-0.277112,null,null,0.0507075,null
0.00125269,null,null,null,-0.000590734
0.993074,0.00240835,null,null,null
0.190926,null,-0.196374,null,null
-0.345693,null,null,-0.0175375,null
0.00194852,null,null,null,0.00394366
0.993082,-0.000193922,null,null,null
0.207242,null,-0.232572,null,null
-0.316849,null,null,-0.0305818,null
0.00242155,null,null,null,0.00256325
0.993082,-0.000193922,null,null,null
0.207242,null,-0.232572,null,null
-0.316849,null,null,-0.0305818,null
0.00242155,null,null,null,0.00256325
0.992904,-0.00190389,null,null,null
0.0857186,null,-0.17339,null,null
-0.307889,null,null,0.0309722,null
-0.00218985,null,null,null,0.000571462
0.992968,-0.00024197,null,null,null
0.102749,null,-0.224479,null,null
-0.36799,null,null,0.0434247,null
-0.00737741,null,null,null,0.00600922
0.993054,0.00315577,null,null,null
0.112362,null,-0.270533,null,null
-0.31134,null,null,0.0272988,null
-0.00227061,null,null,null,0.00285441
0.993054,0.00315577,null,null,null
0.112362,null,-0.270533,null,null
-0.31134,null,null,0.0272988,null
-0.00227061,null,null,null,0.00285441
0.992927,0.00737619,null,null,null
0.160906,null,-0.2683,null,null
-0.235711,null,null,0.0879449,null
0.00332055,null,null,null,0.00146885
0.993076,0.00499519,null,null,null
0.199203,null,-0.262006,null,null
-0.206905,null,null,0.0399364,null
-0.00260376,null,null,null,0.00352789
0.993076,0.00499519,null,null,null
0.199203,null,-0.262006,null,null
-0.206905,null,null,0.0399364,null
-0.00260376,null,null,null,0.00352789
0.993076,0.00499519,null,null,null
0.199203,null,-0.262006,null,null
-0.206905,null,null,0.0399364,null
-0.00260376,null,null,null,0.00352789
0.993067,0.00413903,null,null,null
0.129181,null,-0.273771,null,null
-0.233505,null,null,0.0817534,null
-0.00105895,null,null,null,-0.00117584
0.992796,0.00577822,null,null,null
0.184899,null,-0.243351,null,null
-0.198825,null,null,0.102227,null
-0.0020748,null,null,null,0.00178076
0.992964,0.00411557,null,null,null
0.217641,null,-0.26259,null,null
-0.159167,null,null,0.0992825,null
-0.0011993,null,null,null,0.000567331
0.992945,0.00883993,null,null,null
0.170263,null,-0.247724,null,null
-0.161314,null,null,0.0993531,null
-0.00240514,null,null,null,0.00423346
0.992966,0.00435649,null,null,null
0.172524,null,-0.209588,null,null
-0.159169,null,null,0.0999889,null
-0.00298088,null,null,null,-0.00266541
0.992734,0.00539304,null,null,null
0.205762,null,-0.162651,null,null
-0.0904001,null,null,-0.00109557,null
8.09801e-05,null,null,null,0.00311559
0.992846,0.00583026,null,null,null
0.191419,null,-0.151696,null,null
-0.115686,null,null,0.0688914,null
0.00646461,null,null,null,-0.00429366
0.992861,0.0091521,null,null,null
0.27609,null,-0.16338,null,null
-0.0921074,null,null,0.0652329,null
0.00172504,null,null,null,-0.005312
0.992695,0.00630177,null,null,null
0.255814,null,-0.105846,null,null
-0.140889,null,null,0.0431967,null
0.00603589,null,null,null,-0.00668676
0.992695,0.00630177,null,null,null
0.255814,null,-0.105846,null,null
-0.140889,null,null,0.0431967,null
0.00603589,null,null,null,-0.00668676
0.992695,0.00630177,null,null,null
0.255814,null,-0.105846,null,null
-0.140889,null,null,0.0431967,null
0.00603589,null,null,null,-0.00668676
0.992783,0.00939399,null,null,null
0.21537,null,-0.15183,null,null
-0.103718,null,null,0.00499998,null
-0.000213114,null,null,null,-0.00324964
0.99271,0.00730215,null,null,null
0.264466,null,-0.0993244,null,null
-0.0660389,null,null,-0.0492815,null
0.000284371,null,null,null,-0.00587882
0.992655,0.0116827,null,null,null
0.281511,null,-0.108086,null,null
-0.0831461,null,null,0.0183253,null
-0.000163375,null,null,null,-0.00595941
0.992744,0.0115878,null,null,null
0.227215,null,-0.132077,null,null
-0.0708176,null,null,0.063261,null
0.00179639,null,null,null,-0.00609314
0.992711,0.0156581,null,null,null
0.267205,null,-0.172478,null,null
-0.0176186,null,null,0.0409659,null
-0.00192254,null,null,null,-0.00562243
0.992695,0.0210098,null,null,null
0.19768,null,-0.153791,null,null
0.00191647,null,null,0.0936972,null
-0.00209589,null,null,null,-0.00161931
0.992859,0.0181298,null,null,null
0.210825,null,-0.0895341,null,null
0.00702028,null,null,0.0764524,null
0.00217497,null,null,null,-0.00274416
0.992886,0.020254,null,null,null
0.240071,null,-0.0979164,null,null
0.0988683,null,null,0.0351498,null
0.00702502,null,null,null,-0.00182883
0.992762,0.0224861,null,null,null
0.22542,null,-0.146759,null,null
0.0320112,null,null,0.0688606,null
0.00124832,null,null,null,-0.00561294
0.993025,0.0205197,null,null,null
0.188486,null,-0.127184,null,null
0.0408415,null,null,0.0388476,null
-0.00476056,null,null,null,-0.00037104
0.992827,0.020309,null,null,null
0.199615,null,-0.108832,null,null
0.0417004,null,null,0.0714338,null
0.000935965,null,null,null,0.00164045
0.992995,0.0171434,null,null,null
0.206124,null,-0.0404096,null,null
0.00678871,null,null,-0.0145161,null
-0.00116261,null,null,null,9.8011e-05
0.992618,0.0250625,null,null,null
0.16815,null,-0.0459374,null,null
-0.00811041,null,null,0.0325662,null
0.000675081,null,null,null,-0.00213033
0.992579,0.0273767,null,null,null
0.109853,null,-0.076898,null,null
0.0105375,null,null,0.0192163,null
-0.00137174,null,null,null,-0.00207666
0.992536,0.0289953,null,null,null
0.130909,null,-0.0595263,null,null
-0.0484778,null,null,0.0448995,null
-0.00104846,null,null,null,-0.00137562
0.992665,0.0249905,null,null,null
0.131105,null,-0.0192982,null,null
-0.0277753,null,null,0.0116178,null
-0.00406628,null,null,null,-0.00298399
0.992805,0.0238985,null,null,null
0.178372,null,-0.0509494,null,null
-0.015675,null,null,-0.0327033,null
-0.00478993,null,null,null,-0.00186541
0.992874,0.0221894,null,null,null
0.170176,null,-0.037086,null,null
0.078538,null,null,0.0316107,null
0.000524029,null,null,null,0.000646734
0.992795,0.0165676,null,null,null
0.13804,null,-0.0980807,null,null
0.0517519,null,null,0.0151481,null
-0.00839876,null,null,null,-0.000891186
0.992901,0.0222949,null,null,null
0.175923,null,-0.0877581,null,null
0.0582252,null,null,0.00428315,null
-0.00753609,null,null,null,-0.000146329
0.9929,0.0197984,null,null,null
0.181635,null,-0.0331836,null,null
0.0542789,null,null,0.0363812,null
-0.00468329,null,null,null,-0.000603621
0.992841,0.0166638,null,null,null
0.21546,null,-0.068077,null,null
0.0585121,null,null,0.0255245,null
-0.00170823,null,null,null,-0.00736644
0.992876,0.0159334,null,null,null
0.19871,null,-0.112336,null,null
0.117838,null,null,-0.0237955,null
-0.00775966,null,null,null,-0.00889084
0.992823,0.0241374,null,null,null
0.171464,null,-0.170499,null,null
0.120109,null,null,0.0440686,null
0.00185268,null,null,null,-0.00763505
0.992816,0.0212561,null,null,null
0.187803,null,-0.130025,null,null
0.0586498,null,null,-0.00905373,null
-0.000229439,null,null,null,-0.00251546
0.992835,0.015904,null,null,null
0.100727,null,-0.149185,null,null
0.118385,null,null,-0.0213211,null
-0.000872881,null,null,null,0.00136051
0.993045,0.00937734,null,null,null
0.161849,null,-0.126339,null,null
0.077271,null,null,-0.0319269,null
-0.00382613,null,null,null,-0.00278261
0.99314,0.00480044,null,null,null
0.106751,null,-0.116203,null,null
0.0130172,null,null,0.0357792,null
-0.0026004,null,null,null,-0.00252059
0.993074,0.00668143,null,null,null
0.0858845,null,-0.154379,null,null
0.0250414,null,null,0.12788,null
-0.00344629,null,null,null,0.00224899
0.993105,0.00616217,null,null,null
0.13117,null,-0.18286,null,null
-0.0303325,null,null,0.08387,null
-0.00672543,null,null,null,-0.00182869
0.99311,0.00384489,null,null,null
0.103304,null,-0.10409,null,null
-0.0215112,null,null,0.0570219,null
0.00501953,null,null,null,-0.00178956
0.993053,0.00532315,null,null,null
0.103305,null,-0.120772,null,null
-0.0255042,null,null,0.0813438,null
-0.0040169,null,null,null,-0.00521999
0.993188,0.00319974,null,null,null
0.0626326,null,-0.198505,null,null
-0.0467287,null,null,0.032337,null
-0.00348331,null,null,null,-0.00654939
0.992996,-0.000671055,null,null,null
0.100607,null,-0.180023,null,null
-0.0582498,null,null,0.0534906,null
-0.00450355,null,null,null,-0.00132873
0.993066,0.00280446,null,null,null
0.143681,null,-0.184506,null,null
-0.0597955,null,null,0.00740417,null
0.00083204,null,null,null,-0.00120746
0.992854,0.0112967,null,null,null
0.121816,null,-0.227903,null,null
-0.0331441,null,null,-0.00689164,null
0.00355816,null,null,null,0.00404584
0.992811,0.00909666,null,null,null
0.0991969,null,-0.181292,null,null
-0.0395781,null,null,-0.0329634,null
0.00207074,null,null,null,0.00307915
0.992811,0.00909666,null,null,null
0.0991969,null,-0.181292,null,null
-0.0395781,null,null,-0.0329634,null
0.00207074,null,null,null,0.00307915
0.992965,0.00517799,null,null,null
0.0430572,null,-0.246186,null,null
-0.02318,null,null,-0.00821151,null
0.000767366,null,null,null,0.00161842
0.992839,0.00766941,null,null,null
0.0212563,null,-0.193664,null,null
0.0207363,null,null,-0.0391394,null
-0.00235274,null,null,null,-0.00621309
0.99288,0.0121058,null,null,null
0.0578422,null,-0.218523,null,null
0.0491895,null,null,-0.0553121,null
0.000567586,null,null,null,-0.006483
0.992903,0.0143951,null,null,null
0.0250856,null,-0.161383,null,null
-0.0495387,null,null,-0.017564,null
0.00366441,null,null,null,-0.00439294
0.992761,0.0171863,null,null,null
0.0120344,null,-0.23396,null,null
-0.0148585,null,null,-0.0292369,null
-0.000944837,null,null,null,-0.000317905
0.992874,0.0146629,null,null,null
0.0581441,null,-0.207207,null,null
-0.0492456,null,null,-0.0283732,null
0.00831572,null,null,null,0.0014326
0.992923,0.0148466,null,null,null
-3.61481e-05,null,-0.20712,null,null
-0.00564714,null,null,-0.0273529,null
0.0012269,null,null,null,0.00516223
0.992995,0.0164761,null,null,null
0.088464,null,-0.217469,null,null
-0.0532776,null,null,-0.0152055,null
0.00764777,null,null,null,0.00335783
0.992932,0.0161528,null,null,null
0.0880439,null,-0.224839,null,null
-0.118173,null,null,0.00828942,null
0.00660068,null,null,null,0.00114028
0.992932,0.0161528,null,null,null
0.0880439,null,-0.224839,null,null
-0.118173,null,null,0.00828942,null
0.00660068,null,null,null,0.00114028
0.992731,0.0169524,null,null,null
0.0608984,null,-0.246099,null,null
-0.0939642,null,null,-0.00652644,null
0.00762512,null,null,null,0.00601474
0.992797,0.0156261,null,null,null
0.087849,null,-0.175275,null,null
-0.0891612,null,null,-0.0224625,null
0.00209074,null,null,null,0.000883754
0.992831,0.0159437,null,null,null
0.127537,null,-0.181894,null,null
-0.0806127,null,null,-0.0347599,null
-0.00158599,null,null,null,0.00591805
0.992864,0.0108288,null,null,null
0.123943,null,-0.16154,null,null
-0.0645141,null,null,-0.0236446,null
2.04849e-06,null,null,null,0.00108237
0.992949,0.00464818,null,null,null
0.0844791,null,-0.126796,null,null
-0.0898556,null,null,-0.00078483,null
-0.0026559,null,null,null,-0.0036488
0.992959,0.00256971,null,null,null
0.13848,null,-0.119662,null,null
-0.0628688,null,null,0.0164965,null
-4.20188e-05,null,null,null,-0.000616145
0.992864,0.0117534,null,null,null
0.120362,null,-0.108695,null,null
-0.0142816,null,null,0.00709225,null
-0.00365887,null,null,null,0.00229521
0.992886,0.0188777,null,null,null
0.185164,null,-0.117826,null,null
-0.0119263,null,null,0.0516317,null
-0.00382251,null,null,null,-0.000843234
0.992859,0.0156926,null,null,null
0.117692,null,-0.11049,null,null
-0.0574023,null,null,0.0085325,null
-0.0016171,null,null,null,0.00152576
0.993069,0.0159624,null,null,null
0.192454,null,-0.172019,null,null
-0.000266139,null,null,-0.0223009,null
-0.00017019,null,null,null,0.00152925
0.993097,0.0147684,null,null,null
0.151265,null,-0.168208,null,null
-0.010462,null,null,0.0411931,null
0.00836959,null,null,null,-0.001032
0.992834,0.0156856,null,null,null
0.152149,null,-0.163006,null,null
-0.110153,null,null,-0.0474782,null
0.00610492,null,null,null,0.00148531
0.993038,0.00869861,null,null,null
0.108069,null,-0.195862,null,null
-0.0883374,null,null,-0.0819146,null
0.00460984,null,null,null,-0.000569909
0.992961,0.0085726,null,null,null
0.165771,null,-0.237412,null,null
-0.0638766,null,null,-0.130224,null
0.004888,null,null,null,-7.98974e-05
0.992966,0.0129395,null,null,null
0.127609,null,-0.255289,null,null
-0.0543966,null,null,-0.176001,null
0.00177344,null,null,null,0.00186159
0.992965,0.00941974,null,null,null
0.135586,null,-0.270644,null,null
-0.0335374,null,null,-0.252321,null
0.00475303,null,null,null,0.00151444
0.992947,0.00533021,null,null,null
0.108486,null,-0.286938,null,null
-0.0415833,null,null,-0.185603,null
0.00554414,null,null,null,0.000928838
0.992977,0.000573631,null,null,null
0.0700656,null,-0.304499,null,null
-0.0795371,null,null,-0.163034,null
0.00158299,null,null,null,-0.000190592
0.993088,0.00754777,null,null,null
0.0323069,null,-0.2704,null,null
-0.0404601,null,null,-0.192862,null
0.00423867,null,null,null,0.00676959
0.993038,0.00811361,null,null,null
0.00871335,null,-0.188006,null,null
-0.0971206,null,null,-0.184141,null
0.00489081,null,null,null,1.05243e-05
0.992966,0.0126573,null,null,null
0.00626237,null,-0.208069,null,null
-0.0604451,null,null,-0.225637,null
-0.00114912,null,null,null,0.00243429
0.99294,0.016339,null,null,null
0.0336619,null,-0.262966,null,null
-0.015818,null,null,-0.213477,null
4.7211e-05,null,null,null,-0.00103245
0.992827,0.0152512,null,null,null
0.056258,null,-0.329526,null,null
-0.0237089,null,null,-0.206946,null
-0.000425101,null,null,null,-0.00331925
0.992827,0.0152512,null,null,null
0.056258,null,-0.329526,null,null
-0.0237089,null,null,-0.206946,null
-0.000425101,null,null,null,-0.00331925
0.992924,0.0183791,null,null,null
0.00540374,null,-0.307621,null,null
-0.0525824,null,null,-0.225106,null
0.00792341,null,null,null,-0.00340471
0.992924,0.0183791,null,null,null
0.00540374,null,-0.307621,null,null
-0.0525824,null,null,-0.225106,null
0.00792341,null,null,null,-0.00340471
0.992629,0.0188111,null,null,null
0.0264447,null,-0.268851,null,null
-0.131444,null,null,-0.223674,null
-0.00310425,null,null,null,4.13291e-05
0.992897,0.020802,null,null,null
0.0645344,null,-0.38036,null,null
-0.129265,null,null,-0.176779,null
-0.00183751,null,null,null,0.00374806
0.992897,0.020802,null,null,null
0.0645344,null,-0.38036,null,null
-0.129265,null,null,-0.176779,null
-0.00183751,null,null,null,0.00374806
0.992703,0.027568,null,null,null
0.043923,null,-0.36364,null,null
-0.160461,null,null,-0.172448,null
-0.000480981,null,null,null,-0.00464349
0.992746,0.0228329,null,null,null
0.0285044,null,-0.363261,null,null
-0.117213,null,null,-0.135329,null
0.000944511,null,null,null,0.00212255
0.992841,0.0145385,null,null,null
0.0224331,null,-0.40844,null,null
-0.0547664,null,null,-0.098785,null
0.000430984,null,null,null,0.00654016
0.993085,0.00951217,null,null,null
0.0868449,null,-0.429789,null,null
-0.0210521,null,null,-0.133666,null
0.00231245,null,null,null,0.00375091
0.993085,0.00951217,null,null,null
0.0868449,null,-0.429789,null,null
-0.0210521,null,null,-0.133666,null
0.00231245,null,null,null,0.00375091
0.993014,0.0107705,null,null,null
0.0415994,null,-0.361747,null,null
-0.0289951,null,null,-0.0986635,null
0.00127409,null,null,null,0.00169151
0.993026,0.0148726,null,null,null
0.0895211,null,-0.407614,null,null
-0.103167,null,null,-0.113872,null
-0.000703373,null,null,null,0.0033309
0.993,0.0117199,null,null,null
0.110941,null,-0.384581,null,null
-0.183334,null,null,-0.109362,null
0.00216823,null,null,null,0.0012833
0.993024,0.00874072,null,null,null
0.14498,null,-0.371284,null,null
-0.139088,null,null,-0.101711,null
-0.00104608,null,null,null,0.0031936
0.992995,0.00038888,null,null,null
0.169423,null,-0.335052,null,null
-0.172118,null,null,-0.091404,null
-0.00330195,null,null,null,0.00269341
0.992971,-0.00631185,null,null,null
0.205011,null,-0.382944,null,null
-0.212597,null,null,-0.0595085,null
0.00277156,null,null,null,0.00610144
0.992868,-0.00424744,null,null,null
0.175895,null,-0.35579,null,null
-0.227912,null,null,-0.111772,null
0.00362356,null,null,null,0.000922547
0.992845,-0.000725326,null,null,null
0.244083,null,-0.397671,null,null
-0.205015,null,null,-0.0587755,null
-0.000499129,null,null,null,0.00443209
0.992973,0.0027934,null,null,null
0.28459,null,-0.363091,null,null
-0.203711,null,null,-0.0787768,null
0.00304711,null,null,null,0.00180651
0.992819,0.00245831,null,null,null
0.28356,null,-0.396836,null,null
-0.1677,null,null,-0.0177485,null
0.0102966,null,null,null,0.00049814
0.992819,0.00245831,null,null,null
0.28356,null,-0.396836,null,null
-0.1677,null,null,-0.0177485,null
0.0102966,null,null,null,0.00049814
0.992819,0.00245831,null,null,null
0.28356,null,-0.396836,null,null
-0.1677,null,null,-0.0177485,null
0.0102966,null,null,null,0.00049814
0.992819,0.00245831,null,null,null
0.28356,null,-0.396836,null,null
-0.1677,null,null,-0.0177485,null
0.0102966,null,null,null,0.00049814
0.992624,0.00377752,null,null,null
0.260881,null,-0.409615,null,null
-0.162331,null,null,-0.0909269,null
0.00701693,null,null,null,-0.000424205
0.992624,0.00377752,null,null,null
0.260881,null,-0.409615,null,null
-0.162331,null,null,-0.0909269,null
0.00701693,null,null,null,-0.000424205
0.992642,0.00542986,null,null,null
0.282457,null,-0.365475,null,null
-0.222346,null,null,-0.107094,null
0.000765071,null,null,null,-0.00277737
0.992725,0.00150454,null,null,null
0.268416,null,-0.428576,null,null
-0.154375,null,null,-0.0771061,null
-0.00270498,null,null,null,-0.00631354
0.99296,0.0032587,null,null,null
0.329018,null,-0.293884,null,null
-0.117003,null,null,-0.0310876,null
-0.0019508,null,null,null,-0.00047532
0.992939,0.00684084,null,null,null
0.339916,null,-0.344861,null,null
-0.148724,null,null,-0.0757796,null
0.0024276,null,null,null,-0.000619396
0.992859,0.0096345,null,null,null
0.3893,null,-0.27746,null,null
-0.195302,null,null,-0.0773534,null
0.00337004,null,null,null,0.00226965
0.992859,0.0096345,null,null,null
0.3893,null,-0.27746,null,null
-0.195302,null,null,-0.0773534,null
0.00337004,null,null,null,0.00226965
0.992846,0.011111,null,null,null
0.401301,null,-0.209342,null,null
-0.195046,null,null,-0.0331676,null
0.00373457,null,null,null,0.00174011
0.99301,0.0144906,null,null,null
0.391767,null,-0.132651,null,null
-0.26593,null,null,-0.0757259,null
0.00367608,null,null,null,-0.000956458
0.992925,0.0149882,null,null,null
0.419279,null,-0.192425,null,null
-0.192504,null,null,-0.122094,null
-0.000919349,null,null,null,-0.00302483
0.992925,0.0149882,null,null,null
0.419279,null,-0.192425,null,null
-0.192504,null,null,-0.122094,null
-0.000919349,null,null,null,-0.00302483
0.992925,0.0149882,null,null,null
0.419279,null,-0.192425,null,null
-0.192504,null,null,-0.122094,null
-0.000919349,null,null,null,-0.00302483
0.992746,0.0130629,null,null,null
0.369532,null,-0.251365,null,null
-0.135401,null,null,-0.114819,null
-0.000681043,null,null,null,-0.00316321
0.992938,0.0113209,null,null,null
0.36402,null,-0.205467,null,null
-0.122976,null,null,-0.167728,null
0.00589206,null,null,null,-0.00418655
0.99282,0.0108321,null,null,null
0.424889,null,-0.279174,null,null
-0.120299,null,null,-0.157015,null
-0.00253237,null,null,null,-0.0111073
0.992925,0.0176465,null,null,null
0.425541,null,-0.232379,null,null
-0.149406,null,null,-0.148524,null
-0.00764164,null,null,null,0.00156159
0.992918,0.022017,null,null,null
0.360651,null,-0.161435,null,null
-0.161916,null,null,-0.189263,null
-0.00336487,null,null,null,0.00302784
0.993044,0.0174548,null,null,null
0.355105,null,-0.238169,null,null
-0.113865,null,null,-0.213444,null
0.00230479,null,null,null,0.0027033
0.99302,0.0147906,null,null,null
0.355992,null,-0.272705,null,null
-0.112794,null,null,-0.197876,null
0.00690203,null,null,null,-0.00188978
0.993146,0.0152174,null,null,null
0.370082,null,-0.255437,null,null
-0.114885,null,null,-0.193977,null
0.00089586,null,null,null,-0.0048052
0.993146,0.0152174,null,null,null
0.370082,null,-0.255437,null,null
-0.114885,null,null,-0.193977,null
0.00089586,null,null,null,-0.0048052
0.99309,0.0150907,null,null,null
0.372505,null,-0.33287,null,null
-0.065113,null,null,-0.133961,null
-0.00118042,null,null,null,0.000280078
0.992777,0.0243678,null,null,null
0.367496,null,-0.317574,null,null
-0.152169,null,null,-0.163451,null
0.00121543,null,null,null,0.00288852
0.992777,0.0243678,null,null,null
0.367496,null,-0.317574,null,null
-0.152169,null,null,-0.163451,null
0.00121543,null,null,null,0.00288852
0.992622,0.0305091,null,null,null
0.321277,null,-0.272966,null,null
-0.122115,null,null,-0.21597,null
-0.00212337,null,null,null,0.00291863
0.992622,0.0305091,null,null,null
0.321277,null,-0.272966,null,null
-0.122115,null,null,-0.21597,null
-0.00212337,null,null,null,0.00291863
0.992605,0.0304405,null,null,null
0.398039,null,-0.265366,null,null
-0.173834,null,null,-0.253594,null
0.003465,null,null,null,0.00237314
0.992518,0.0322824,null,null,null
0.379741,null,-0.217364,null,null
-0.0915909,null,null,-0.274285,null
-0.0017529,null,null,null,0.000957949
0.99236,0.0360617,null,null,null
0.423787,null,-0.261286,null,null
-0.0648797,null,null,-0.306546,null
-0.000783511,null,null,null,-0.0020591
0.99238,0.035304,null,null,null
0.313249,null,-0.135875,null,null
-0.0710886,null,null,-0.296829,null
0.00120382,null,null,null,0.0044753
0.992454,0.0304036,null,null,null
0.361586,null,-0.260568,null,null
-0.00476506,null,null,-0.242521,null
0.00318662,null,null,null,-0.00509109
0.992659,0.0246493,null,null,null
0.382079,null,-0.277181,null,null
0.0738269,null,null,-0.27231,null
-0.0020061,null,null,null,-0.00220739
0.992733,0.0246523,null,null,null
0.320484,null,-0.273352,null,null
0.000896001,null,null,-0.265618,null
0.00607774,null,null,null,-0.0018986
0.992494,0.0293342,null,null,null
0.409625,null,-0.212821,null,null
-0.0124138,null,null,-0.201671,null
0.00322021,null,null,null,-0.00122543
0.992452,0.0323326,null,null,null
0.36417,null,-0.283956,null,null
-0.0945466,null,null,-0.250385,null
-0.00142196,null,null,null,0.00264204
0.992378,0.0356526,null,null,null
0.344625,null,-0.259821,null,null
-0.102347,null,null,-0.231167,null
-0.0044548,null,null,null,0.00102772
0.992378,0.0356526,null,null,null
0.344625,null,-0.259821,null,null
-0.102347,null,null,-0.231167,null
-0.0044548,null,null,null,0.00102772
0.992298,0.0351594,null,null,null
0.454539,null,-0.237514,null,null
-0.14036,null,null,-0.20124,null
0.00592571,null,null,null,0.00322389
0.992387,0.0356802,null,null,null
0.430651,null,-0.194933,null,null
-0.118748,null,null,-0.277245,null
0.00357346,null,null,null,0.0045693
0.992258,0.0382361,null,null,null
0.42258,null,-0.157396,null,null
-0.0602927,null,null,-0.256096,null
0.000650217,null,null,null,-0.000762274
0.992211,0.0395757,null,null,null
0.408075,null,-0.148842,null,null
0.0200318,null,null,-0.279674,null
-0.00296661,null,null,null,0.00146245
0.991947,0.0446766,null,null,null
0.389433,null,-0.163859,null,null
0.00481587,null,null,-0.261985,null
0.00223281,null,null,null,0.00162311
0.992337,0.0414798,null,null,null
0.388412,null,-0.206541,null,null
-0.0693136,null,null,-0.227675,null
-0.00209452,null,null,null,0.0030695
0.992298,0.0412109,null,null,null
0.396364,null,-0.25128,null,null
-0.120322,null,null,-0.217485,null
0.000460234,null,null,null,0.000894609
0.992284,0.0379796,null,null,null
0.383446,null,-0.304114,null,null
-0.136625,null,null,-0.238946,null
0.000435534,null,null,null,0.00292981
0.992441,0.0301256,null,null,null
0.40753,null,-0.28295,null,null
-0.112829,null,null,-0.24388,null
-0.00176823,null,null,null,0.00504999
0.992441,0.0301256,null,null,null
0.40753,null,-0.28295,null,null
-0.112829,null,null,-0.24388,null
-0.00176823,null,null,null,0.00504999
0.992339,0.035311,null,null,null
0.375422,null,-0.241236,null,null
-0.10148,null,null,-0.220055,null
-0.00205739,null,null,null,0.00510362
0.992339,0.035311,null,null,null
0.375422,null,-0.241236,null,null
-0.10148,null,null,-0.220055,null
-0.00205739,null,null,null,0.00510362
0.992436,0.0331658,null,null,null
0.359907,null,-0.249789,null,null
-0.143748,null,null,-0.237666,null
0.00608773,null,null,null,0.000108525
0.992614,0.026275,null,null,null
0.329521,null,-0.305007,null,null
-0.0924979,null,null,-0.25152,null
0.00441586,null,null,null,-0.00736935
0.992614,0.026275,null,null,null
0.329521,null,-0.305007,null,null
-0.0924979,null,null,-0.25152,null
0.00441586,null,null,null,-0.00736935
0.992614,0.026275,null,null,null
0.329521,null,-0.305007,null,null
-0.0924979,null,null,-0.25152,null
0.00441586,null,null,null,-0.00736935
0.992614,0.026275,null,null,null
0.329521,null,-0.305007,null,null
-0.0924979,null,null,-0.25152,null
0.00441586,null,null,null,-0.00736935
0.992764,0.0268493,null,null,null
0.37637,null,-0.281781,null,null
-0.165334,null,null,-0.303379,null
0.000433846,null,null,null,-0.00216199
0.992683,0.0287727,null,null,null
0.282355,null,-0.275369,null,null
-0.136415,null,null,-0.307796,null
-0.00275234,null,null,null,-0.0050653
0.992683,0.0287727,null,null,null
0.282355,null,-0.275369,null,null
-0.136415,null,null,-0.307796,null
-0.00275234,null,null,null,-0.0050653
0.992806,0.0269459,null,null,null
0.293535,null,-0.23293,null,null
-0.154324,null,null,-0.278556,null
-0.00222969,null,null,null,-0.00281354
0.992491,0.0354585,null,null,null
0.228655,null,-0.259223,null,null
-0.164471,null,null,-0.298167,null
0.00117081,null,null,null,0.000212909
0.992339,0.036821,null,null,null
0.233265,null,-0.276074,null,null
-0.187518,null,null,-0.27113,null
0.00177879,null,null,null,-0.00129787
0.992429,0.030585,null,null,null
0.244395,null,-0.300565,null,null
-0.20175,null,null,-0.250525,null
0.00380063,null,null,null,0.000126631
0.992369,0.0322456,null,null,null
0.223853,null,-0.345619,null,null
-0.241664,null,null,-0.309038,null
0.000340425,null,null,null,0.000305035
0.992525,0.026486,null,null,null
0.207349,null,-0.290916,null,null
-0.279278,null,null,-0.261546,null
-0.00127501,null,null,null,-0.00161315
0.992402,0.0217486,null,null,null
0.220586,null,-0.275687,null,null
-0.331962,null,null,-0.282096,null
-0.00128466,null,null,null,0.000445085
0.992637,0.0166421,null,null,null
0.202572,null,-0.342126,null,null
-0.272923,null,null,-0.232189,null
-0.00397905,null,null,null,-0.00342144
0.992786,0.0202716,null,null,null
0.168049,null,-0.261135,null,null
-0.316453,null,null,-0.333193,null
0.000584494,null,null,null,-0.00472486
0.992726,0.0138494,null,null,null
0.160999,null,-0.294461,null,null
-0.318121,null,null,-0.2837,null
-5.99063e-05,null,null,null,0.00231475
0.992781,0.0156655,null,null,null
0.146455,null,-0.245404,null,null
-0.303903,null,null,-0.294984,null
-0.000845337,null,null,null,-0.000294026
0.992738,0.0127649,null,null,null
0.16342,null,-0.271643,null,null
-0.408619,null,null,-0.327292,null
0.00118843,null,null,null,-0.00191801
0.99281,0.0126899,null,null,null
0.130395,null,-0.311969,null,null
-0.297126,null,null,-0.352531,null
0.00291675,null,null,null,0.00216371
0.992712,0.00683206,null,null,null
0.0583785,null,-0.297862,null,null
-0.232699,null,null,-0.403954,null
0.00218483,null,null,null,-0.00362935
0.992712,0.00683206,null,null,null
0.0583785,null,-0.297862,null,null
-0.232699,null,null,-0.403954,null
0.00218483,null,null,null,-0.00362935
0.992701,0.00709194,null,null,null
0.0375187,null,-0.333481,null,null
-0.141651,null,null,-0.424426,null
0.0018668,null,null,null,-0.0022059
0.992738,0.00709036,null,null,null
0.0338686,null,-0.330778,null,null
-0.171379,null,null,-0.390331,null
0.0070686,null,null,null,0.00573905
0.992744,0.00486518,null,null,null
0.0210405,null,-0.32242,null,null
-0.0776265,null,null,-0.432737,null
0.00026648,null,null,null,0.0054341
0.992826,0.00167358,null,null,null
0.0136583,null,-0.249252,null,null
-0.081802,null,null,-0.411336,null
-0.000800251,null,null,null,0.00305126
0.992779,-0.000691244,null,null,null
0.02241,null,-0.309408,null,null
-0.0330229,null,null,-0.404899,null
0.000507484,null,null,null,0.00809304
0.992779,-0.000691244,null,null,null
0.02241,null,-0.309408,null,null
-0.0330229,null,null,-0.404899,null
0.000507484,null,null,null,0.00809304
0.992779,-0.000691244,null,null,null
0.02241,null,-0.309408,null,null
-0.0330229,null,null,-0.404899,null
0.000507484,null,null,null,0.00809304
0.992797,0.00675765,null,null,null
0.0497182,null,-0.31575,null,null
-0.0139086,null,null,-0.42391,null
-0.00399071,null,null,null,0.00923854
0.992797,0.00675765,null,null,null
0.0497182,null,-0.31575,null,null
-0.0139086,null,null,-0.42391,null
-0.00399071,null,null,null,0.00923854
0.992797,0.00675765,null,null,null
0.0497182,null,-0.31575,null,null
-0.0139086,null,null,-0.42391,null
-0.00399071,null,null,null,0.00923854
0.992999,0.00172248,null,null,null
0.0534603,null,-0.244736,null,null
-0.100255,null,null,-0.461062,null
0.00102886,null,null,null,0.00867819
0.992992,0.00982699,null,null,null
0.0708891,null,-0.259475,null,null
-0.0597514,null,null,-0.474095,null
-0.0055151,null,null,null,0.00601231
0.992912,0.00999874,null,null,null
0.0964982,null,-0.255298,null,null
-0.0388614,null,null,-0.522029,null
-0.00102897,null,null,null,0.00363464
0.993025,0.00588277,null,null,null
0.139994,null,-0.256049,null,null
-0.046564,null,null,-0.517535,null
-0.00546785,null,null,null,0.00579044
0.993019,0.00784494,null,null,null
0.123156,null,-0.255661,null,null
-0.08669,null,null,-0.478911,null
0.00519696,null,null,null,0.00449433
0.993009,0.00662784,null,null,null
0.0967191,null,-0.241193,null,null
-0.096199,null,null,-0.452256,null
0.000532529,null,null,null,0.000140824
0.99301,0.00434218,null,null,null
0.113176,null,-0.275527,null,null
-0.0655769,null,null,-0.487906,null
0.00142848,null,null,null,0.000773847
0.992982,0.00751465,null,null,null
0.15157,null,-0.287786,null,null
0.0425204,null,null,-0.44949,null
-0.000180936,null,null,null,-0.000730393
0.993136,0.00572724,null,null,null
0.147455,null,-0.24697,null,null
0.0443575,null,null,-0.449056,null
0.00574607,null,null,null,-0.00257115
0.993154,0.00733497,null,null,null
0.163935,null,-0.228414,null,null
0.0386959,null,null,-0.476416,null
0.0031365,null,null,null,0.00140179
0.993194,0.00425754,null,null,null
0.100763,null,-0.272615,null,null
0.127397,null,null,-0.44516,null
0.00108079,null,null,null,0.000475464
0.993097,0.00309716,null,null,null
0.108515,null,-0.285417,null,null
0.13796,null,null,-0.430235,null
0.00343845,null,null,null,0.000662306
0.993096,0.00283987,null,null,null
0.156476,null,-0.202995,null,null
0.11019,null,null,-0.348191,null
-0.000316317,null,null,null,-0.00147385
0.993045,3.90965e-05,null,null,null
0.120857,null,-0.230114,null,null
0.0997046,null,null,-0.411965,null
-0.00195991,null,null,null,-0.00275236
0.99291,-0.0054243,null,null,null
0.152922,null,-0.256325,null,null
0.206375,null,null,-0.371818,null
0.00285546,null,null,null,-0.00683024
0.993015,9.95963e-05,null,null,null
0.195501,null,-0.21271,null,null
0.19066,null,null,-0.352879,null
-0.00250331,null,null,null,-0.00438835
0.992932,0.00361882,null,null,null
0.15826,null,-0.209682,null,null
0.231685,null,null,-0.336735,null
-0.00121596,null,null,null,-0.0056536
0.992929,0.00530007,null,null,null
0.162302,null,-0.23658,null,null
0.261679,null,null,-0.320469,null
0.00141134,null,null,null,-0.00909958
0.992809,0.0058464,null,null,null
0.206998,null,-0.265493,null,null
0.209286,null,null,-0.318657,null
0.00211624,null,null,null,-0.00532248
0.992851,0.00890686,null,null,null
0.179481,null,-0.251103,null,null
0.172784,null,null,-0.346762,null
-0.00115897,null,null,null,-0.00283119
0.992962,0.00810011,null,null,null
0.156903,null,-0.156913,null,null
0.165044,null,null,-0.389401,null
-0.000955631,null,null,null,-0.00043238
0.992857,0.00959904,null,null,null
0.110089,null,-0.168171,null,null
0.171863,null,null,-0.443131,null
-0.00488249,null,null,null,0.00404306
0.992984,0.00435003,null,null,null
0.103615,null,-0.13208,null,null
0.207434,null,null,-0.354807,null
-0.00397767,null,null,null,0.00177236
0.993126,-0.00110956,null,null,null
0.134227,null,-0.141811,null,null
0.16641,null,null,-0.378055,null
-0.00421345,null,null,null,-0.00171074
0.993235,0.000670003,null,null,null
0.151377,null,-0.221144,null,null
0.114257,null,null,-0.39978,null
-7.87611e-05,null,null,null,0.00245232
0.993235,0.000670003,null,null,null
0.151377,null,-0.221144,null,null
0.114257,null,null,-0.39978,null
-7.87611e-05,null,null,null,0.00245232
0.993235,0.000670003,null,null,null
0.151377,null,-0.221144,null,null
0.114257,null,null,-0.39978,null
-7.87611e-05,null,null,null,0.00245232
0.993235,0.000670003,null,null,null
0.151377,null,-0.221144,null,null
0.114257,null,null,-0.39978,null
-7.87613e-05,null,null,null,0.00245232
0.993235,0.000670003,null,null,null
0.151377,null,-0.221144,null,null
0.114257,null,null,-0.39978,null
-7.87613e-05,null,null,null,0.00245232
0.993093,-0.000683846,null,null,null
0.121648,null,-0.18727,null,null
0.0783418,null,null,-0.424574,null
0.00141321,null,null,null,-0.00371902
0.993093,-0.000683846,null,null,null
0.121648,null,-0.18727,null,null
0.0783418,null,null,-0.424574,null
0.00141321,null,null,null,-0.00371902
0.992968,-0.00401847,null,null,null
0.119197,null,-0.181771,null,null
0.0941054,null,null,-0.383142,null
0.00263562,null,null,null,-0.00389483
0.99288,0.000198298,null,null,null
0.134642,null,-0.196217,null,null
0.106269,null,null,-0.419105,null
0.00333751,null,null,null,-0.00619308
0.992926,0.00980764,null,null,null
0.147638,null,-0.16531,null,null
0.0552785,null,null,-0.434262,null
-0.00201241,null,null,null,0.001689
0.992964,0.00781472,null,null,null
0.106781,null,-0.146803,null,null
0.0313367,null,null,-0.387511,null
-0.00041662,null,null,null,-0.00133662
0.992873,0.0059839,null,null,null
0.0869179,null,-0.20827,null,null
-0.00820844,null,null,-0.338332,null
-0.00124686,null,null,null,0.000786418
0.99287,0.00854604,null,null,null
0.069878,null,-0.251086,null,null
-0.0574839,null,null,-0.342268,null
0.000494063,null,null,null,0.000389796
0.993003,0.00562619,null,null,null
0.0598767,null,-0.270415,null,null
-0.0560283,null,null,-0.338093,null
-0.000759595,null,null,null,0.0081002
0.993003,0.00562619,null,null,null
0.0598767,null,-0.270415,null,null
-0.0560283,null,null,-0.338093,null
-0.000759595,null,null,null,0.0081002
0.993001,0.00524486,null,null,null
0.13775,null,-0.187319,null,null
-0.130036,null,null,-0.303914,null
-0.000150276,null,null,null,-0.00102842
0.992775,0.00484196,null,null,null
0.161796,null,-0.148816,null,null
-0.140755,null,null,-0.304229,null
0.00241856,null,null,null,0.00139229
0.993044,-0.000200537,null,null,null
0.157073,null,-0.0708136,null,null
-0.142912,null,null,-0.30438,null
-0.000927354,null,null,null,-0.00331524
0.993044,-0.000200537,null,null,null
0.157073,null,-0.0708136,null,null
-0.142912,null,null,-0.30438,null
-0.000927354,null,null,null,-0.00331524
0.993012,-0.00142831,null,null,null
0.217206,null,-0.101723,null,null
-0.168586,null,null,-0.314324,null
-0.000961093,null,null,null,-0.00700171
0.993109,0.00205386,null,null,null
0.271575,null,-0.0948849,null,null
-0.168513,null,null,-0.295793,null
-0.00331745,null,null,null,-0.00174276
0.992984,0.00548139,null,null,null
0.169297,null,-0.0748161,null,null
-0.196378,null,null,-0.310691,null
-0.00151502,null,null,null,0.00328766
0.993035,0.00482165,null,null,null
0.20989,null,-0.0217011,null,null
-0.156257,null,null,-0.347379,null
-0.000212478,null,null,null,0.00250731
0.992844,0.0114287,null,null,null
0.23926,null,-0.0808919,null,null
-0.145959,null,null,-0.355766,null
-0.000984757,null,null,null,0.00457301
0.992932,0.00484314,null,null,null
0.248485,null,-0.11184,null,null
-0.109334,null,null,-0.300702,null
-0.00228506,null,null,null,0.0057728
0.992975,0.00426899,null,null,null
0.232475,null,-0.0807164,null,null
-0.10515,null,null,-0.19386,null
-0.0034806,null,null,null,0.00525659
0.992925,0.0146105,null,null,null
0.210545,null,-0.0451498,null,null
-0.049858,null,null,-0.324008,null
-0.006479,null,null,null,0.00381607
0.992842,0.0158651,null,null,null
0.230403,null,-0.00904173,null,null
-0.0616281,null,null,-0.320025,null
-0.0023323,null,null,null,0.0020918
0.992842,0.0158651,null,null,null
0.230403,null,-0.00904173,null,null
-0.0616281,null,null,-0.320025,null
-0.0023323,null,null,null,0.0020918
0.992991,0.0120279,null,null,null
0.203286,null,-0.000209346,null,null
-0.104059,null,null,-0.305567,null
-0.00350965,null,null,null,0.00708233
0.992975,0.0141296,null,null,null
0.286131,null,0.0668983,null,null
-0.0920981,null,null,-0.266044,null
-0.000346575,null,null,null,0.00210234
0.992975,0.0141296,null,null,null
0.286131,null,0.0668983,null,null
-0.0920981,null,null,-0.266044,null
-0.000346575,null,null,null,0.00210234
0.992856,0.018349,null,null,null
0.245748,null,0.00170674,null,null
-0.0748876,null,null,-0.313781,null
-0.00157491,null,null,null,0.00550451
0.992897,0.0190978,null,null,null
0.223439,null,0.0525518,null,null
-0.0423248,null,null,-0.239795,null
0.00527163,null,null,null,0.00523455
0.992897,0.0190978,null,null,null
0.223439,null,0.0525518,null,null
-0.0423248,null,null,-0.239795,null
0.00527163,null,null,null,0.00523455
0.992897,0.0190978,null,null,null
0.223439,null,0.0525518,null,null
-0.0423248,null,null,-0.239795,null
0.00527163,null,null,null,0.00523455
0.992759,0.0259709,null,null,null
0.274778,null,0.0388556,null,null
-0.0761565,null,null,-0.298326,null
0.00146896,null,null,null,0.00898006
0.992719,0.0243405,null,null,null
0.337484,null,0.0633284,null,null
-0.0441703,null,null,-0.266628,null
-0.00098342,null,null,null,0.00603614
0.992719,0.0243405,null,null,null
0.337484,null,0.0633284,null,null
-0.0441703,null,null,-0.266628,null
-0.00098342,null,null,null,0.00603614
0.992648,0.0328939,null,null,null
0.308286,null,0.0248355,null,null
-0.0489434,null,null,-0.252445,null
0.00334131,null,null,null,-0.000256763
0.992428,0.0344441,null,null,null
0.29699,null,-0.0147707,null,null
-0.0695117,null,null,-0.317899,null
0.00252889,null,null,null,0.00126999
0.992341,0.0292625,null,null,null
0.338541,null,-0.0901395,null,null
-0.0124746,null,null,-0.256958,null
-0.0021664,null,null,null,0.00285529
0.992639,0.0265866,null,null,null
0.306032,null,-0.115587,null,null
-0.037856,null,null,-0.290341,null
-0.00308808,null,null,null,0.0012862
0.992639,0.0265866,null,null,null
0.306032,null,-0.115587,null,null
-0.037856,null,null,-0.290341,null
-0.00308808,null,null,null,0.00128621
0.992839,0.0241544,null,null,null
0.216396,null,-0.206874,null,null
0.0836448,null,null,-0.236435,null
-0.00237051,null,null,null,-0.000820255
0.992809,0.0222445,null,null,null
0.265124,null,-0.191676,null,null
-0.00809374,null,null,-0.360482,null
-0.00735346,null,null,null,-0.00526346
0.99281,0.0191481,null,null,null
0.274815,null,-0.211062,null,null
-0.0405584,null,null,-0.321387,null
-0.00515329,null,null,null,0.000180941
0.992816,0.0201689,null,null,null
0.307262,null,-0.204534,null,null
-0.0668067,null,null,-0.249895,null
-0.0061831,null,null,null,0.00191935
0.992816,0.0201689,null,null,null
0.307262,null,-0.204534,null,null
-0.0668067,null,null,-0.249895,null
-0.0061831,null,null,null,0.00191935
0.992841,0.0216595,null,null,null
0.350824,null,-0.292734,null,null
-0.134926,null,null,-0.244413,null
-0.00332866,null,null,null,-0.000339803
0.992814,0.020186,null,null,null
0.305963,null,-0.287874,null,null
-0.113995,null,null,-0.203733,null
-5.28362e-05,null,null,null,0.00235626
0.992859,0.02293,null,null,null
0.20118,null,-0.294712,null,null
-0.167079,null,null,-0.229354,null
-0.00285682,null,null,null,0.00415764
0.99296,0.0184631,null,null,null
0.278899,null,-0.27563,null,null
-0.215604,null,null,-0.221153,null
-0.00123926,null,null,null,0.00263004
0.993021,0.0157874,null,null,null
0.201839,null,-0.265713,null,null
-0.155569,null,null,-0.23926,null
-0.00326303,null,null,null,-0.000871453
0.993039,0.0161959,null,null,null
0.226837,null,-0.235272,null,null
-0.125655,null,null,-0.228552,null
-0.00790841,null,null,null,0.000308635
0.992999,0.0170965,null,null,null
0.20754,null,-0.17394,null,null
-0.197618,null,null,-0.228213,null
0.00260255,null,null,null,-0.00218085
0.992989,0.0122343,null,null,null
0.261469,null,-0.206909,null,null
-0.165514,null,null,-0.147253,null
-0.000898707,null,null,null,0.00167949
0.992989,0.0122343,null,null,null
0.261469,null,-0.206909,null,null
-0.165514,null,null,-0.147253,null
-0.000898707,null,null,null,0.00167949
0.992989,0.0122343,null,null,null
0.261469,null,-0.206909,null,null
-0.165514,null,null,-0.147253,null
-0.000898707,null,null,null,0.00167949
0.992989,0.0122343,null,null,null
0.261469,null,-0.206909,null,null
-0.165514,null,null,-0.147253,null
-0.000898707,null,null,null,0.00167949
0.992953,0.00872724,null,null,null
0.258904,null,-0.179755,null,null
-0.11613,null,null,-0.17013,null
0.00150233,null,null,null,0.000429704
0.992977,0.00576049,null,null,null
0.236754,null,-0.173471,null,null
-0.0341294,null,null,-0.162661,null
-0.00262233,null,null,null,-0.00352616
0.992977,0.00576049,null,null,null
0.236754,null,-0.173471,null,null
-0.0341294,null,null,-0.162661,null
-0.00262233,null,null,null,-0.00352616
0.99303,-0.000684434,null,null,null
0.220486,null,-0.214069,null,null
-0.0825041,null,null,-0.111782,null
0.0045136,null,null,null,0.00274327
0.99303,-0.000684434,null,null,null
0.220486,null,-0.214069,null,null
-0.0825041,null,null,-0.111782,null
0.0045136,null,null,null,0.00274327
0.99303,-0.00109302,null,null,null
0.267147,null,-0.20294,null,null
-0.10958,null,null,-0.122527,null
0.00255232,null,null,null,0.00792982
0.99303,-0.00109302,null,null,null
0.267147,null,-0.20294,null,null
-0.10958,null,null,-0.122527,null
0.00255232,null,null,null,0.00792982
0.992842,-0.00155525,null,null,null
0.272434,null,-0.178509,null,null
-0.0577358,null,null,-0.102553,null
0.000883171,null,null,null,0.00240653
0.992899,0.00126885,null,null,null
0.27334,null,-0.227714,null,null
-0.0505077,null,null,-0.141517,null
-0.00429242,null,null,null,-0.00746744
0.992892,0.00160309,null,null,null
0.247914,null,-0.20474,null,null
-0.0522385,null,null,-0.1649,null
0.0043704,null,null,null,-0.00462804
0.992892,0.00160309,null,null,null
0.247914,null,-0.20474,null,null
-0.0522385,null,null,-0.1649,null
0.0043704,null,null,null,-0.00462804
0.992892,0.00160309,null,null,null
0.247914,null,-0.20474,null,null
-0.0522385,null,null,-0.1649,null
0.0043704,null,null,null,-0.00462804
0.992795,0.00315956,null,null,null
0.246706,null,-0.239723,null,null
-0.0110686,null,null,-0.162721,null
3.25721e-05,null,null,null,0.000840506
0.993054,-0.00234274,null,null,null
0.270788,null,-0.278118,null,null
-0.0416271,null,null,-0.199824,null
-0.000433584,null,null,null,-0.00194145
0.993055,-0.0017567,null,null,null
0.248647,null,-0.320068,null,null
-0.00434811,null,null,-0.208751,null
0.00353762,null,null,null,-0.00402248
0.993006,-0.00150231,null,null,null
0.260536,null,-0.317876,null,null
-0.0488176,null,null,-0.176906,null
-0.00111481,null,null,null,-0.00437416
0.992973,-0.00725339,null,null,null
0.252275,null,-0.35333,null,null
-0.0444525,null,null,-0.124822,null
0.00251365,null,null,null,-0.00247279
0.992996,-0.00352833,null,null,null
0.291244,null,-0.316648,null,null
-0.0520749,null,null,-0.181536,null
0.0103595,null,null,null,-0.0048341
0.992918,0.0003399,null,null,null
0.255775,null,-0.27244,null,null
-0.0373456,null,null,-0.186037,null
0.00529766,null,null,null,-0.00511404
0.992918,0.0003399,null,null,null
0.255775,null,-0.27244,null,null
-0.0373456,null,null,-0.186037,null
0.00529766,null,null,null,-0.00511404
0.993116,-0.00403245,null,null,null
0.278765,null,-0.283766,null,null
0.00969894,null,null,-0.124347,null
0.00189047,null,null,null,-0.00248041
0.99306,-0.00258284,null,null,null
0.242104,null,-0.343656,null,null
-0.000714901,null,null,-0.16028,null
-0.0028031,null,null,null,0.00026437
0.992964,-0.00166408,null,null,null
0.245104,null,-0.297884,null,null
0.0334897,null,null,-0.134054,null
0.0019662,null,null,null,-0.00163911
0.992974,-0.00242544,null,null,null
0.2764,null,-0.32392,null,null
-0.0453149,null,null,-0.12139,null
0.00375724,null,null,null,2.58892e-05
0.99314,-0.00409866,null,null,null
0.24977,null,-0.353733,null,null
0.0110872,null,null,-0.0802873,null
0.00047293,null,null,null,0.000709705
0.993116,-0.00570511,null,null,null
0.238583,null,-0.312551,null,null
-0.00332408,null,null,-0.0632235,null
0.00443666,null,null,null,0.00508726
0.993016,-0.00418604,null,null,null
0.287863,null,-0.311847,null,null
-0.0293307,null,null,-0.036048,null
-0.000927385,null,null,null,0.00404599
0.992979,-0.00528068,null,null,null
0.207594,null,-0.265851,null,null
-0.0591759,null,null,-0.0115192,null
0.00516875,null,null,null,-0.000765634
0.99294,0.000289846,null,null,null
0.328987,null,-0.25855,null,null
-0.0305206,null,null,0.0175449,null
0.00130251,null,null,null,-0.00130731
0.992918,-0.0057392,null,null,null
0.296613,null,-0.223035,null,null
-0.0823285,null,null,-0.00573678,null
0.000170311,null,null,null,-0.000878908
0.99286,-0.0101056,null,null,null
0.327441,null,-0.22893,null,null
-0.103777,null,null,0.022719,null
-0.00511988,null,null,null,0.000528035
0.99286,-0.0101056,null,null,null
0.327441,null,-0.22893,null,null
-0.103777,null,null,0.022719,null
-0.00511988,null,null,null,0.000528035
0.99286,-0.0101056,null,null,null
0.327441,null,-0.22893,null,null
-0.103777,null,null,0.022719,null
-0.00511988,null,null,null,0.000528035
0.99286,-0.0101056,null,null,null
0.327441,null,-0.22893,null,null
-0.103777,null,null,0.022719,null
-0.00511988,null,null,null,0.000528035
0.99286,-0.0101056,null,null,null
0.327441,null,-0.22893,null,null
-0.103777,null,null,0.022719,null
-0.00511988,null,null,null,0.000528035
0.992971,-0.00483286,null,null,null
0.302372,null,-0.229795,null,null
-0.118212,null,null,0.0491429,null
-0.00348715,null,null,null,0.000716851
0.993123,-0.00753294,null,null,null
0.349944,null,-0.227299,null,null
-0.134178,null,null,0.0061457,null
-0.004435,null,null,null,-0.00136575
0.993147,0.00155038,null,null,null
0.33896,null,-0.278514,null,null
-0.147462,null,null,-0.0285304,null
-0.00204356,null,null,null,2.74351e-05
0.993149,-0.00118756,null,null,null
0.321631,null,-0.270015,null,null
-0.127331,null,null,-0.0133009,null
-0.00431455,null,null,null,0.00048675
0.993108,-0.00526958,null,null,null
0.318459,null,-0.258541,null,null
-0.109656,null,null,-0.0420491,null
-0.00530378,null,null,null,0.00143953
0.993223,0.000861101,null,null,null
0.308638,null,-0.225905,null,null
-0.115663,null,null,-0.129226,null
-0.00126399,null,null,null,-0.00348497
0.993121,-0.00288834,null,null,null
0.283499,null,-0.262217,null,null
-0.15532,null,null,-0.0938251,null
-0.00127651,null,null,null,-0.0034034
0.993095,-0.00320336,null,null,null
0.33584,null,-0.187227,null,null
-0.0987872,null,null,-0.121074,null
-0.00419959,null,null,null,-0.0073372
0.992994,0.00150964,null,null,null
0.339815,null,-0.187979,null,null
-0.0908039,null,null,-0.158711,null
0.00261824,null,null,null,-0.00213489
0.992951,-0.00630326,null,null,null
0.310698,null,-0.226021,null,null
-0.129489,null,null,-0.157091,null
0.00597255,null,null,null,0.000678711
0.993025,-0.0132078,null,null,null
0.3148,null,-0.220071,null,null
-0.116346,null,null,-0.145567,null
0.00121169,null,null,null,-0.0012445
0.992986,-0.0128175,null,null,null
0.290025,null,-0.221346,null,null
-0.067013,null,null,-0.124469,null
-0.00104844,null,null,null,0.00226261
0.99288,-0.00981304,null,null,null
0.276334,null,-0.248369,null,null
-0.0605444,null,null,-0.14392,null
-0.00516315,null,null,null,0.00483476
0.99288,-0.00981304,null,null,null
0.276334,null,-0.248369,null,null
-0.0605444,null,null,-0.14392,null
-0.00516315,null,null,null,0.00483476
0.99291,-0.0102677,null,null,null
0.26571,null,-0.24518,null,null
-0.0938466,null,null,-0.0536159,null
-0.00180492,null,null,null,-0.00156414
0.993003,-0.0129311,null,null,null
0.27579,null,-0.24548,null,null
-0.0123518,null,null,-0.0847452,null
0.000191936,null,null,null,-0.000207229
0.993095,-0.00698546,null,null,null
0.335458,null,-0.271305,null,null
-0.0121468,null,null,-0.0248473,null
-0.000661425,null,null,null,-0.00060625
0.993161,-0.0130179,null,null,null
0.305565,null,-0.232692,null,null
-0.060948,null,null,-0.00269815,null
0.00426729,null,null,null,-0.00286216
0.99302,-0.0114112,null,null,null
0.268055,null,-0.272128,null,null
-0.000402277,null,null,0.0397231,null
8.41969e-05,null,null,null,0.00665826
0.992903,-0.0138291,null,null,null
0.30099,null,-0.128989,null,null
0.0241109,null,null,-0.022162,null
0.000458319,null,null,null,0.00418739
0.99286,-0.014464,null,null,null
0.299964,null,-0.134429,null,null
0.0183267,null,null,-0.0261042,null
0.00173845,null,null,null,0.00153516
0.992819,-0.0200997,null,null,null
0.234116,null,-0.153337,null,null
-0.012289,null,null,0.00825915,null
0.0040868,null,null,null,0.000491649
0.992618,-0.0184563,null,null,null
0.217128,null,-0.172077,null,null
-0.0473409,null,null,-0.0707114,null
0.000937592,null,null,null,0.00481011
0.99267,-0.0199249,null,null,null
0.3177,null,-0.17866,null,null
-0.0732161,null,null,-0.0653172,null
-0.0035469,null,null,null,0.00260079
0.992625,-0.0148557,null,null,null
0.283269,null,-0.178726,null,null
-0.0244129,null,null,-0.0701313,null
-0.00111926,null,null,null,-0.00626974
0.992633,-0.0106218,null,null,null
0.320266,null,-0.214535,null,null
-0.0117851,null,null,-0.0369167,null
-0.00373007,null,null,null,-0.00286081
0.992721,-0.009941,null,null,null
0.259614,null,-0.144615,null,null
-0.100845,null,null,0.0362082,null
0.000522906,null,null,null,-0.0039833
0.992892,-0.00790596,null,null,null
0.243236,null,-0.202536,null,null
-0.118813,null,null,-0.0615998,null
-0.00291754,null,null,null,0.00119949
0.992861,-0.00513852,null,null,null
0.252121,null,-0.21425,null,null
-0.10962,null,null,-0.0300175,null
-0.00392931,null,null,null,0.00107658
0.992861,-0.00513852,null,null,null
0.252121,null,-0.21425,null,null
-0.10962,null,null,-0.0300175,null
-0.00392931,null,null,null,0.00107658
0.993039,-0.0090666,null,null,null
0.288156,null,-0.164416,null,null
-0.178635,null,null,-0.0262742,null
-0.00355485,null,null,null,0.00285403
0.993032,-0.0125939,null,null,null
0.257198,null,-0.158676,null,null
-0.135316,null,null,-0.0395514,null
-0.006694,null,null,null,-0.00122598
0.99287,-0.010952,null,null,null
0.280434,null,-0.175461,null,null
-0.149504,null,null,-0.0575878,null
-0.00263744,null,null,null,0.001426
0.993024,-0.00296776,null,null,null
0.265022,null,-0.141505,null,null
-0.0667761,null,null,-0.113813,null
0.0044604,null,null,null,0.0061806
0.992768,-0.00181997,null,null,null
0.316394,null,-0.166921,null,null
-0.108864,null,null,-0.0430002,null
0.000829582,null,null,null,0.000241409
0.992908,-0.000237952,null,null,null
0.296786,null,-0.136643,null,null
-0.139153,null,null,-0.0323124,null
-0.00583559,null,null,null,-0.000289884
0.993058,-0.0068799,null,null,null
0.331126,null,-0.093399,null,null
-0.195074,null,null,-0.0469044,null
-0.00531106,null,null,null,-0.00303084
0.992959,-0.00802874,null,null,null
0.265823,null,-0.182869,null,null
-0.138015,null,null,-0.0866375,null
-0.0037556,null,null,null,-0.00504423
0.992959,-0.00802874,null,null,null
0.265823,null,-0.182869,null,null
-0.138015,null,null,-0.0866375,null
-0.0037556,null,null,null,-0.00504423
0.993029,-0.0067857,null,null,null
0.259995,null,-0.184361,null,null
-0.158889,null,null,-0.0436991,null
0.000581229,null,null,null,-0.00282652
0.993011,-0.00204465,null,null,null
0.23448,null,-0.227324,null,null
-0.139425,null,null,-0.0500434,null
0.00307916,null,null,null,-0.000327209
0.992994,-0.000765694,null,null,null
0.241615,null,-0.221271,null,null
-0.0835054,null,null,-0.0420029,null
0.00106602,null,null,null,0.00454012
0.993006,0.00105914,null,null,null
0.259624,null,-0.2208,null,null
-0.054172,null,null,-0.033374,null
0.000845815,null,null,null,0.00629989
0.993006,0.00105914,null,null,null
0.259624,null,-0.2208,null,null
-0.054172,null,null,-0.033374,null
0.000845815,null,null,null,0.00629989
0.992995,0.00228273,null,null,null
0.277416,null,-0.127738,null,null
0.0207641,null,null,0.0163888,null
0.00584261,null,null,null,0.00503095
0.9931,-0.00544752,null,null,null
0.255354,null,-0.0410569,null,null
0.0407197,null,null,-0.0654896,null
0.000842617,null,null,null,-0.000304578
0.9931,-0.00544752,null,null,null
0.255354,null,-0.0410569,null,null
0.0407197,null,null,-0.0654896,null
0.000842617,null,null,null,-0.000304578
0.993161,-0.00438625,null,null,null
0.287071,null,-0.0670229,null,null
0.0383561,null,null,0.00868025,null
-0.0047406,null,null,null,-0.00196229
0.993025,-0.0125104,null,null,null
0.232551,null,-0.0374592,null,null
0.019126,null,null,0.0432763,null
0.00359512,null,null,null,-0.00538484
0.993025,-0.0125104,null,null,null
0.232551,null,-0.0374592,null,null
0.019126,null,null,0.0432763,null
0.00359512,null,null,null,-0.00538484
0.992819,-0.0151745,null,null,null
0.12746,null,-0.0339899,null,null
-0.0045931,null,null,0.0355645,null
-0.00145686,null,null,null,-0.00228929
0.992819,-0.0151745,null,null,null
0.12746,null,-0.0339899,null,null
-0.0045931,null,null,0.0355645,null
-0.00145686,null,null,null,-0.00228929
0.992821,-0.0217113,null,null,null
0.175949,null,-0.0578622,null,null
0.0444563,null,null,0.0851743,null
0.000526654,null,null,null,-0.00226238
0.992969,-0.0164605,null,null,null
0.225818,null,-0.0234873,null,null
0.01773,null,null,0.0792361,null
0.00280832,null,null,null,-0.00570474
0.993065,-0.0138501,null,null,null
0.218697,null,-0.0431122,null,null
0.0447004,null,null,0.111459,null
0.00582962,null,null,null,0.00100352
0.993034,-0.0107136,null,null,null
0.295586,null,-0.0783334,null,null
0.117283,null,null,0.135274,null
0.00540786,null,null,null,-0.00224654
0.993006,-0.00716224,null,null,null
0.31373,null,-0.0325666,null,null
0.116043,null,null,0.120469,null
0.00379505,null,null,null,-0.00224999
0.992931,-0.0111187,null,null,null
0.338408,null,-0.0341269,null,null
0.0770824,null,null,0.146409,null
0.00188372,null,null,null,-0.000598799
0.992991,-0.00839623,null,null,null
0.284054,null,-0.0262605,null,null
0.047093,null,null,0.164824,null
-0.00421246,null,null,null,0.0011169
0.993045,-0.00959641,null,null,null
0.251513,null,-0.016564,null,null
-0.0173399,null,null,0.132315,null
0.000942331,null,null,null,0.000610919
0.993045,-0.00959641,null,null,null
0.251513,null,-0.016564,null,null
-0.0173399,null,null,0.132315,null
0.000942331,null,null,null,0.000610919
0.992879,-0.00521235,null,null,null
0.266646,null,0.0266481,null,null
0.0324523,null,null,0.180113,null
0.00165415,null,null,null,-0.00230605
0.993004,-0.00260265,null,null,null
0.192788,null,-0.0107815,null,null
0.0122039,null,null,0.178405,null
0.00557212,null,null,null,-0.00200099
0.992936,-0.0035306,null,null,null
0.239038,null,-0.0255564,null,null
-0.0100621,null,null,0.163311,null
-0.00256325,null,null,null,-0.00461726
0.993097,-0.00464906,null,null,null
0.2282,null,0.0522206,null,null
0.016306,null,null,0.13275,null
-0.00233454,null,null,null,-0.000689115
0.993064,-0.00720839,null,null,null
0.27223,null,0.0919145,null,null
0.0472124,null,null,0.136909,null
-0.0014429,null,null,null,-0.00181869
0.992892,-0.00426964,null,null,null
0.250294,null,0.040524,null,null
0.009257,null,null,0.127179,null
-0.00362226,null,null,null,-0.00116171
0.992936,-0.0041545,null,null,null
0.25872,null,0.000610565,null,null
-0.00185351,null,null,0.0892434,null
0.00277137,null,null,null,0.00142763
0.993046,-0.00109661,null,null,null
0.212665,null,0.0434915,null,null
-0.0479313,null,null,0.157479,null
0.000546006,null,null,null,0.00311451
0.993106,-0.000147399,null,null,null
0.267731,null,-0.00450885,null,null
-0.0328419,null,null,0.14952,null
0.000992541,null,null,null,0.0014884
0.993004,-0.00577538,null,null,null
0.243223,null,-0.0110343,null,null
-0.0324124,null,null,0.135002,null
-0.00218408,null,null,null,0.000810946
0.992949,-0.00824441,null,null,null
0.272008,null,-0.0347568,null,null
-0.0559557,null,null,0.160486,null
-0.00253085,null,null,null,0.0068066
0.992986,-0.00828387,null,null,null
0.223359,null,-0.0811853,null,null
-0.0537466,null,null,0.105132,null
-0.0042093,null,null,null,0.00482819
0.99299,-0.00815398,null,null,null
0.191421,null,-0.0232604,null,null
-0.0790012,null,null,0.103129,null
0.0021295,null,null,null,-0.00164806
0.99296,-0.00792236,null,null,null
0.330049,null,-0.0714505,null,null
-0.0918711,null,null,0.126855,null
-0.00110947,null,null,null,0.000758245
0.99297,-0.00864022,null,null,null
0.299809,null,-0.0867534,null,null
-0.0321478,null,null,0.138504,null
-2.39618e-05,null,null,null,-0.00266541
0.993225,-0.00612715,null,null,null
0.274586,null,-0.122276,null,null
0.0274316,null,null,0.171109,null
-0.000513027,null,null,null,-0.00288928
0.993204,-0.00688031,null,null,null
0.250936,null,-0.0423811,null,null
0.0473284,null,null,0.18267,null
-0.000593941,null,null,null,-0.00349384
0.993224,-0.00536556,null,null,null
0.244986,null,-0.109911,null,null
-0.0723104,null,null,0.178295,null
0.00408744,null,null,null,-0.00518576
0.993204,-0.00378536,null,null,null
0.250484,null,-0.115169,null,null
-0.0893913,null,null,0.136099,null
-0.00345256,null,null,null,-0.00484368
0.993363,-0.00178038,null,null,null
0.278146,null,-0.133057,null,null
-0.151676,null,null,0.135986,null
0.00100258,null,null,null,-0.00749365
0.993294,0.0020304,null,null,null
0.311901,null,-0.104928,null,null
-0.129421,null,null,0.113926,null
0.000318753,null,null,null,-0.00640443
0.993229,0.00254089,null,null,null
0.233265,null,-0.0794045,null,null
-0.0940093,null,null,0.123401,null
-0.00440728,null,null,null,0.000152025
0.993089,0.00255424,null,null,null
0.194467,null,-0.134589,null,null
-0.141834,null,null,0.13228,null
0.0020622,null,null,null,-0.00337866
0.993089,0.00255424,null,null,null
0.194467,null,-0.134589,null,null
-0.141834,null,null,0.13228,null
0.0020622,null,null,null,-0.00337866
0.993058,0.00109406,null,null,null
0.190396,null,-0.133785,null,null
-0.09065,null,null,0.152049,null
-0.00455822,null,null,null,0.00202646
0.993058,0.00109406,null,null,null
0.190396,null,-0.133785,null,null
-0.09065,null,null,0.152049,null
-0.00455822,null,null,null,0.00202646
0.992989,-0.00186576,null,null,null
0.254659,null,-0.0976035,null,null
-0.00876847,null,null,0.187293,null
-1.94502e-05,null,null,null,-0.000472554
0.993081,-0.0014121,null,null,null
0.206299,null,-0.0648255,null,null
-0.0267877,null,null,0.130964,null
-0.000504347,null,null,null,0.00220507
0.992868,-0.00397575,null,null,null
0.194688,null,-0.0471914,null,null
-0.0409451,null,null,0.132151,null
0.00218545,null,null,null,0.00471059
0.993065,-0.00370053,null,null,null
0.214963,null,-0.0951316,null,null
0.00649505,null,null,0.114793,null
0.00173519,null,null,null,0.00242513
0.993125,-0.00341532,null,null,null
0.221845,null,-0.081316,null,null
-0.0168415,null,null,0.0789944,null
-0.000234999,null,null,null,0.000555956
0.992861,0.00288852,null,null,null
0.225416,null,-0.0694977,null,null
-0.0260484,null,null,0.0625538,null
0.00043581,null,null,null,-0.00082889
0.993039,0.000350941,null,null,null
0.161031,null,-0.0828125,null,null
-0.0239746,null,null,0.103581,null
-0.00152409,null,null,null,-0.0049265
0.993032,0.00683731,null,null,null
0.214124,null,-0.0873166,null,null
-0.0802883,null,null,0.0111015,null
-0.0040142,null,null,null,0.0030488
0.993032,0.00683731,null,null,null
0.214124,null,-0.0873166,null,null
-0.0802883,null,null,0.0111015,null
-0.0040142,null,null,null,0.0030488
0.993032,0.00683731,null,null,null
0.214124,null,-0.0873166,null,null
-0.0802883,null,null,0.0111015,null
-0.0040142,null,null,null,0.0030488
0.993049,0.00693283,null,null,null
0.233224,null,-0.0819668,null,null
-0.0515269,null,null,0.00313479,null
0.00122574,null,null,null,-0.000161631
0.99298,0.00836589,null,null,null
0.20251,null,-0.111902,null,null
-0.0825139,null,null,-0.0202228,null
0.006146,null,null,null,0.00360145
0.992824,0.00929309,null,null,null
0.227639,null,-0.140889,null,null
-0.117875,null,null,-0.00481306,null
-0.000180441,null,null,null,-0.00218385
0.992804,0.00483933,null,null,null
0.188199,null,-0.201974,null,null
-0.14461,null,null,-0.0286943,null
0.00450481,null,null,null,-0.00339824
0.993015,0.002701,null,null,null
0.268324,null,-0.218612,null,null
-0.106098,null,null,-0.0258717,null
0.000483933,null,null,null,-0.00422115
0.993015,0.002701,null,null,null
0.268324,null,-0.218612,null,null
-0.106098,null,null,-0.0258717,null
0.000483933,null,null,null,-0.00422115
0.993039,0.0040086,null,null,null
0.263466,null,-0.155884,null,null
-0.137876,null,null,0.051823,null
0.000258825,null,null,null,0.00534791
0.992977,0.00529842,null,null,null
0.244651,null,-0.146533,null,null
-0.0498369,null,null,0.0111979,null
-0.0028452,null,null,null,-0.00343171
0.993095,0.00666379,null,null,null
0.224696,null,-0.124055,null,null
-0.0232656,null,null,0.0797499,null
-0.000831786,null,null,null,0.0066848
0.993095,0.00666379,null,null,null
0.224696,null,-0.124055,null,null
-0.0232656,null,null,0.0797499,null
-0.000831786,null,null,null,0.0066848
0.992935,0.010308,null,null,null
0.324744,null,-0.086369,null,null
-0.013946,null,null,0.0302227,null
-0.00113046,null,null,null,0.00285814
0.992923,0.0136479,null,null,null
0.273109,null,-0.0612136,null,null
0.00389706,null,null,0.00948466,null
-0.00161276,null,null,null,0.00337285
0.992923,0.0136479,null,null,null
0.273109,null,-0.0612136,null,null
0.00389706,null,null,0.00948466,null
-0.00161276,null,null,null,0.00337285
0.992862,0.0174046,null,null,null
0.303564,null,-0.00625815,null,null
-0.00190328,null,null,-0.0113108,null
0.00191316,null,null,null,-0.00228414
0.992886,0.0127706,null,null,null
0.358303,null,-0.103884,null,null
-0.00313188,null,null,0.0292419,null
0.000689597,null,null,null,9.3789e-05
0.992886,0.0127706,null,null,null
0.358303,null,-0.103884,null,null
-0.00313188,null,null,0.0292419,null
0.000689597,null,null,null,9.3789e-05
0.992915,0.0103552,null,null,null
0.315901,null,-0.0355562,null,null
-0.0263927,null,null,-0.0539685,null
-0.00258409,null,null,null,0.00297239
0.992859,0.0118098,null,null,null
0.356646,null,0.0292519,null,null
-0.0320008,null,null,-0.0095502,null
0.000314551,null,null,null,-0.000382865
0.992938,0.00870209,null,null,null
0.381669,null,0.033302,null,null
-0.157112,null,null,-0.0555791,null
-0.00192366,null,null,null,0.00181495
0.993034,0.00308292,null,null,null
0.269251,null,-0.0542765,null,null
-0.066644,null,null,-0.0139701,null
-0.0039449,null,null,null,-0.000594459
0.993143,0.000325463,null,null,null
0.298708,null,-0.0327407,null,null
-0.0646899,null,null,0.0265496,null
6.7659e-05,null,null,null,0.000951619
0.993284,0.00177749,null,null,null
0.349442,null,-0.00642332,null,null
-0.0396039,null,null,-0.0419164,null
-0.00188484,null,null,null,0.00123176
0.99316,0.00286233,null,null,null
0.37994,null,-0.0479029,null,null
-0.0677273,null,null,0.0097977,null
0.00185606,null,null,null,-0.000277244
0.993055,0.0105124,null,null,null
0.360296,null,0.00662274,null,null
-0.137451,null,null,-0.0527297,null
-0.00482376,null,null,null,-0.00578093
0.993055,0.0105124,null,null,null
0.360296,null,0.00662274,null,null
-0.137451,null,null,-0.0527297,null
-0.00482376,null,null,null,-0.00578093
0.993245,0.00627801,null,null,null
0.369859,null,-0.0807458,null,null
-0.077622,null,null,-0.0287275,null
-0.00546824,null,null,null,-0.00540606
0.993041,0.00854275,null,null,null
0.41755,null,-0.0393737,null,null
-0.0741779,null,null,-0.0642349,null
-0.000826571,null,null,null,-0.00343875
0.993032,0.00681366,null,null,null
0.361747,null,-0.0104358,null,null
0.0172131,null,null,-0.0836805,null
0.00242095,null,null,null,-0.00394798
0.993019,0.00865485,null,null,null
0.361223,null,0.000317486,null,null
0.0380461,null,null,-0.0899023,null
0.00269789,null,null,null,-0.00545031
0.993105,0.0105547,null,null,null
0.33778,null,0.00170804,null,null
0.0101673,null,null,-0.0961884,null
-0.000573676,null,null,null,0.00251126
0.993006,0.0108091,null,null,null
0.382616,null,0.0459906,null,null
-0.023887,null,null,-0.0106384,null
0.000597066,null,null,null,-0.00196036
0.992827,0.00915623,null,null,null
0.340725,null,0.0759919,null,null
-0.0263269,null,null,0.0203026,null
0.00144879,null,null,null,-0.000133961
0.992785,0.0121331,null,null,null
0.326649,null,0.0594846,null,null
-0.00192232,null,null,-0.015081,null
0.00282142,null,null,null,0.00414876
0.992927,0.0114318,null,null,null
0.382734,null,0.0503916,null,null
0.0321194,null,null,0.0702106,null
0.00160534,null,null,null,0.0045963
0.992927,0.0114318,null,null,null
0.382734,null,0.0503916,null,null
0.0321194,null,null,0.0702106,null
0.00160534,null,null,null,0.0045963
0.992929,0.0111827,null,null,null
0.372761,null,0.00893287,null,null
0.0924268,null,null,0.00988047,null
-0.00692579,null,null,null,0.0130063
0.99295,0.0135065,null,null,null
0.391286,null,0.0319463,null,null
-0.0066228,null,null,0.0309542,null
-0.00137701,null,null,null,0.00548246
0.993027,0.0125413,null,null,null
0.381255,null,0.0626053,null,null
-0.00789954,null,null,0.0106886,null
-0.00459052,null,null,null,0.00160407
0.993027,0.0125413,null,null,null
0.381255,null,0.0626053,null,null
-0.00789954,null,null,0.0106886,null
-0.00459052,null,null,null,0.00160407
0.993027,0.0125413,null,null,null
0.381255,null,0.0626053,null,null
-0.00789954,null,null,0.0106886,null
-0.00459052,null,null,null,0.00160407
0.993027,0.0125413,null,null,null
0.381255,null,0.0626053,null,null
-0.00789954,null,null,0.0106886,null
-0.00459052,null,null,null,0.00160407
0.993027,0.0125413,null,null,null
0.381255,null,0.0626053,null,null
-0.00789954,null,null,0.0106886,null
-0.00459052,null,null,null,0.00160407
0.992929,0.0171804,null,null,null
0.310104,null,0.0730092,null,null
0.0398221,null,null,0.0163785,null
-0.00220574,null,null,null,0.00750322
0.992815,0.0208977,null,null,null
0.349796,null,0.0592698,null,null
-0.00301649,null,null,0.00645194,null
0.00442458,null,null,null,0.00152496
0.992999,0.0168445,null,null,null
0.2469,null,0.073618,null,null
0.0191439,null,null,-0.0444456,null
0.000476145,null,null,null,0.00522888
0.992783,0.0191995,null,null,null
0.320929,null,-0.00241247,null,null
0.0469548,null,null,-0.037634,null
0.00387578,null,null,null,0.00289929
0.992766,0.016281,null,null,null
0.310829,null,0.0145948,null,null
-0.0012108,null,null,-0.0568809,null
0.00473575,null,null,null,-0.00277111
0.992833,0.0166987,null,null,null
0.345769,null,0.0252964,null,null
-0.00150504,null,null,-0.0723265,null
0.00194411,null,null,null,-0.00266548
0.992818,0.0207066,null,null,null
0.337854,null,0.0240304,null,null
0.00619539,null,null,-0.102256,null
0.00933401,null,null,null,-0.00597635
0.992818,0.0207066,null,null,null
0.337854,null,0.0240304,null,null
0.00619539,null,null,-0.102256,null
0.00933401,null,null,null,-0.00597635
0.992995,0.0181825,null,null,null
0.315145,null,0.0629015,null,null
-0.028076,null,null,-0.0683561,null
-0.000950041,null,null,null,-0.00534875
0.99312,0.0146555,null,null,null
0.299928,null,0.0954486,null,null
-0.00398234,null,null,-0.0780683,null
0.00229216,null,null,null,-0.00389394
0.992986,0.0105688,null,null,null
0.260691,null,0.0357594,null,null
0.0580763,null,null,-0.119903,null
0.00792957,null,null,null,0.00432221
0.993149,0.0110258,null,null,null
0.321323,null,0.0227564,null,null
0.0273297,null,null,-0.170997,null
0.000898968,null,null,null,0.00595469
0.99314,0.00775553,null,null,null
0.245039,null,-0.0488609,null,null
0.047039,null,null,-0.108309,null
-0.00382344,null,null,null,-0.00241851
0.993139,0.00208241,null,null,null
0.252209,null,-0.0297714,null,null
-0.0182217,null,null,-0.111037,null
-0.00370126,null,null,null,0.00675546
0.993131,0.00407892,null,null,null
0.248114,null,-0.00647404,null,null
0.0121031,null,null,-0.0975584,null
-0.00472097,null,null,null,0.00795096
0.993038,-0.00206544,null,null,null
0.295346,null,0.0295509,null,null
0.0344094,null,null,-0.112255,null
-0.0043874,null,null,null,0.00542949
0.993112,0.0021933,null,null,null
0.330864,null,0.0303571,null,null
0.0646089,null,null,-0.0594724,null
-0.00584738,null,null,null,-0.00102726
0.993119,-0.00144148,null,null,null
0.40683,null,0.017936,null,null
0.0193998,null,null,-0.0847554,null
-0.00271715,null,null,null,-0.00282579
0.993014,0.00564785,null,null,null
0.423654,null,0.0324461,null,null
0.0624106,null,null,-0.0398898,null
-0.00707926,null,null,null,-0.00542451
0.992811,0.00767531,null,null,null
0.412716,null,0.00905143,null,null
0.0358873,null,null,-0.04391,null
-0.00153685,null,null,null,-0.00809333
0.992962,0.00866194,null,null,null
0.392006,null,0.0376285,null,null
0.0557106,null,null,0.00108504,null
-0.00308957,null,null,null,-0.00493468
0.992921,0.0103648,null,null,null
0.341495,null,-0.0035201,null,null
0.0761384,null,null,-0.0320396,null
-0.000171322,null,null,null,-0.00873066
0.992839,0.0058018,null,null,null
0.264028,null,-0.0322029,null,null
0.0279855,null,null,-0.0376949,null
0.000836499,null,null,null,-0.00566442
0.99294,0.00174782,null,null,null
0.27773,null,1.88337e-05,null,null
0.067583,null,null,-0.00898149,null
0.00418566,null,null,null,-0.00337727
0.992927,-0.00426785,null,null,null
0.281339,null,-0.020997,null,null
-0.0160658,null,null,0.0253363,null
-0.00117721,null,null,null,0.000966283
0.992979,-0.00566279,null,null,null
0.305181,null,-0.0267101,null,null
0.0359581,null,null,0.0350712,null
-0.00228511,null,null,null,0.00300991
0.993123,-0.00779761,null,null,null
0.350521,null,0.000713415,null,null
0.0540459,null,null,0.100334,null
-0.00268313,null,null,null,0.00113883
0.993047,-0.00383726,null,null,null
0.325045,null,-0.00139621,null,null
-0.0241045,null,null,0.136313,null
-0.00591935,null,null,null,0.00060201
0.993056,-0.00903342,null,null,null
0.284051,null,-0.00939553,null,null
-0.0297085,null,null,0.142758,null
-0.00302655,null,null,null,-0.00310953
0.993112,-0.00557071,null,null,null
0.325078,null,-0.0558693,null,null
-0.0165133,null,null,0.102983,null
0.000704657,null,null,null,-0.00102601
0.99299,-0.00153344,null,null,null
0.307279,null,-0.0252709,null,null
-0.0460329,null,null,0.133924,null
0.000529974,null,null,null,0.00214101
0.993053,-0.00718745,null,null,null
0.316481,null,-0.0428679,null,null
-0.0604284,null,null,0.10064,null
-0.00203901,null,null,null,-0.00422414
0.993143,-0.00984054,null,null,null
0.35728,null,-0.0111129,null,null
-0.0898127,null,null,0.110393,null
0.0034243,null,null,null,-0.00214206
0.993066,-0.0104015,null,null,null
0.284678,null,-0.0114598,null,null
-0.0961328,null,null,0.0722475,null
0.00439826,null,null,null,0.000627254
0.993,-0.0112609,null,null,null
0.250041,null,0.042945,null,null
-0.0636675,null,null,0.103728,null
-0.000825748,null,null,null,-0.000994607
0.992995,-0.00729462,null,null,null
0.166094,null,-0.044471,null,null
-0.067583,null,null,0.135375,null
-0.00219389,null,null,null,-0.00223349
0.992926,-0.0102035,null,null,null
0.171371,null,-8.49404e-05,null,null
-0.115364,null,null,0.117642,null
0.00048817,null,null,null,-0.000640411
0.993059,-0.00879967,null,null,null
0.239031,null,-0.0524618,null,null
-0.0553666,null,null,0.0944529,null
-0.00494784,null,null,null,0.00286419
0.993061,-0.00846393,null,null,null
0.234381,null,-0.0201937,null,null
-0.059293,null,null,0.0873675,null
0.000267192,null,null,null,-0.000257255
0.992846,-0.0135775,null,null,null
0.198919,null,-0.0229484,null,null
-0.0785781,null,null,0.0856241,null
-0.00829244,null,null,null,0.00413418
0.993084,-0.00508909,null,null,null
0.256226,null,-0.0520515,null,null
-0.0734794,null,null,0.107529,null
0.000994141,null,null,null,0.00405198
0.993084,-0.00508909,null,null,null
0.256226,null,-0.0520515,null,null
-0.0734794,null,null,0.107529,null
0.000994141,null,null,null,0.00405198
0.993044,-0.00776164,null,null,null
0.262631,null,-0.0201226,null,null
-0.0736149,null,null,0.130243,null
-0.00131384,null,null,null,-0.00131385
0.993016,-0.00426506,null,null,null
0.270565,null,0.0207043,null,null
-0.0726939,null,null,0.124847,null
-0.00217929,null,null,null,-0.00929291
0.993016,-0.00426506,null,null,null
0.270565,null,0.0207043,null,null
-0.0726939,null,null,0.124847,null
-0.00217929,null,null,null,-0.00929291
0.992946,0.00157945,null,null,null
0.260171,null,0.0060132,null,null
0.0269367,null,null,0.0658197,null
0.00259547,null,null,null,-0.000781465
0.992986,0.00217684,null,null,null
0.245015,null,-0.0225333,null,null
-0.00467015,null,null,0.103216,null
-0.00198304,null,null,null,-0.000285329
0.993039,-0.00165773,null,null,null
0.267634,null,0.019952,null,null
-0.0509204,null,null,0.0656416,null
-0.00636476,null,null,null,0.00296225
0.992899,0.00447046,null,null,null
0.25933,null,0.0805964,null,null
-0.0232959,null,null,0.122538,null
-0.00837915,null,null,null,0.00678741
0.992934,-0.000991586,null,null,null
0.287485,null,0.0174473,null,null
0.0106742,null,null,0.124584,null
-0.00636899,null,null,null,0.00897748
0.992934,-0.000991586,null,null,null
0.287485,null,0.0174473,null,null
0.0106742,null,null,0.124584,null
-0.00636899,null,null,null,0.00897748
0.993006,-0.00452624,null,null,null
0.223091,null,-0.00173771,null,null
0.049419,null,null,0.103772,null
-0.00205692,null,null,null,0.00132034
0.993065,-0.000754751,null,null,null
0.208411,null,-0.00184168,null,null
-0.0206677,null,null,0.113012,null
0.00118799,null,null,null,-0.00102371
0.992995,-0.00419469,null,null,null
0.219222,null,0.0328749,null,null
-0.0355417,null,null,0.0755804,null
-0.000920254,null,null,null,-0.00131043
0.992842,-0.0115517,null,null,null
0.182655,null,0.0317929,null,null
-0.0541885,null,null,0.133925,null
-0.000397665,null,null,null,0.000627569
0.992874,-0.0129484,null,null,null
0.190546,null,0.0412935,null,null
-0.00972362,null,null,0.12012,null
0.00173024,null,null,null,6.23327e-05
0.992868,-0.0140953,null,null,null
0.178645,null,0.0268475,null,null
0.0147704,null,null,0.159506,null
0.00489442,null,null,null,-0.00405314
0.993128,-0.0093766,null,null,null
0.15206,null,0.037506,null,null
0.0141014,null,null,0.199327,null
-0.00316827,null,null,null,-0.00134805
0.993197,-0.000266131,null,null,null
0.136376,null,0.0432661,null,null
0.0327075,null,null,0.205659,null
0.00158975,null,null,null,0.00118766
0.993065,-0.0004883,null,null,null
0.203797,null,0.0640554,null,null
0.0137129,null,null,0.190248,null
-0.00367214,null,null,null,0.000392565
0.993099,-0.000233748,null,null,null
0.200153,null,0.0846021,null,null
0.0228391,null,null,0.143297,null
-0.00319326,null,null,null,-0.00290204
0.993099,-0.000233748,null,null,null
0.200153,null,0.0846021,null,null
0.0228391,null,null,0.143297,null
-0.00319326,null,null,null,-0.00290204
0.992975,-0.00370179,null,null,null
0.190974,null,0.076098,null,null
0.0851791,null,null,0.160574,null
0.00417981,null,null,null,-0.00371199
0.993082,6.36719e-05,null,null,null
0.235909,null,0.081683,null,null
0.0668839,null,null,0.156688,null
0.0015383,null,null,null,-0.00724831
0.993064,-0.00059754,null,null,null
0.13751,null,0.0623626,null,null
0.143406,null,null,0.14781,null
-0.00112082,null,null,null,-0.00182408
0.993041,0.00163784,null,null,null
0.206465,null,0.0788197,null,null
0.0992985,null,null,0.19771,null
-0.0035684,null,null,null,-0.0072708
0.992982,0.00684187,null,null,null
0.223763,null,0.0907565,null,null
0.0716703,null,null,0.168074,null
-0.0047229,null,null,null,-0.00594689
0.993086,0.00592255,null,null,null
0.220011,null,0.077991,null,null
0.0568044,null,null,0.152031,null
-0.00207733,null,null,null,-0.00586012
0.992976,0.00350389,null,null,null
0.184776,null,0.056388,null,null
0.0972978,null,null,0.166805,null
-0.00089536,null,null,null,-0.00434296
0.993104,0.0013808,null,null,null
0.227116,null,0.103251,null,null
0.134076,null,null,0.155778,null
0.00179719,null,null,null,0.00435768
0.993038,0.00262565,null,null,null
0.215946,null,0.108212,null,null
0.157518,null,null,0.115272,null
0.00588819,null,null,null,-0.000195268
0.993131,0.00442876,null,null,null
0.228631,null,0.11941,null,null
0.0578635,null,null,0.100146,null
0.00382811,null,null,null,0.00675135
0.993077,-0.00101321,null,null,null
0.251238,null,0.11984,null,null
0.00349286,null,null,0.0612269,null
0.00403969,null,null,null,0.00462989
0.993019,-0.0012664,null,null,null
0.279015,null,0.201148,null,null
0.0145415,null,null,0.0988179,null
-0.000904624,null,null,null,-0.00162935
0.992889,-0.00817251,null,null,null
0.256604,null,0.160609,null,null
-0.00258686,null,null,0.0368334,null
0.000884823,null,null,null,0.000406486
0.992989,0.00436175,null,null,null
0.239124,null,0.0779771,null,null
0.0523487,null,null,0.0179755,null
-0.000445953,null,null,null,-0.00029531
0.992991,0.00427705,null,null,null
0.187823,null,0.0958089,null,null
0.0717575,null,null,-0.00188455,null
0.00504114,null,null,null,0.00398941
0.99293,0.00605657,null,null,null
0.263726,null,0.0544471,null,null
0.087611,null,null,-0.0438095,null
-0.00050461,null,null,null,-0.0039845
0.993005,0.00905061,null,null,null
0.198509,null,0.0619384,null,null
0.127251,null,null,-0.0401815,null
0.00368222,null,null,null,0.0025214
0.993005,0.00905061,null,null,null
0.198509,null,0.0619384,null,null
0.127251,null,null,-0.0401815,null
0.00368222,null,null,null,0.0025214
0.992795,0.0115022,null,null,null
0.324028,null,0.051924,null,null
0.10169,null,null,-0.0203136,null
0.00447654,null,null,null,-0.0051899
0.992953,0.00977893,null,null,null
0.205817,null,0.0547982,null,null
0.107019,null,null,-0.0379847,null
0.00446391,null,null,null,-0.00215524
0.99294,0.00534291,null,null,null
0.176429,null,0.04544,null,null
0.0865308,null,null,-0.00938105,null
-0.000377761,null,null,null,-0.00298348
0.993005,0.00953715,null,null,null
0.0720926,null,0.0339355,null,null
0.0558795,null,null,-0.0073856,null
-0.00622586,null,null,null,0.00150611
0.992757,0.0147605,null,null,null
0.108597,null,0.0094029,null,null
0.0652515,null,null,-0.0734801,null
-0.00498609,null,null,null,-0.00254334
0.992725,0.0175222,null,null,null
0.129667,null,0.067116,null,null
0.029847,null,null,0.0233313,null
-0.00714459,null,null,null,-0.00156369
0.992776,0.00924471,null,null,null
0.148109,null,0.101832,null,null
-0.0304108,null,null,0.0651124,null
-0.00307071,null,null,null,-0.00119402
0.992576,0.0110364,null,null,null
0.144081,null,0.0403594,null,null
-0.048185,null,null,0.0793611,null
0.0025782,null,null,null,-0.000712333
0.992619,0.00749933,null,null,null
0.0987004,null,0.0359331,null,null
-0.0478527,null,null,0.0821425,null
0.00527794,null,null,null,0.00314669
0.992712,0.00983782,null,null,null
0.124367,null,0.0451041,null,null
-0.00881684,null,null,0.0611545,null
-0.00474636,null,null,null,-0.00103433
0.992712,0.0124469,null,null,null
0.17377,null,0.00580812,null,null
-0.0265907,null,null,0.0553459,null
-0.00261041,null,null,null,-0.000860813
0.992712,0.0124469,null,null,null
0.17377,null,0.00580812,null,null
-0.0265907,null,null,0.0553459,null
-0.00261041,null,null,null,-0.000860813
0.992865,0.0107115,null,null,null
0.134246,null,0.024185,null,null
-0.0522572,null,null,0.0339691,null
-0.00535796,null,null,null,-0.000664618
0.992796,0.011818,null,null,null
0.115081,null,-0.00165792,null,null
-0.0369567,null,null,-0.0265365,null
-0.00154144,null,null,null,0.00208729
0.992789,0.014614,null,null,null
0.130349,null,-0.0404579,null,null
-0.053871,null,null,-0.027766,null
0.00137644,null,null,null,0.000969062
0.992789,0.014614,null,null,null
0.130349,null,-0.0404579,null,null
-0.053871,null,null,-0.027766,null
0.00137644,null,null,null,0.000969062
0.992789,0.014614,null,null,null
0.130349,null,-0.0404579,null,null
-0.053871,null,null,-0.027766,null
0.00137644,null,null,null,0.000969062
0.992789,0.014614,null,null,null
0.130349,null,-0.0404579,null,null
-0.053871,null,null,-0.027766,null
0.00137644,null,null,null,0.000969062
0.99285,0.0179779,null,null,null
0.147778,null,-0.00789015,null,null
-0.0391371,null,null,0.0201835,null
0.00267285,null,null,null,0.00232331
0.992955,0.0221397,null,null,null
0.101424,null,-0.0469863,null,null
0.00140925,null,null,-0.0424472,null
-0.000348092,null,null,null,-0.00052773
0.992955,0.0221397,null,null,null
0.101424,null,-0.0469863,null,null
0.00140925,null,null,-0.0424472,null
-0.000348092,null,null,null,-0.00052773
0.992955,0.0221397,null,null,null
0.101424,null,-0.0469863,null,null
0.00140925,null,null,-0.0424472,null
-0.000348092,null,null,null,-0.00052773
0.992811,0.0195625,null,null,null
0.0588864,null,-0.0902035,null,null
-0.0307641,null,null,-0.0251271,null
0.00173575,null,null,null,0.00381864
0.992705,0.0243223,null,null,null
0.075442,null,-0.0662754,null,null
0.0313556,null,null,-0.0321297,null
-0.00203258,null,null,null,-0.00207837
0.992705,0.0243223,null,null,null
0.075442,null,-0.0662754,null,null
0.0313556,null,null,-0.0321297,null
-0.00203258,null,null,null,-0.00207837
0.99263,0.0257904,null,null,null
0.116396,null,-0.0323464,null,null
0.083313,null,null,0.0312559,null
-0.00124414,null,null,null,0.00132237
0.992489,0.0270762,null,null,null
0.122701,null,-0.0276445,null,null
0.0727959,null,null,-0.00403377,null
-0.00674701,null,null,null,-0.00115589
0.99239,0.0321266,null,null,null
0.165726,null,-0.0580711,null,null
0.0687298,null,null,-0.0250624,null
-0.00037023,null,null,null,-0.00572299
0.992535,0.030114,null,null,null
0.103036,null,-0.0810542,null,null
0.0152504,null,null,-0.042042,null
-0.00184478,null,null,null,-0.00433178
0.992535,0.030114,null,null,null
0.103036,null,-0.0810542,null,null
0.0152504,null,null,-0.042042,null
-0.00184478,null,null,null,-0.00433178
0.992535,0.030114,null,null,null
0.103036,null,-0.0810542,null,null
0.0152504,null,null,-0.042042,null
-0.00184478,null,null,null,-0.00433178
0.992319,0.035287,null,null,null
0.133086,null,-0.0526284,null,null
0.0522546,null,null,-0.0543372,null
-0.0013513,null,null,null,-0.00215374
0.992445,0.0301251,null,null,null
0.171525,null,-0.0257448,null,null
-0.012558,null,null,-0.0875537,null
-0.00625552,null,null,null,0.00186122
0.992445,0.0301251,null,null,null
0.171525,null,-0.0257448,null,null
-0.012558,null,null,-0.0875537,null
-0.00625552,null,null,null,0.00186122
0.992584,0.0344822,null,null,null
0.184545,null,-0.0554347,null,null
0.00140176,null,null,-0.129873,null
-0.00376215,null,null,null,0.00172411
0.992282,0.0360835,null,null,null
0.15562,null,-0.0745631,null,null
0.0462645,null,null,-0.0555519,null
-0.00212725,null,null,null,0.0031845
0.992355,0.0380422,null,null,null
0.234691,null,0.0251116,null,null
0.0249786,null,null,-0.106435,null
0.00196525,null,null,null,-0.000367105
0.992472,0.0300032,null,null,null
0.166644,null,-0.0268367,null,null
-0.0190314,null,null,-0.116172,null
-0.00322884,null,null,null,-0.00210091
0.992328,0.0303892,null,null,null
0.201764,null,-0.0196541,null,null
0.0138443,null,null,-0.105974,null
-0.00224965,null,null,null,0.000643756
0.992204,0.030365,null,null,null
0.124864,null,0.0528874,null,null
0.0432059,null,null,-0.112532,null
-0.00549544,null,null,null,0.00251044
0.992596,0.0264638,null,null,null
0.210808,null,0.0507645,null,null
0.0576805,null,null,-0.167756,null
-0.00163859,null,null,null,-0.000394048
0.992596,0.0264638,null,null,null
0.210808,null,0.0507645,null,null
0.0576805,null,null,-0.167756,null
-0.00163859,null,null,null,-0.000394048
0.992586,0.0283347,null,null,null
0.175682,null,0.0259937,null,null
-0.00402281,null,null,-0.153815,null
-0.00223265,null,null,null,-0.00420507
0.992814,0.019763,null,null,null
0.147184,null,-0.0309569,null,null
0.027766,null,null,-0.13527,null
-0.000739353,null,null,null,0.00143796
0.992685,0.0240978,null,null,null
0.120404,null,-0.0883504,null,null
-0.0318159,null,null,-0.123004,null
0.0011501,null,null,null,0.00467025
0.992685,0.0240978,null,null,null
0.120404,null,-0.0883504,null,null
-0.0318159,null,null,-0.123004,null
0.0011501,null,null,null,0.00467025
0.992654,0.0213819,null,null,null
0.168814,null,-0.0273726,null,null
-0.0903089,null,null,-0.214858,null
-0.00373128,null,null,null,0.00423626
0.992905,0.0126165,null,null,null
0.175595,null,-0.0608146,null,null
-0.038333,null,null,-0.244792,null
-0.00480581,null,null,null,0.00366405
0.992877,0.00767124,null,null,null
0.207396,null,-0.0586682,null,null
-0.103416,null,null,-0.24434,null
-0.00704749,null,null,null,0.000532651
0.993001,0.00212091,null,null,null
0.1808,null,-0.0318381,null,null
-0.0772203,null,null,-0.2657,null
-0.00485121,null,null,null,0.000936008
0.993024,0.00150119,null,null,null
0.168212,null,-0.0428999,null,null
-0.0187584,null,null,-0.280222,null
0.0053221,null,null,null,5.50816e-05
0.993159,-0.000749326,null,null,null
0.183463,null,0.037668,null,null
-0.0546804,null,null,-0.274554,null
0.0038307,null,null,null,0.00326555
0.993039,-0.0106032,null,null,null
0.126406,null,0.0377507,null,null
-0.0660935,null,null,-0.272934,null
0.00253309,null,null,null,0.00403657
0.992953,-0.013534,null,null,null
0.0448915,null,0.0344206,null,null
-0.140329,null,null,-0.197942,null
0.00290282,null,null,null,0.00905494
0.992962,-0.00892445,null,null,null
0.114015,null,0.03314,null,null
-0.0847673,null,null,-0.205385,null
0.00956779,null,null,null,0.00313345
0.992874,-0.0155236,null,null,null
0.164066,null,0.0480501,null,null
-0.075132,null,null,-0.221324,null
0.00915564,null,null,null,0.000723937
0.992995,-0.00994991,null,null,null
0.174175,null,0.0614447,null,null
-0.0478356,null,null,-0.187041,null
0.0051157,null,null,null,-0.00248406
0.992897,-0.0134281,null,null,null
0.162355,null,0.00857834,null,null
-0.0828636,null,null,-0.208671,null
0.00713041,null,null,null,0.000373361
0.993,-0.0149005,null,null,null
0.0768946,null,0.0650615,null,null
-0.147303,null,null,-0.141097,null
0.000855877,null,null,null,-0.00193226
0.992991,-0.0110555,null,null,null
0.0253554,null,0.0526989,null,null
-0.129495,null,null,-0.243645,null
0.00013111,null,null,null,-0.000253094
0.992921,-0.0131603,null,null,null
-0.0707804,null,0.0452025,null,null
-0.0748189,null,null,-0.216581,null
-0.000329245,null,null,null,-0.00578135
0.9929,-0.0114642,null,null,null
-0.0775515,null,0.0455091,null,null
-0.0808571,null,null,-0.227568,null
0.00339578,null,null,null,-0.00437354
0.992934,-0.0185865,null,null,null
-0.147616,null,0.0398954,null,null
-0.0825696,null,null,-0.270388,null
-0.000267405,null,null,null,0.00253272
0.992664,-0.0177744,null,null,null
-0.136849,null,0.0956431,null,null
-0.0880209,null,null,-0.1955,null
-0.00296732,null,null,null,0.000995896
0.992664,-0.0177744,null,null,null
-0.136849,null,0.0956431,null,null
-0.0880209,null,null,-0.1955,null
-0.00296732,null,null,null,0.000995896
0.992884,-0.0161092,null,null,null
-0.127332,null,0.052271,null,null
-0.0897883,null,null,-0.327234,null
-0.00539585,null,null,null,-0.00366036
0.99287,-0.0169968,null,null,null
-0.111161,null,0.0988694,null,null
-0.0926554,null,null,-0.302811,null
-0.00209226,null,null,null,-0.00117959
0.992869,-0.0138596,null,null,null
-0.0664295,null,0.0588009,null,null
-0.117186,null,null,-0.282008,null
-0.00330713,null,null,null,0.0063758
0.992997,-0.0143156,null,null,null
-0.0571184,null,0.107328,null,null
-0.101249,null,null,-0.280574,null
-0.00107727,null,null,null,0.00185689
0.992997,-0.0143156,null,null,null
-0.0571184,null,0.107328,null,null
-0.101249,null,null,-0.280574,null
-0.00107727,null,null,null,0.00185689
0.993008,-0.00505274,null,null,null
-0.0676951,null,0.15811,null,null
-0.0348388,null,null,-0.269565,null
0.0010682,null,null,null,0.00411831
0.993054,-0.00264007,null,null,null
-0.0794064,null,0.131304,null,null
-0.0859354,null,null,-0.274731,null
0.00142398,null,null,null,0.00188524
0.993054,-0.00264007,null,null,null
-0.0794064,null,0.131304,null,null
-0.0859354,null,null,-0.274731,null
0.00142398,null,null,null,0.00188524
0.993054,-0.00264007,null,null,null
-0.0794064,null,0.131304,null,null
-0.0859354,null,null,-0.274731,null
0.00142398,null,null,null,0.00188524
0.993054,-0.00264007,null,null,null
-0.0794064,null,0.131304,null,null
-0.0859354,null,null,-0.274731,null
0.00142398,null,null,null,0.00188524
0.993062,-0.00836109,null,null,null
-0.0711051,null,0.0783426,null,null
-0.0717768,null,null,-0.305488,null
-0.00126046,null,null,null,-0.000353464
0.993156,-0.00820037,null,null,null
-0.0498301,null,0.103591,null,null
-0.0611509,null,null,-0.311783,null
0.00535475,null,null,null,0.00223988
0.993162,-0.00885883,null,null,null
-0.000472814,null,0.122068,null,null
-0.0365427,null,null,-0.329671,null
-0.000753069,null,null,null,0.000386249
0.993065,-0.0122482,null,null,null
-0.0167795,null,0.132586,null,null
0.0206615,null,null,-0.260833,null
0.00169768,null,null,null,-0.00225596
0.99301,-0.00886501,null,null,null
0.0376766,null,0.142481,null,null
-0.00311933,null,null,-0.253148,null
-0.00437404,null,null,null,0.000906152
0.99301,-0.00886501,null,null,null
0.0376766,null,0.142481,null,null
-0.00311933,null,null,-0.253148,null
-0.00437404,null,null,null,0.000906152
0.99301,-0.00886501,null,null,null
0.0376766,null,0.142481,null,null
-0.00311933,null,null,-0.253148,null
-0.00437404,null,null,null,0.000906152
0.993003,-0.0124977,null,null,null
0.0656328,null,0.0920971,null,null
0.0226036,null,null,-0.225005,null
-0.00312414,null,null,null,0.000741101
0.993076,-0.0118921,null,null,null
0.0314128,null,0.136838,null,null
0.0501854,null,null,-0.283631,null
-6.80092e-05,null,null,null,-0.0036058
0.99308,-0.00662647,null,null,null
0.067008,null,0.118792,null,null
0.0538385,null,null,-0.292509,null
0.00308562,null,null,null,-0.00198916
0.99301,-0.00856124,null,null,null
0.0753321,null,0.124151,null,null
0.0707111,null,null,-0.206394,null
0.00304391,null,null,null,0.00239171
0.99302,-0.0026535,null,null,null
0.0467682,null,0.123147,null,null
0.0342285,null,null,-0.21095,null
0.00935654,null,null,null,0.00736171
0.993004,-0.00832062,null,null,null
0.13692,null,0.0625759,null,null
0.059739,null,null,-0.154831,null
0.00166107,null,null,null,0.0062228
0.992901,-0.0132749,null,null,null
0.135105,null,0.0540397,null,null
0.0242281,null,null,-0.278589,null
0.00445161,null,null,null,0.0054211
0.992986,-0.0116646,null,null,null
0.143936,null,-0.0196568,null,null
0.0394434,null,null,-0.212391,null
-0.00087288,null,null,null,0.00259495
0.992974,-0.0117483,null,null,null
0.020491,null,-0.0248886,null,null
0.0183017,null,null,-0.227104,null
0.00394716,null,null,null,-0.00037151
0.992974,-0.0117483,null,null,null
0.020491,null,-0.0248886,null,null
0.0183017,null,null,-0.227104,null
0.00394716,null,null,null,-0.00037151
0.992971,-0.0130366,null,null,null
0.00963111,null,-0.0750052,null,null
-0.0150669,null,null,-0.217961,null
-0.00391005,null,null,null,0.00250824
0.992849,-0.0186736,null,null,null
0.104826,null,-0.0557034,null,null
-0.0603261,null,null,-0.217067,null
-0.00487424,null,null,null,0.00716429
0.992807,-0.0172207,null,null,null
0.0631201,null,-0.0732494,null,null
-0.0915985,null,null,-0.193311,null
0.00145105,null,null,null,0.00780606
0.992875,-0.0149305,null,null,null
0.0779261,null,-0.0396956,null,null
-0.0756036,null,null,-0.224909,null
-0.00113692,null,null,null,0.00541539
0.992947,-0.00911581,null,null,null
0.111606,null,-0.0634533,null,null
-0.148256,null,null,-0.195251,null
0.00678079,null,null,null,0.00581884
0.99308,-0.00831738,null,null,null
0.090551,null,-0.0181254,null,null
-0.13042,null,null,-0.171237,null
-0.00196415,null,null,null,0.00557509
0.993029,-0.012059,null,null,null
0.0339386,null,0.0412107,null,null
-0.0705676,null,null,-0.15899,null
0.00691018,null,null,null,0.00613259
0.99308,-0.0056379,null,null,null
0.074949,null,0.0120717,null,null
-0.0457246,null,null,-0.148927,null
0.00261962,null,null,null,-0.00103006
0.993099,-0.00603104,null,null,null
0.0899025,null,-0.0393571,null,null
-0.0286076,null,null,-0.155501,null
-0.000408531,null,null,null,-0.00503519
0.992926,0.000206339,null,null,null
0.0690557,null,0.00432969,null,null
-0.0187753,null,null,-0.158995,null
-0.005753,null,null,null,0.000539314
0.993046,0.00084902,null,null,null
0.116072,null,0.019703,null,null
-0.0624234,null,null,-0.174105,null
-0.00151751,null,null,null,0.00234639
0.99307,0.00232592,null,null,null
0.154579,null,0.0899585,null,null
-0.0175257,null,null,-0.140335,null
-0.00143441,null,null,null,-0.00178296
0.993012,0.00680454,null,null,null
0.209524,null,0.0364133,null,null
-0.000527674,null,null,-0.160916,null
-0.000434969,null,null,null,-0.00262998
0.993162,0.00820877,null,null,null
0.133357,null,0.0464994,null,null
-0.0277678,null,null,-0.129626,null
-0.000495491,null,null,null,-0.00320529
0.993131,0.00424177,null,null,null
0.117361,null,0.0664692,null,null
0.0132854,null,null,-0.178632,null
-0.00230162,null,null,null,-0.00305115
0.993263,0.0018645,null,null,null
0.102031,null,0.0057209,null,null
-0.025084,null,null,-0.140003,null
-0.00165819,null,null,null,0.00133116
0.993154,-0.0023476,null,null,null
0.0556631,null,0.0414196,null,null
-0.034398,null,null,-0.194453,null
-0.00237777,null,null,null,0.00146482
0.993131,-0.00182788,null,null,null
0.0389425,null,0.0952065,null,null
-0.00529656,null,null,-0.153799,null
-0.00296838,null,null,null,0.00153076
0.993131,-0.00182788,null,null,null
0.0389425,null,0.0952065,null,null
-0.00529656,null,null,-0.153799,null
-0.00296838,null,null,null,0.00153076
0.993245,0.000920388,null,null,null
0.0107574,null,0.0659419,null,null
-0.0477494,null,null,-0.0967043,null
-0.00131179,null,null,null,-0.00149511
0.99318,-0.00356544,null,null,null
0.068994,null,0.131895,null,null
0.0478548,null,null,-0.118136,null
-0.00585427,null,null,null,-0.000568606
0.993188,-0.00326728,null,null,null
0.0476447,null,0.0395895,null,null
-0.0590246,null,null,-0.069509,null
-0.00345869,null,null,null,0.00186541
0.993151,-0.00111185,null,null,null
0.12482,null,0.0101606,null,null
0.000653342,null,null,-0.15989,null
-0.00986745,null,null,null,0.00278341
0.993147,-0.0031036,null,null,null
0.0983963,null,0.0818065,null,null
0.0617294,null,null,-0.122059,null
-0.0082562,null,null,null,0.00797733
0.993053,0.00329871,null,null,null
0.129993,null,0.177146,null,null
0.0588578,null,null,-0.104539,null
-0.00359486,null,null,null,0.00491179
0.993053,0.00329871,null,null,null
0.129993,null,0.177146,null,null
0.0588578,null,null,-0.104539,null
-0.00359486,null,null,null,0.00491179
0.993053,0.00329871,null,null,null
0.129993,null,0.177146,null,null
0.0588578,null,null,-0.104539,null
-0.00359486,null,null,null,0.00491179
0.993053,0.00329871,null,null,null
0.129993,null,0.177146,null,null
0.0588578,null,null,-0.104539,null
-0.00359486,null,null,null,0.00491179
0.993154,-0.00244969,null,null,null
0.15831,null,0.111756,null,null
0.114181,null,null,-0.154688,null
-0.00195404,null,null,null,-0.00352086
0.993179,0.00309171,null,null,null
0.155532,null,0.145542,null,null
0.138309,null,null,-0.0900042,null
-0.00339239,null,null,null,-0.000736534
0.993034,-0.00208961,null,null,null
0.119905,null,0.15414,null,null
0.19956,null,null,-0.107261,null
-0.00412656,null,null,null,0.00602686
0.993034,-0.00208961,null,null,null
0.119905,null,0.15414,null,null
0.19956,null,null,-0.107261,null
-0.00412656,null,null,null,0.00602686
0.993145,-0.00785744,null,null,null
0.079821,null,0.105436,null,null
0.113527,null,null,-0.0266129,null
-0.00311271,null,null,null,-0.000537388
0.993155,-0.00982919,null,null,null
0.0836627,null,0.0945781,null,null
0.12697,null,null,-0.01291,null
-0.00362769,null,null,null,7.77407e-05
0.993196,-0.0129321,null,null,null
0.066271,null,0.0972341,null,null
0.102616,null,null,0.0240906,null
-0.0066788,null,null,null,0.000110535
0.993196,-0.0129321,null,null,null
0.066271,null,0.0972341,null,null
0.102616,null,null,0.0240906,null
-0.0066788,null,null,null,0.000110535
0.99306,-0.0126473,null,null,null
0.13915,null,0.0266042,null,null
0.0672785,null,null,0.052288,null
-0.00339635,null,null,null,0.00446285
0.99306,-0.0126473,null,null,null
0.13915,null,0.0266042,null,null
0.0672785,null,null,0.052288,null
-0.00339635,null,null,null,0.00446285
0.993074,-0.00703777,null,null,null
0.141997,null,0.109209,null,null
0.0619706,null,null,0.0707929,null
-0.00156734,null,null,null,0.00359104
0.992966,-0.00272581,null,null,null
0.0654833,null,0.111648,null,null
0.0174583,null,null,0.0616941,null
-0.00133438,null,null,null,0.00645186
0.993005,-0.00819643,null,null,null
0.0257619,null,0.137063,null,null
0.0924994,null,null,0.0295981,null
-0.00135728,null,null,null,-0.0028878
0.993128,-0.00609396,null,null,null
0.0393396,null,0.125854,null,null
0.114118,null,null,0.0476276,null
-0.00311014,null,null,null,0.00217264
0.993064,-0.000327281,null,null,null
0.0815646,null,0.14081,null,null
0.175542,null,null,0.0930481,null
0.00236379,null,null,null,0.00571298
0.993003,5.14206e-05,null,null,null
0.0215914,null,0.105749,null,null
0.153849,null,null,0.0192031,null
-0.0070297,null,null,null,-0.0029349
0.992916,-0.00484018,null,null,null
-0.0252576,null,0.0798306,null,null
0.206029,null,null,0.0682999,null
0.000167153,null,null,null,-0.000473616
0.992979,0.00196419,null,null,null
-0.0362861,null,0.172141,null,null
0.234956,null,null,0.0146194,null
0.00401924,null,null,null,-0.00164656
0.992979,0.00196419,null,null,null
-0.0362861,null,0.172141,null,null
0.234956,null,null,0.0146194,null
0.00401924,null,null,null,-0.00164656
0.993208,-0.00183099,null,null,null
-0.0343891,null,0.117943,null,null
0.197134,null,null,0.00909446,null
0.00190004,null,null,null,-0.00078189
0.993208,-0.00183099,null,null,null
-0.0343891,null,0.117943,null,null
0.197134,null,null,0.00909446,null
0.00190004,null,null,null,-0.00078189
0.99313,0.000949541,null,null,null
-0.0311393,null,0.171085,null,null
0.206704,null,null,0.0529371,null
-0.00100107,null,null,null,-0.00299336
0.992988,0.00527199,null,null,null
0.0462259,null,0.202815,null,null
0.188399,null,null,0.0735465,null
-0.000954644,null,null,null,-0.000792555
0.992961,0.00833641,null,null,null
0.0364802,null,0.129724,null,null
0.255166,null,null,0.0204077,null
-0.00652931,null,null,null,-0.00298061
0.99293,0.00458439,null,null,null
0.0715916,null,0.175795,null,null
0.192749,null,null,0.119593,null
-0.00524433,null,null,null,-0.000396925
0.992836,0.00455934,null,null,null
0.0685952,null,0.225162,null,null
0.161904,null,null,0.117726,null
-0.000159862,null,null,null,-0.00251775
0.99274,-0.0075936,null,null,null
0.165256,null,0.197649,null,null
0.205406,null,null,0.113826,null
0.00391799,null,null,null,0.00164811
0.992841,-0.010896,null,null,null
0.139985,null,0.229077,null,null
0.192422,null,null,0.144386,null
0.00206069,null,null,null,0.00274025
0.992829,-0.0138043,null,null,null
0.169599,null,0.187936,null,null
0.157243,null,null,0.111813,null
0.000170921,null,null,null,0.00614609
0.992829,-0.0138043,null,null,null
0.169599,null,0.187936,null,null
0.157243,null,null,0.111813,null
0.000170921,null,null,null,0.00614607
0.992826,-0.0131711,null,null,null
0.108017,null,0.223904,null,null
0.215829,null,null,0.161531,null
0.00189766,null,null,null,0.00182729
0.992826,-0.0131711,null,null,null
0.108017,null,0.223904,null,null
0.215829,null,null,0.161531,null
0.00189766,null,null,null,0.00182729
0.992819,-0.0116134,null,null,null
0.0212533,null,0.200235,null,null
0.170543,null,null,0.114235,null
0.0043617,null,null,null,-0.00450871
0.992819,-0.0116134,null,null,null
0.0212533,null,0.200235,null,null
0.170543,null,null,0.114235,null
0.0043617,null,null,null,-0.00450871
0.992838,-0.0089824,null,null,null
0.00516785,null,0.204052,null,null
0.192757,null,null,0.0611355,null
0.00297255,null,null,null,0.0055577
0.992756,-0.0108269,null,null,null
0.0563338,null,0.20288,null,null
0.194491,null,null,0.0925612,null
0.00116233,null,null,null,0.000343702
0.992731,-0.0103617,null,null,null
0.053097,null,0.173186,null,null
0.16853,null,null,0.0851049,null
0.00822941,null,null,null,-0.000767491
0.99275,-0.00593744,null,null,null
0.0739601,null,0.189465,null,null
0.229052,null,null,0.0485758,null
0.00621293,null,null,null,0.0012526
0.992868,-0.004251,null,null,null
0.0640565,null,0.136664,null,null
0.180549,null,null,0.0754876,null
0.002502,null,null,null,0.00616023
0.992879,-0.00267306,null,null,null
0.136906,null,0.179065,null,null
0.23676,null,null,0.112861,null
-0.00536081,null,null,null,0.00160779
0.992888,-0.0108748,null,null,null
0.100119,null,0.227908,null,null
0.16562,null,null,0.148393,null
0.00324204,null,null,null,0.0011685
0.992889,-0.013036,null,null,null
0.171451,null,0.240005,null,null
0.124832,null,null,0.129204,null
0.0020176,null,null,null,-0.00825732
0.992935,-0.0125814,null,null,null
0.148514,null,0.232585,null,null
0.11607,null,null,0.0201706,null
0.000631872,null,null,null,-0.00663915
0.992897,-0.0186895,null,null,null
0.136605,null,0.224215,null,null
0.0651931,null,null,0.0275276,null
0.00206885,null,null,null,-0.00655317
0.992865,-0.0171962,null,null,null
0.13094,null,0.107983,null,null
0.0859994,null,null,0.0398914,null
0.00624474,null,null,null,-0.00841608
0.992865,-0.0171962,null,null,null
0.13094,null,0.107983,null,null
0.0859994,null,null,0.0398914,null
0.00624474,null,null,null,-0.00841608
0.992854,-0.0153199,null,null,null
0.1946,null,0.169527,null,null
0.0832579,null,null,0.0412896,null
0.00550675,null,null,null,-0.00384966
0.99274,-0.0227235,null,null,null
0.165815,null,0.15781,null,null
0.091942,null,null,0.0868914,null
-0.000627958,null,null,null,-0.00502955
0.992663,-0.0231904,null,null,null
0.201329,null,0.160481,null,null
0.0385549,null,null,0.0506549,null
-0.000932022,null,null,null,0.00209334
0.992611,-0.025172,null,null,null
0.194428,null,0.177611,null,null
0.031474,null,null,0.0351236,null
0.00305966,null,null,null,0.00282804
0.992587,-0.0259983,null,null,null
0.110876,null,0.183624,null,null
0.00244375,null,null,0.0149652,null
0.0046872,null,null,null,0.00247844
0.992555,-0.0239359,null,null,null
0.110118,null,0.205735,null,null
0.0469889,null,null,0.00940359,null
0.0037808,null,null,null,-0.00215135
0.992598,-0.0232538,null,null,null
0.139655,null,0.274694,null,null
-0.0100584,null,null,-0.00323712,null
0.000586165,null,null,null,0.0102381
0.992598,-0.0232538,null,null,null
0.139655,null,0.274694,null,null
-0.0100584,null,null,-0.00323712,null
0.000586165,null,null,null,0.0102381
0.992888,-0.0143699,null,null,null
0.160849,null,0.211053,null,null
-0.037193,null,null,-0.0187891,null
0.00204474,null,null,null,0.006396
0.993055,-0.0169103,null,null,null
0.157899,null,0.213017,null,null
-0.0137448,null,null,0.0278065,null
0.00162958,null,null,null,0.00213241
0.992938,-0.0136459,null,null,null
0.129794,null,0.26681,null,null
-0.00706613,null,null,-0.0373877,null
0.00289984,null,null,null,0.00208306
0.992884,-0.0152261,null,null,null
0.0870787,null,0.207324,null,null
0.00314159,null,null,-0.0469598,null
-0.00324971,null,null,null,0.000666566
0.99285,-0.0172725,null,null,null
0.104863,null,0.181379,null,null
-0.016203,null,null,-0.0476753,null
-0.00744584,null,null,null,0.00518496
0.992663,-0.0152646,null,null,null
0.139675,null,0.156019,null,null
-0.067501,null,null,-0.0665374,null
-0.000799088,null,null,null,0.00312031
0.992826,-0.0153604,null,null,null
0.178136,null,0.179061,null,null
0.0440239,null,null,-0.0764931,null
-0.0026327,null,null,null,0.0071313
0.992771,-0.0187252,null,null,null
0.172986,null,0.108992,null,null
0.0302389,null,null,-0.0524159,null
-0.00194688,null,null,null,0.00768043
0.992633,-0.0205506,null,null,null
0.153358,null,0.146863,null,null
0.0567214,null,null,-0.060557,null
-0.0042198,null,null,null,0.00190047
0.992633,-0.0205506,null,null,null
0.153358,null,0.146863,null,null
0.0567214,null,null,-0.060557,null
-0.0042198,null,null,null,0.00190047
0.992542,-0.0230958,null,null,null
0.137162,null,0.0563119,null,null
0.0136127,null,null,-0.054675,null
0.0028246,null,null,null,0.00206974
0.992616,-0.0268504,null,null,null
0.115656,null,0.081132,null,null
-0.00163469,null,null,-0.0190337,null
0.00149635,null,null,null,0.00220207
0.992676,-0.0239858,null,null,null
0.230829,null,0.147964,null,null
-0.0627348,null,null,-0.016145,null
0.00142955,null,null,null,-0.00371116
0.992676,-0.0239858,null,null,null
0.230829,null,0.147964,null,null
-0.0627348,null,null,-0.016145,null
0.00142955,null,null,null,-0.00371116
0.992676,-0.0239858,null,null,null
0.230829,null,0.147964,null,null
-0.0627348,null,null,-0.016145,null
0.00142955,null,null,null,-0.00371116
0.99268,-0.0250976,null,null,null
0.223065,null,0.142635,null,null
0.0507549,null,null,-0.0037124,null
0.00207431,null,null,null,-0.00464617
0.99268,-0.0250976,null,null,null
0.223065,null,0.142635,null,null
0.0507549,null,null,-0.0037124,null
0.00207431,null,null,null,-0.00464617
0.992923,-0.0234914,null,null,null
0.212675,null,0.109768,null,null
0.0111457,null,null,-0.0392136,null
-0.00120319,null,null,null,-0.000268831
0.992772,-0.027347,null,null,null
0.232205,null,0.10917,null,null
-0.00669031,null,null,-0.05478,null
-0.00147165,null,null,null,0.00146164
0.992766,-0.0225696,null,null,null
0.236575,null,0.0956315,null,null
-0.0550288,null,null,-0.0832698,null
-0.000328532,null,null,null,0.00626236
0.992485,-0.0280758,null,null,null
0.28895,null,0.118361,null,null
-0.0794694,null,null,-0.0914121,null
-0.00537401,null,null,null,-0.00123151
0.992592,-0.0237526,null,null,null
0.25068,null,0.0869707,null,null
-0.0862212,null,null,-0.0598544,null
-0.00074725,null,null,null,-0.00584705
0.99305,-0.0176681,null,null,null
0.256097,null,0.135689,null,null
-0.0833638,null,null,-0.07166,null
0.000407336,null,null,null,0.00356137
0.992908,-0.0170217,null,null,null
0.286313,null,0.108436,null,null
-0.108952,null,null,-0.0237449,null
0.00314799,null,null,null,0.00168863
0.992908,-0.0170217,null,null,null
0.286313,null,0.108436,null,null
-0.108952,null,null,-0.0237449,null
0.00314799,null,null,null,0.00168863
0.992831,-0.0104775,null,null,null
0.274288,null,0.190021,null,null
-0.0824629,null,null,0.0187229,null
-0.000895135,null,null,null,0.00449523
0.992821,-0.0141846,null,null,null
0.344486,null,0.158543,null,null
-0.112853,null,null,-0.0531268,null
0.00170488,null,null,null,0.00334521
0.992821,-0.0141846,null,null,null
0.344486,null,0.158543,null,null
-0.112853,null,null,-0.0531268,null
0.00170488,null,null,null,0.00334521
0.992755,-0.0165012,null,null,null
0.273533,null,0.108713,null,null
-0.0867836,null,null,0.063102,null
0.00125864,null,null,null,-0.00163886
0.992648,-0.0247332,null,null,null
0.280271,null,0.0724812,null,null
-0.0828442,null,null,0.0702384,null
0.00320818,null,null,null,0.000887735
0.992594,-0.0273476,null,null,null
0.245331,null,0.045665,null,null
-0.104837,null,null,0.110456,null
8.31846e-05,null,null,null,0.000326666
0.992526,-0.0301187,null,null,null
0.258593,null,0.0938261,null,null
-0.0139035,null,null,0.116638,null
0.00676224,null,null,null,0.000584879
0.992446,-0.0286908,null,null,null
0.2504,null,0.0852529,null,null
0.0290251,null,null,0.0706685,null
-0.00183885,null,null,null,-0.00209315
0.992446,-0.0286908,null,null,null
0.2504,null,0.0852529,null,null
0.0290251,null,null,0.0706685,null
-0.00183885,null,null,null,-0.00209315
0.99253,-0.0276534,null,null,null
0.253194,null,0.120207,null,null
0.0437369,null,null,0.149168,null
0.0016965,null,null,null,0.000791729
0.992735,-0.0233975,null,null,null
0.294316,null,0.10496,null,null
-0.0150183,null,null,0.10527,null
0.00788339,null,null,null,-0.00630346
0.992721,-0.0227453,null,null,null
0.30036,null,0.133694,null,null
-0.0582794,null,null,0.0696701,null
-0.00137555,null,null,null,-0.00273547
0.99272,-0.0156099,null,null,null
0.241393,null,0.140179,null,null
-0.0774033,null,null,0.126346,null
0.00109271,null,null,null,-0.00500927
0.992791,-0.0114832,null,null,null
0.270211,null,0.19012,null,null
-0.046042,null,null,0.0735269,null
0.00436549,null,null,null,-0.00797596
0.992791,-0.0114832,null,null,null
0.270211,null,0.19012,null,null
-0.046042,null,null,0.0735269,null
0.00436549,null,null,null,-0.00797596
0.99282,-0.00754191,null,null,null
0.31534,null,0.158982,null,null
-0.0258463,null,null,0.0604042,null
0.0023092,null,null,null,-0.00527311
0.992811,-0.00996084,null,null,null
0.287637,null,0.126024,null,null
0.012019,null,null,0.0708319,null
0.000758651,null,null,null,0.000907996
0.992926,-0.00566103,null,null,null
0.310034,null,0.106954,null,null
-0.0532499,null,null,-0.0226379,null
0.00557912,null,null,null,-0.00244395
0.992809,-0.00475391,null,null,null
0.373325,null,0.0259403,null,null
-0.0656986,null,null,6.86661e-05,null
0.00340486,null,null,null,0.00432764
0.993075,-0.0027435,null,null,null
0.269811,null,-0.0569649,null,null
0.0240141,null,null,0.054312,null
0.000658254,null,null,null,0.00303142
0.99296,0.00311641,null,null,null
0.293721,null,0.0186378,null,null
-0.00521061,null,null,0.132213,null
0.000157501,null,null,null,0.00903024
0.992988,-0.000501924,null,null,null
0.351506,null,0.0498426,null,null
-0.0290539,null,null,0.139623,null
-0.00302034,null,null,null,0.00274387
0.992988,-0.000501924,null,null,null
0.351506,null,0.0498426,null,null
-0.0290539,null,null,0.139623,null
-0.00302034,null,null,null,0.00274387
0.992942,-0.00124995,null,null,null
0.363921,null,-0.00423342,null,null
-0.0317282,null,null,0.174986,null
-0.00347189,null,null,null,0.00777064
0.993003,-0.00305966,null,null,null
0.356981,null,0.0415512,null,null
-0.0181079,null,null,0.119414,null
-0.00175784,null,null,null,0.00475047
0.993003,-0.00305966,null,null,null
0.356981,null,0.0415512,null,null
-0.0181079,null,null,0.119414,null
-0.00175784,null,null,null,0.00475047
0.99296,-0.00103899,null,null,null
0.234161,null,0.0150695,null,null
-0.0704891,null,null,0.162497,null
-0.00146126,null,null,null,0.00200877
0.99295,-0.00262975,null,null,null
0.223691,null,0.0306665,null,null
-0.0857664,null,null,0.159828,null
-8.70317e-05,null,null,null,-0.00289932
0.99295,-0.00262975,null,null,null
0.223691,null,0.0306665,null,null
-0.0857664,null,null,0.159828,null
-8.70317e-05,null,null,null,-0.00289932
0.993181,0.000397404,null,null,null
0.277655,null,0.0454031,null,null
-0.00594598,null,null,0.0904451,null
0.00167339,null,null,null,-0.000457341
0.993181,0.000397404,null,null,null
0.277655,null,0.0454031,null,null
-0.00594598,null,null,0.0904451,null
0.00167339,null,null,null,-0.000457341
0.99295,-0.000943391,null,null,null
0.214465,null,0.0636198,null,null
-0.0150284,null,null,0.129909,null
0.00455675,null,null,null,0.00251871
0.993095,-0.000560994,null,null,null
0.218994,null,0.0910892,null,null
0.0173769,null,null,0.133505,null
0.000395122,null,null,null,0.000479669
0.993045,0.000373028,null,null,null
0.243671,null,0.0631238,null,null
0.0116904,null,null,0.100308,null
-0.00199334,null,null,null,0.00407355
0.993038,0.00378128,null,null,null
0.249537,null,0.0342134,null,null
-0.0274982,null,null,0.134423,null
-0.0037245,null,null,null,-0.00225941
0.993038,0.00378128,null,null,null
0.249537,null,0.0342134,null,null
-0.0274982,null,null,0.134423,null
-0.0037245,null,null,null,-0.00225941
0.993038,0.00378128,null,null,null
0.249537,null,0.0342134,null,null
-0.0274982,null,null,0.134423,null
-0.0037245,null,null,null,-0.00225941
0.992988,0.00973724,null,null,null
0.331865,null,0.0898514,null,null
-0.0407766,null,null,0.175008,null
-0.00105833,null,null,null,0.00176987
0.993005,0.00563231,null,null,null
0.265905,null,0.0451768,null,null
-0.0595995,null,null,0.171251,null
-0.00293258,null,null,null,-0.000153808
0.992973,0.00718336,null,null,null
0.245418,null,0.0885156,null,null
-0.0627296,null,null,0.0840235,null
-0.00306034,null,null,null,-0.00439634
0.99293,-0.00164682,null,null,null
0.30792,null,0.100959,null,null
-0.0777231,null,null,0.0426169,null
1.79757e-06,null,null,null,-0.00654795
0.992955,-0.00230549,null,null,null
0.311551,null,0.121481,null,null
-0.0885111,null,null,0.0659761,null
-0.00189205,null,null,null,-0.00264209
0.992891,0.0014976,null,null,null
0.286739,null,0.10656,null,null
-0.0803405,null,null,0.0702514,null
-0.00189978,null,null,null,-0.00620065
0.992996,-0.0059057,null,null,null
0.3138,null,0.0666454,null,null
-0.0902051,null,null,0.122911,null
-0.00232604,null,null,null,-0.00542268
0.993095,0.0018609,null,null,null
0.204046,null,0.0379281,null,null
-0.105951,null,null,0.082978,null
-0.00132326,null,null,null,0.00064941
0.992962,0.00558852,null,null,null
0.229725,null,0.0200814,null,null
-0.0779145,null,null,0.144201,null
0.00148664,null,null,null,0.00430265
0.992962,0.00558852,null,null,null
0.229725,null,0.0200814,null,null
-0.0779145,null,null,0.144201,null
0.00148664,null,null,null,0.00430265
0.992989,-0.00300548,null,null,null
0.266845,null,-0.104089,null,null
-0.0739239,null,null,0.100666,null
-0.00413325,null,null,null,0.00551137
0.992715,-0.00129531,null,null,null
0.230089,null,-0.0858263,null,null
-0.119989,null,null,0.0336979,null
-0.00363447,null,null,null,0.00561449
0.99264,0.00882924,null,null,null
0.182429,null,-0.0987486,null,null
-0.0221255,null,null,-7.60792e-06,null
-0.000734971,null,null,null,0.0079357
0.99264,0.00882924,null,null,null
0.182429,null,-0.0987486,null,null
-0.0221255,null,null,-7.60804e-06,null
-0.000734971,null,null,null,0.0079357
0.992649,0.00767302,null,null,null
0.199983,null,-0.045939,null,null
-0.040243,null,null,0.0267763,null
0.00240953,null,null,null,0.00518499
0.992649,0.00767302,null,null,null
0.199983,null,-0.045939,null,null
-0.040243,null,null,0.0267763,null
0.00240953,null,null,null,0.00518499
0.99258,0.0133126,null,null,null
0.130921,null,-0.124519,null,null
-0.0550245,null,null,0.0415968,null
-0.00327761,null,null,null,-0.00145663
0.992578,0.0163656,null,null,null
0.160229,null,-0.0986168,null,null
-0.147385,null,null,0.131475,null
-0.00515423,null,null,null,0.00178513
0.992578,0.0163656,null,null,null
0.160229,null,-0.0986168,null,null
-0.147385,null,null,0.131475,null
-0.00515423,null,null,null,0.00178513
0.992644,0.0169334,null,null,null
0.216274,null,-0.183121,null,null
-0.129181,null,null,0.116559,null
-0.0016229,null,null,null,0.000316061
0.992803,0.0129899,null,null,null
0.216646,null,-0.193598,null,null
-0.146056,null,null,0.138137,null
-0.00246566,null,null,null,0.00341683
0.993031,0.00483375,null,null,null
0.174604,null,-0.135794,null,null
-0.209785,null,null,0.168093,null
-0.00462895,null,null,null,0.00179514
0.993031,0.00483375,null,null,null
0.174604,null,-0.135794,null,null
-0.209785,null,null,0.168093,null
-0.00462895,null,null,null,0.00179514
0.993031,0.00483375,null,null,null
0.174604,null,-0.135794,null,null
-0.209785,null,null,0.168093,null
-0.00462895,null,null,null,0.00179514
0.993029,0.0078682,null,null,null
0.227837,null,-0.0803133,null,null
-0.149336,null,null,0.0796725,null
-0.0039679,null,null,null,0.00308996
0.992989,0.00944636,null,null,null
0.325016,null,-0.0837448,null,null
-0.139352,null,null,0.095404,null
0.00107068,null,null,null,0.000148319
0.992819,0.0149003,null,null,null
0.299719,null,-0.141676,null,null
-0.148198,null,null,0.0769161,null
-0.000501427,null,null,null,-0.00169729
0.992786,0.0142715,null,null,null
0.25396,null,-0.178608,null,null
-0.17153,null,null,0.0853146,null
0.00408037,null,null,null,0.00351289
0.992824,0.0168088,null,null,null
0.308679,null,-0.175031,null,null
-0.138406,null,null,0.028654,null
-0.000202801,null,null,null,0.00223536
0.992956,0.00921528,null,null,null
0.225442,null,-0.228975,null,null
-0.130625,null,null,0.0542009,null
0.00230773,null,null,null,-0.00192491
0.992881,0.00743587,null,null,null
0.250284,null,-0.250986,null,null
-0.124561,null,null,0.0138511,null
0.00476614,null,null,null,4.04417e-05
0.992935,0.00300246,null,null,null
0.299517,null,-0.177926,null,null
-0.169571,null,null,-0.00457748,null
-0.00698959,null,null,null,-0.0033575
0.992935,0.00300246,null,null,null
0.299517,null,-0.177926,null,null
-0.169571,null,null,-0.00457748,null
-0.00698959,null,null,null,-0.0033575
0.992899,0.00788706,null,null,null
0.222159,null,-0.243464,null,null
-0.16037,null,null,-0.034898,null
-0.00278176,null,null,null,-0.000850219
0.99295,0.00347518,null,null,null
0.238195,null,-0.273433,null,null
-0.128592,null,null,0.0364424,null
-0.00183269,null,null,null,-0.00284635
0.99295,0.00347518,null,null,null
0.238195,null,-0.273433,null,null
-0.128592,null,null,0.0364424,null
-0.00183269,null,null,null,-0.00284635
0.992833,0.0111517,null,null,null
0.185105,null,-0.287249,null,null
-0.127086,null,null,0.0381478,null
0.00582781,null,null,null,0.00182956
0.992879,0.0111877,null,null,null
0.104805,null,-0.383609,null,null
-0.104486,null,null,0.042361,null
-0.00402338,null,null,null,0.00313121
0.992965,0.01253,null,null,null
0.118343,null,-0.257019,null,null
-0.11592,null,null,0.0443566,null
-0.00199587,null,null,null,-0.00121448
0.993016,0.00583119,null,null,null
0.106995,null,-0.292652,null,null
-0.139107,null,null,0.107538,null
-0.00618817,null,null,null,-0.000771479
0.99295,0.00762809,null,null,null
0.0430404,null,-0.262499,null,null
-0.164026,null,null,0.108336,null
-0.00157725,null,null,null,-0.000335748
0.992981,0.0140947,null,null,null
0.00425372,null,-0.238049,null,null
-0.202419,null,null,0.145015,null
-0.00467522,null,null,null,0.00149934
0.9929,0.0156696,null,null,null
0.0134339,null,-0.24531,null,null
-0.0993359,null,null,0.114492,null
-0.00160106,null,null,null,0.000934719
0.992815,0.0130362,null,null,null
0.0277632,null,-0.266462,null,null
-0.051814,null,null,0.110648,null
0.00365577,null,null,null,-0.00101356
0.992975,0.00416407,null,null,null
-0.0495526,null,-0.319184,null,null
-0.0200401,null,null,0.0411786,null
-0.00481604,null,null,null,0.000215224
0.992975,0.00416407,null,null,null
-0.0495526,null,-0.319184,null,null
-0.0200401,null,null,0.0411786,null
-0.00481604,null,null,null,0.000215224
0.992975,0.00416407,null,null,null
-0.0495526,null,-0.319184,null,null
-0.0200401,null,null,0.0411786,null
-0.00481604,null,null,null,0.000215224
0.992906,-0.00409881,null,null,null
-0.0335252,null,-0.280237,null,null
-0.0475931,null,null,0.0780607,null
-0.00387416,null,null,null,0.00381329
0.992906,-0.00409881,null,null,null
-0.0335252,null,-0.280237,null,null
-0.0475931,null,null,0.0780607,null
-0.00387416,null,null,null,0.00381329
0.992774,-0.00256707,null,null,null
-0.00606157,null,-0.28126,null,null
-0.00710509,null,null,0.057111,null
-0.00227685,null,null,null,0.00808659
0.992762,-0.00743684,null,null,null
-0.0503842,null,-0.273108,null,null
-0.0394651,null,null,0.0413063,null
0.00383005,null,null,null,0.00496071
0.99279,-0.00335321,null,null,null
-0.048486,null,-0.218444,null,null
-0.0905273,null,null,0.0336186,null
0.00729235,null,null,null,-0.00265435
0.992947,0.00377596,null,null,null
-0.0506868,null,-0.225044,null,null
-0.114474,null,null,0.019573,null
-0.00147329,null,null,null,0.0023278
0.992947,0.00377596,null,null,null
-0.0506868,null,-0.225044,null,null
-0.114474,null,null,0.019573,null
-0.00147329,null,null,null,0.0023278
0.992973,0.00370433,null,null,null
-0.096601,null,-0.268744,null,null
-0.0439915,null,null,0.0448523,null
0.00296495,null,null,null,-0.000425049
0.993135,0.00270962,null,null,null
-0.08275,null,-0.238595,null,null
-0.0648935,null,null,0.0156319,null
0.000917785,null,null,null,0.00322368
0.993046,0.00355023,null,null,null
-0.08802,null,-0.250869,null,null
-0.0641228,null,null,-0.0254484,null
-5.74424e-07,null,null,null,-0.00260654
0.99304,0.00425773,null,null,null
-0.0571106,null,-0.270219,null,null
-0.0195302,null,null,0.00307485,null
0.00294946,null,null,null,-0.00310491
0.99304,0.00425773,null,null,null
-0.0571106,null,-0.270219,null,null
-0.0195302,null,null,0.00307485,null
0.00294946,null,null,null,-0.00310491
0.99304,0.00425773,null,null,null
-0.0571106,null,-0.270219,null,null
-0.0195302,null,null,0.00307485,null
0.00294946,null,null,null,-0.00310491
0.993062,0.00611075,null,null,null
-0.0479427,null,-0.294063,null,null
-0.0241456,null,null,0.0557844,null
0.000111193,null,null,null,-0.000286462
0.993062,0.00611075,null,null,null
-0.0479427,null,-0.294063,null,null
-0.0241456,null,null,0.0557844,null
0.000111193,null,null,null,-0.000286462
0.993056,0.012736,null,null,null
-0.0594241,null,-0.247463,null,null
-0.0159109,null,null,0.132165,null
-0.00200079,null,null,null,-0.000561756
0.992959,0.0148324,null,null,null
-0.0685104,null,-0.27785,null,null
0.0201125,null,null,0.0938932,null
-0.000774169,null,null,null,-0.00262378
0.993036,0.0168781,null,null,null
-0.043938,null,-0.312652,null,null
0.0291301,null,null,0.132551,null
-0.00547098,null,null,null,0.00251864
0.992944,0.0158979,null,null,null
0.00737886,null,-0.297056,null,null
-0.00654753,null,null,0.117314,null
-6.19569e-05,null,null,null,0.00173944
0.99276,0.0242784,null,null,null
-0.0188855,null,-0.439099,null,null
-0.0249694,null,null,0.0838544,null
0.00185567,null,null,null,-0.00271879
0.99267,0.022189,null,null,null
-0.0583061,null,-0.390549,null,null
-0.00976263,null,null,0.147925,null
0.00437838,null,null,null,-0.006397
0.992626,0.0211699,null,null,null
-0.0398968,null,-0.401689,null,null
-0.0148009,null,null,0.105202,null
-0.0037281,null,null,null,0.000368862
0.992626,0.0211699,null,null,null
-0.0398968,null,-0.401689,null,null
-0.0148009,null,null,0.105202,null
-0.0037281,null,null,null,0.000368862
0.99246,0.0263122,null,null,null
-0.0253726,null,-0.395646,null,null
-0.0440495,null,null,0.113285,null
0.00226065,null,null,null,0.00217274
0.992511,0.030145,null,null,null
-0.00256039,null,-0.474249,null,null
-0.0289487,null,null,0.135729,null
-0.00161091,null,null,null,0.000394765
0.992511,0.030145,null,null,null
-0.00256039,null,-0.474249,null,null
-0.0289487,null,null,0.135729,null
-0.00161091,null,null,null,0.000394765
0.992489,0.0291795,null,null,null
0.0288153,null,-0.352861,null,null
0.0163236,null,null,0.122371,null
0.000656964,null,null,null,0.00246655
0.992631,0.0264761,null,null,null
0.0579549,null,-0.435489,null,null
-0.0113356,null,null,0.143709,null
0.000714676,null,null,null,0.000309588
0.992585,0.0241311,null,null,null
0.0728815,null,-0.464888,null,null
-0.0589182,null,null,0.183536,null
0.000732095,null,null,null,0.00604455
0.992502,0.0250448,null,null,null
0.106895,null,-0.417195,null,null
-0.0550998,null,null,0.190397,null
0.00298479,null,null,null,0.00830759
0.992474,0.0279869,null,null,null
0.0582705,null,-0.392587,null,null
-0.0160728,null,null,0.126086,null
0.00380451,null,null,null,-0.000735806
0.992474,0.0279869,null,null,null
0.0582705,null,-0.392587,null,null
-0.0160728,null,null,0.126086,null
0.00380451,null,null,null,-0.000735806
0.99234,0.0280248,null,null,null
0.024924,null,-0.374547,null,null
-0.00731519,null,null,0.130391,null
-2.32414e-05,null,null,null,0.00588616
0.99234,0.0280248,null,null,null
0.024924,null,-0.374547,null,null
-0.00731519,null,null,0.130391,null
-2.32414e-05,null,null,null,0.00588616
0.992426,0.028446,null,null,null
0.0177131,null,-0.404244,null,null
-0.020477,null,null,0.079214,null
0.00406152,null,null,null,-0.00447816
0.992529,0.0258489,null,null,null
0.0168156,null,-0.428716,null,null
0.0333987,null,null,0.121526,null
-0.00127998,null,null,null,-5.75962e-05
0.992529,0.0258489,null,null,null
0.0168156,null,-0.428716,null,null
0.0333987,null,null,0.121526,null
-0.00127998,null,null,null,-5.75962e-05
0.992381,0.025201,null,null,null
0.0189531,null,-0.386393,null,null
-0.0260484,null,null,0.0725239,null
-0.00408604,null,null,null,0.00239863
0.992518,0.0250699,null,null,null
-0.0382584,null,-0.4698,null,null
0.000290539,null,null,0.08573,null
-0.00345004,null,null,null,0.00062463
0.992526,0.0229064,null,null,null
-0.0819518,null,-0.412442,null,null
-0.0613141,null,null,0.06417,null
-0.0077873,null,null,null,-0.00542176
0.99274,0.0234601,null,null,null
-0.0362075,null,-0.383479,null,null
-0.0171968,null,null,0.0786606,null
-0.00520787,null,null,null,0.00377702
0.992606,0.0263808,null,null,null
-0.143429,null,-0.442659,null,null
-0.0381465,null,null,0.147031,null
-0.00207399,null,null,null,0.000791871
0.99269,0.0241749,null,null,null
-0.183339,null,-0.423289,null,null
-0.0400389,null,null,0.0853086,null
-0.00011657,null,null,null,-0.000478087
0.99269,0.0241749,null,null,null
-0.183339,null,-0.423289,null,null
-0.0400389,null,null,0.0853086,null
-0.00011657,null,null,null,-0.000478087
0.992733,0.0171534,null,null,null
-0.174154,null,-0.407147,null,null
0.0119662,null,null,0.108391,null
-0.00463614,null,null,null,0.00212054
0.992648,0.0217541,null,null,null
-0.109944,null,-0.449365,null,null
-0.0290599,null,null,0.103814,null
-0.00222481,null,null,null,0.00201414
0.992648,0.0217541,null,null,null
-0.109944,null,-0.449365,null,null
-0.0290599,null,null,0.103814,null
-0.00222481,null,null,null,0.00201414
0.992664,0.021645,null,null,null
-0.0790914,null,-0.412033,null,null
-0.0608527,null,null,0.1229,null
-0.0092255,null,null,null,0.00152821
0.992789,0.0218307,null,null,null
-0.12954,null,-0.365698,null,null
-0.0515429,null,null,0.119973,null
-0.0010153,null,null,null,0.000600043
0.992705,0.0238454,null,null,null
-0.147523,null,-0.352743,null,null
-0.086444,null,null,0.0601214,null
-0.0081864,null,null,null,-0.00298344
0.992736,0.0235757,null,null,null
-0.0912373,null,-0.333854,null,null
-0.0942229,null,null,0.137612,null
-0.00818203,null,null,null,-0.0012338
0.992679,0.0269585,null,null,null
-0.106877,null,-0.335679,null,null
-0.0987871,null,null,0.134381,null
0.000604404,null,null,null,0.000262624
0.992775,0.0262414,null,null,null
-0.116469,null,-0.350206,null,null
-0.123743,null,null,0.0417726,null
0.000935129,null,null,null,0.00120477
0.992775,0.0262414,null,null,null
-0.116469,null,-0.350206,null,null
-0.123743,null,null,0.0417726,null
0.000935129,null,null,null,0.00120477
0.992775,0.0262414,null,null,null
-0.116469,null,-0.350206,null,null
-0.123743,null,null,0.0417726,null
0.000935129,null,null,null,0.00120477
0.992659,0.0270444,null,null,null
-0.0611255,null,-0.338185,null,null
-0.0680614,null,null,0.0607473,null
0.000250996,null,null,null,0.00101484
0.992659,0.0270444,null,null,null
-0.0611255,null,-0.338185,null,null
-0.0680614,null,null,0.0607473,null
0.000250996,null,null,null,0.00101484
0.992794,0.0217747,null,null,null
0.00223464,null,-0.388767,null,null
-0.0703818,null,null,0.0659809,null
-0.000799159,null,null,null,0.00478121
0.993029,0.018331,null,null,null
-0.0645049,null,-0.394829,null,null
-0.0221602,null,null,-0.00401853,null
-0.00434267,null,null,null,-0.000293817
0.99293,0.0132377,null,null,null
-0.0744468,null,-0.420431,null,null
-0.000387615,null,null,0.0541839,null
0.00310105,null,null,null,0.00361055
0.993027,0.00997035,null,null,null
-0.121159,null,-0.369736,null,null
-0.0382953,null,null,0.0833285,null
0.000852836,null,null,null,0.000754798
0.992874,0.0122272,null,null,null
-0.144936,null,-0.401909,null,null
-0.0917021,null,null,0.0440572,null
0.0012425,null,null,null,0.00549926
0.992874,0.0122272,null,null,null
-0.144936,null,-0.401909,null,null
-0.0917021,null,null,0.0440572,null
0.0012425,null,null,null,0.00549926
0.992929,0.0142457,null,null,null
-0.0659979,null,-0.40698,null,null
-0.0911425,null,null,0.0554929,null
1.54054e-05,null,null,null,-1.596e-05
0.992844,0.0122539,null,null,null
-0.096936,null,-0.348233,null,null
-0.071428,null,null,0.0798438,null
-0.00550624,null,null,null,0.000266691
0.992844,0.0122539,null,null,null
-0.096936,null,-0.348233,null,null
-0.071428,null,null,0.0798438,null
-0.00550624,null,null,null,0.000266691
0.992714,0.0190535,null,null,null
-0.103355,null,-0.303669,null,null
-0.115699,null,null,-0.00789687,null
-0.00599894,null,null,null,-0.000501721
0.99287,0.0134956,null,null,null
-0.0701619,null,-0.272622,null,null
-0.113173,null,null,-0.0294761,null
-0.0063093,null,null,null,0.000167474
0.992895,0.0161856,null,null,null
-0.0467886,null,-0.235516,null,null
-0.1034,null,null,-0.0259232,null
-0.00430182,null,null,null,-0.000576152
0.992792,0.013664,null,null,null
-0.108269,null,-0.273882,null,null
-0.091741,null,null,0.0169271,null
0.000160075,null,null,null,-0.0020498
0.992821,0.0170896,null,null,null
-0.0488442,null,-0.297503,null,null
-0.11698,null,null,0.0520856,null
0.00334981,null,null,null,0.00202509
0.992801,0.0139835,null,null,null
-0.108824,null,-0.390271,null,null
-0.101658,null,null,-0.0110343,null
0.00129047,null,null,null,-0.00184134
0.992892,0.00753005,null,null,null
-0.170514,null,-0.414889,null,null
-0.215104,null,null,0.00543506,null
-0.00216734,null,null,null,0.000488759
0.99295,0.00706278,null,null,null
-0.172623,null,-0.399168,null,null
-0.179407,null,null,0.021247,null
-0.00137082,null,null,null,-0.00180688
0.992794,0.00758862,null,null,null
-0.20983,null,-0.395477,null,null
-0.172072,null,null,-0.00284821,null
0.00254049,null,null,null,0.00441719
0.992935,0.00115323,null,null,null
-0.222245,null,-0.334876,null,null
-0.193112,null,null,-0.0671558,null
0.000418297,null,null,null,0.00190168
0.993124,0.000508839,null,null,null
-0.150498,null,-0.402981,null,null
-0.168894,null,null,-0.0194418,null
-0.00384039,null,null,null,0.00133839
0.993101,-0.000119868,null,null,null
-0.13182,null,-0.346347,null,null
-0.175525,null,null,0.0135035,null
-0.00567091,null,null,null,-0.00168624
0.992946,0.00599494,null,null,null
-0.162599,null,-0.385993,null,null
-0.194889,null,null,0.0103646,null
-0.006595,null,null,null,0.00163131
0.992871,0.00388427,null,null,null
-0.173118,null,-0.330896,null,null
-0.137469,null,null,0.0163451,null
-0.00406639,null,null,null,-0.00330017
0.992871,0.00388427,null,null,null
-0.173118,null,-0.330896,null,null
-0.137469,null,null,0.0163451,null
-0.00406639,null,null,null,-0.00330017
0.992921,0.000156379,null,null,null
-0.174469,null,-0.321474,null,null
-0.131839,null,null,0.0324994,null
-0.00542692,null,null,null,-0.00239917
0.992835,-0.00342549,null,null,null
-0.182322,null,-0.34944,null,null
-0.154954,null,null,0.01402,null
0.0037926,null,null,null,-0.000143871
0.992776,-0.00671693,null,null,null
-0.158035,null,-0.341147,null,null
-0.120905,null,null,0.0938255,null
0.00185738,null,null,null,-0.00495021
0.992835,-0.0078926,null,null,null
-0.174274,null,-0.385943,null,null
-0.0970596,null,null,0.125177,null
0.0034284,null,null,null,-0.00854286
0.99286,-0.00739798,null,null,null
-0.130704,null,-0.413516,null,null
-0.114062,null,null,0.126316,null
0.0011101,null,null,null,-0.00814304
0.9929,-0.0064853,null,null,null
-0.116487,null,-0.46623,null,null
-0.150796,null,null,0.148956,null
0.00483421,null,null,null,-0.00189681
0.992949,-0.00691415,null,null,null
-0.169868,null,-0.436726,null,null
-0.15373,null,null,0.153829,null
0.00355144,null,null,null,0.000902739
0.992812,-0.00612854,null,null,null
-0.162298,null,-0.316979,null,null
-0.167488,null,null,0.11465,null
-0.00177694,null,null,null,0.000651379
0.992897,-0.00273532,null,null,null
-0.148161,null,-0.237896,null,null
-0.120111,null,null,0.0983335,null
-0.00463544,null,null,null,0.00414946
0.992918,-0.00605661,null,null,null
-0.109047,null,-0.301734,null,null
-0.102888,null,null,0.0296874,null
-0.0033825,null,null,null,0.00343592
0.992918,-0.00605661,null,null,null
-0.109047,null,-0.301734,null,null
-0.102888,null,null,0.0296874,null
-0.0033825,null,null,null,0.00343592
0.992915,-0.00551384,null,null,null
-0.148176,null,-0.274901,null,null
-0.114665,null,null,0.0602771,null
-0.00228212,null,null,null,0.000534912
0.992871,-0.000499011,null,null,null
-0.117181,null,-0.240258,null,null
-0.065628,null,null,0.0891217,null
-0.007165,null,null,null,0.00463358
0.992871,-0.000499011,null,null,null
-0.117181,null,-0.240258,null,null
-0.065628,null,null,0.0891217,null
-0.007165,null,null,null,0.00463358
0.99273,0.00735367,null,null,null
-0.189688,null,-0.255051,null,null
-0.0939866,null,null,0.0965919,null
-0.00552785,null,null,null,2.03645e-05
0.99273,0.00735367,null,null,null
-0.189688,null,-0.255051,null,null
-0.0939866,null,null,0.0965919,null
-0.00552785,null,null,null,2.03645e-05
0.992924,0.0036587,null,null,null
-0.205464,null,-0.25884,null,null
-0.0916123,null,null,0.10433,null
-0.00420832,null,null,null,0.00131672
0.992842,-0.00564466,null,null,null
-0.233228,null,-0.232137,null,null
-0.0859847,null,null,0.028958,null
-0.00938507,null,null,null,-0.00659341
0.992868,-0.00199599,null,null,null
-0.256726,null,-0.28075,null,null
-0.0162876,null,null,-0.00734803,null
-0.0116591,null,null,null,0.000385615
0.992634,-0.00146689,null,null,null
-0.247746,null,-0.25045,null,null
-0.0647897,null,null,0.0364599,null
-0.00507541,null,null,null,-0.00490992
0.992823,-0.00226865,null,null,null
-0.271841,null,-0.257037,null,null
-0.0541852,null,null,0.0221095,null
-0.00588816,null,null,null,-0.00474823
0.992915,-0.00018226,null,null,null
-0.29536,null,-0.271359,null,null
-0.0399434,null,null,-0.0338681,null
-0.00169198,null,null,null,-0.000172248
0.992915,-0.00018226,null,null,null
-0.29536,null,-0.271359,null,null
-0.0399434,null,null,-0.0338681,null
-0.00169198,null,null,null,-0.000172248
0.992865,0.00138327,null,null,null
-0.186837,null,-0.303237,null,null
-0.0553177,null,null,-0.071244,null
0.00241467,null,null,null,0.000356592
0.992809,0.00132035,null,null,null
-0.153628,null,-0.381799,null,null
-0.0148551,null,null,-0.102864,null
0.0028178,null,null,null,0.00320855
0.992919,0.0042852,null,null,null
-0.078768,null,-0.38361,null,null
0.0404789,null,null,-0.0809659,null
0.000269576,null,null,null,0.0029999
0.992953,0.00273232,null,null,null
-0.0349106,null,-0.358754,null,null
0.0995564,null,null,-0.049454,null
-0.00402165,null,null,null,0.00333777
0.992976,-0.00343117,null,null,null
0.0306893,null,-0.339321,null,null
0.115291,null,null,-0.0817615,null
-0.00243508,null,null,null,0.000414781
0.992977,-0.00447639,null,null,null
0.00100555,null,-0.350929,null,null
0.12702,null,null,-0.108916,null
-0.00349754,null,null,null,-0.00114376
0.992912,-0.0055965,null,null,null
0.00119544,null,-0.289489,null,null
0.131422,null,null,-0.0412199,null
-0.00151139,null,null,null,0.00842866
0.992912,-0.0055965,null,null,null
0.00119544,null,-0.289489,null,null
0.131422,null,null,-0.0412199,null
-0.00151139,null,null,null,0.00842866
0.992954,-0.00250806,null,null,null
-0.0690245,null,-0.291896,null,null
0.0911123,null,null,-0.146482,null
-0.00176787,null,null,null,-0.000143345
0.99294,0.00129275,null,null,null
-0.00921351,null,-0.26337,null,null
0.11218,null,null,-0.142808,null
0.00107098,null,null,null,0.00372003
0.992844,0.00146452,null,null,null
-0.0535484,null,-0.221599,null,null
0.140552,null,null,-0.0981144,null
0.000602387,null,null,null,-0.000613318
0.992853,0.0029975,null,null,null
-0.0823553,null,-0.23874,null,null
0.105694,null,null,-0.119228,null
-0.00475883,null,null,null,-0.00309612
0.992942,0.00217341,null,null,null
-0.139113,null,-0.302878,null,null
0.0295616,null,null,-0.117058,null
0.00226254,null,null,null,0.0014974
0.992977,0.00585229,null,null,null
-0.094484,null,-0.331024,null,null
0.000748319,null,null,-0.117756,null
0.00398864,null,null,null,-0.00648364
0.992912,0.0136736,null,null,null
-0.106314,null,-0.321505,null,null
0.0487499,null,null,-0.117546,null
0.00381095,null,null,null,-0.00304282
0.992861,0.0137856,null,null,null
-0.0869085,null,-0.287669,null,null
0.0813634,null,null,-0.112336,null
0.00115196,null,null,null,0.00122225
0.992945,0.018887,null,null,null
-0.142314,null,-0.359626,null,null
0.0689842,null,null,-0.091866,null
-0.00095487,null,null,null,6.1002e-07
0.993038,0.0151834,null,null,null
-0.102069,null,-0.376419,null,null
0.0535526,null,null,-0.0592416,null
0.000926417,null,null,null,0.00393022
0.992989,0.0122488,null,null,null
-0.157216,null,-0.359976,null,null
-0.0244557,null,null,-0.00438341,null
0.00508166,null,null,null,-0.000397809
0.992989,0.0122488,null,null,null
-0.157216,null,-0.359976,null,null
-0.0244557,null,null,-0.00438341,null
0.00508166,null,null,null,-0.000397809
0.992859,0.017815,null,null,null
-0.135125,null,-0.313095,null,null
-0.0203338,null,null,-0.00446146,null
-0.000409659,null,null,null,0.00221004
0.992742,0.0172044,null,null,null
-0.131869,null,-0.325651,null,null
-0.0294569,null,null,-0.0160939,null
-0.00123093,null,null,null,-0.00118355
0.992925,0.0118715,null,null,null
-0.125151,null,-0.342826,null,null
-0.0147125,null,null,-0.0196528,null
0.000926895,null,null,null,0.00265399
0.992855,0.00452871,null,null,null
-0.124562,null,-0.324433,null,null
-0.0751312,null,null,-0.0141411,null
0.000686442,null,null,null,0.00210516
0.992855,0.00452871,null,null,null
-0.124562,null,-0.324433,null,null
-0.0751312,null,null,-0.0141411,null
0.000686442,null,null,null,0.00210516
0.992703,0.0089491,null,null,null
-0.164282,null,-0.319673,null,null
-0.088787,null,null,0.00741986,null
-0.00683365,null,null,null,0.00229674
0.992627,0.0165804,null,null,null
-0.245286,null,-0.306507,null,null
-0.0822041,null,null,0.0667889,null
-0.00481406,null,null,null,-0.0038667
0.992589,0.0140805,null,null,null
-0.27462,null,-0.267216,null,null
-0.132203,null,null,0.0602724,null
-0.000314934,null,null,null,-0.0016617
0.992909,0.0108704,null,null,null
-0.295459,null,-0.31948,null,null
-0.0845465,null,null,0.0783784,null
0.00175095,null,null,null,-0.00572585
0.992968,0.00851001,null,null,null
-0.220069,null,-0.202234,null,null
-0.0783148,null,null,0.0574289,null
-0.000473102,null,null,null,0.00221716
0.992883,0.00303146,null,null,null
-0.219727,null,-0.255911,null,null
-0.0392412,null,null,0.0732931,null
1.73766e-05,null,null,null,0.000116728
0.99287,0.00505986,null,null,null
-0.198201,null,-0.347829,null,null
-0.017949,null,null,0.111048,null
0.00435202,null,null,null,-0.000383857
0.99287,0.00505986,null,null,null
-0.198201,null,-0.347829,null,null
-0.017949,null,null,0.111048,null
0.00435202,null,null,null,-0.000383857
0.99296,0.00117754,null,null,null
-0.182688,null,-0.343169,null,null
-0.0496466,null,null,0.0711779,null
0.00445539,null,null,null,-0.00350726
0.993046,0.00233028,null,null,null
-0.165417,null,-0.28292,null,null
-0.059414,null,null,0.047425,null
-0.00106883,null,null,null,-0.00254885
0.993023,0.00473501,null,null,null
-0.165139,null,-0.26367,null,null
-0.0293321,null,null,0.0205318,null
0.00590876,null,null,null,-0.00947711
0.993055,0.000264772,null,null,null
-0.189208,null,-0.224379,null,null
-0.0248657,null,null,0.0157667,null
0.00384459,null,null,null,-0.00317954
0.993036,9.53525e-05,null,null,null
-0.200019,null,-0.314495,null,null
-0.0151282,null,null,-0.0140366,null
0.00277793,null,null,null,-0.000578986
0.993128,-0.00669505,null,null,null
-0.183341,null,-0.235467,null,null
-0.0247155,null,null,-0.0245402,null
0.00685454,null,null,null,-0.000487546
0.993035,-0.00614705,null,null,null
-0.157205,null,-0.26792,null,null
-0.00800924,null,null,-0.0108072,null
0.00704359,null,null,null,-0.000639959
0.992949,-0.00732111,null,null,null
-0.124816,null,-0.342104,null,null
0.00623081,null,null,0.0188964,null
0.0105454,null,null,null,0.00343934
0.993135,-0.00707066,null,null,null
-0.202804,null,-0.369837,null,null
-0.0634849,null,null,0.0450464,null
0.0040916,null,null,null,-0.00155937
0.993096,-0.0141826,null,null,null
-0.143996,null,-0.368928,null,null
-0.013916,null,null,-0.0271093,null
-0.000360104,null,null,null,0.00729531
0.993016,-0.0126424,null,null,null
-0.204891,null,-0.336499,null,null
0.0447744,null,null,-0.0592076,null
-0.00252239,null,null,null,0.00758944
0.993056,-0.0116548,null,null,null
-0.176306,null,-0.338247,null,null
-0.0437194,null,null,-0.0802751,null
-0.000315746,null,null,null,0.00582868
0.993056,-0.0116548,null,null,null
-0.176306,null,-0.338247,null,null
-0.0437194,null,null,-0.0802751,null
-0.000315746,null,null,null,0.00582868
0.993025,-0.0108126,null,null,null
-0.189023,null,-0.392929,null,null
-0.0176471,null,null,-0.109677,null
0.000542133,null,null,null,0.00750506
0.993025,-0.0108126,null,null,null
-0.189023,null,-0.392929,null,null
-0.0176471,null,null,-0.109677,null
0.000542133,null,null,null,0.00750506
0.993105,-0.00891657,null,null,null
-0.126344,null,-0.38964,null,null
-0.0429005,null,null,-0.0543746,null
0.00140401,null,null,null,0.00292466
0.993105,-0.00891657,null,null,null
-0.126344,null,-0.38964,null,null
-0.0429005,null,null,-0.0543746,null
0.00140401,null,null,null,0.00292466
0.993093,-0.00699055,null,null,null
-0.146505,null,-0.394786,null,null
-0.0270919,null,null,-0.0300296,null
0.00477801,null,null,null,-0.000192251
0.993024,0.000300851,null,null,null
-0.153885,null,-0.389298,null,null
-0.0563975,null,null,-0.114121,null
0.000457149,null,null,null,0.000218851
0.993097,0.00375884,null,null,null
-0.18775,null,-0.345504,null,null
-0.040959,null,null,-0.0163079,null
0.00149954,null,null,null,-0.00364287
0.993097,0.00375884,null,null,null
-0.18775,null,-0.345504,null,null
-0.040959,null,null,-0.0163079,null
0.00149954,null,null,null,-0.00364287
0.993004,-0.000866007,null,null,null
-0.171056,null,-0.411071,null,null
-0.0234609,null,null,-0.0258536,null
0.0032574,null,null,null,-0.000564074
0.993004,-0.000866007,null,null,null
-0.171056,null,-0.411071,null,null
-0.0234609,null,null,-0.0258536,null
0.0032574,null,null,null,-0.000564074
0.992942,-0.00299486,null,null,null
-0.196219,null,-0.365988,null,null
0.0154088,null,null,0.0181574,null
-0.00128441,null,null,null,-0.00511617
0.993053,-0.00168986,null,null,null
-0.179313,null,-0.312929,null,null
0.0323885,null,null,-0.041902,null
-0.000779782,null,null,null,0.00340411
0.993095,-0.000973641,null,null,null
-0.152237,null,-0.253445,null,null
0.0328237,null,null,-0.0310964,null
-0.00294352,null,null,null,0.00400559
0.992873,0.00198,null,null,null
-0.204771,null,-0.290575,null,null
0.0164532,null,null,-0.0269486,null
-0.000711701,null,null,null,0.00132661
0.992941,0.00436985,null,null,null
-0.182459,null,-0.337565,null,null
0.0213927,null,null,-0.0736597,null
-0.000425927,null,null,null,0.00289576
0.992915,-0.00160152,null,null,null
-0.17525,null,-0.373125,null,null
0.0199944,null,null,-0.0873946,null
-0.00136765,null,null,null,0.00120762
0.9929,-0.00266029,null,null,null
-0.156488,null,-0.320767,null,null
-0.0139575,null,null,-0.0656832,null
0.0065073,null,null,null,0.0119464
0.992856,-0.007117,null,null,null
-0.106836,null,-0.258541,null,null
-0.033028,null,null,0.019024,null
0.00839825,null,null,null,0.00906715
0.992885,-0.004408,null,null,null
-0.0912867,null,-0.245649,null,null
-0.0311613,null,null,-0.00957138,null
0.00502895,null,null,null,0.0101395
0.992985,-0.00721835,null,null,null
-0.0712904,null,-0.295736,null,null
-0.0294444,null,null,0.0124893,null
0.000449781,null,null,null,0.00644125
0.993014,-0.00800866,null,null,null
-0.12349,null,-0.37536,null,null
-0.0588048,null,null,0.0687901,null
0.00635776,null,null,null,0.00146735
0.992964,-0.00466134,null,null,null
-0.095871,null,-0.435645,null,null
-0.0605444,null,null,0.0443896,null
0.0062321,null,null,null,-0.00617895
0.993035,0.00104963,null,null,null
-0.0449073,null,-0.452316,null,null
-0.100767,null,null,0.0258176,null
-0.00233663,null,null,null,0.000515281
0.99294,-0.0075571,null,null,null
-0.0991986,null,-0.413411,null,null
-0.0986601,null,null,-0.00437701,null
-0.00565705,null,null,null,0.00412938
0.992892,-0.00723764,null,null,null
-0.122827,null,-0.459384,null,null
-0.144737,null,null,-0.0156629,null
-0.0014114,null,null,null,0.0039641
0.992971,-0.00847279,null,null,null
-0.0835329,null,-0.451516,null,null
-0.146858,null,null,-0.040205,null
0.000440946,null,null,null,0.00214676
0.992866,-0.0135305,null,null,null
-0.201705,null,-0.474394,null,null
-0.123426,null,null,-0.0276155,null
-0.00332341,null,null,null,0.00312992
0.99291,-0.0112978,null,null,null
-0.18647,null,-0.473795,null,null
-0.101925,null,null,-0.0748785,null
-0.0058752,null,null,null,0.00198948
0.992949,-0.0115977,null,null,null
-0.149516,null,-0.482642,null,null
-0.00196166,null,null,-0.186445,null
-0.00622883,null,null,null,0.00757205
0.992938,-0.011672,null,null,null
-0.17406,null,-0.509216,null,null
0.0139094,null,null,-0.186449,null
-0.00631446,null,null,null,0.0085177
0.993021,-0.00937851,null,null,null
-0.111775,null,-0.484286,null,null
0.0112793,null,null,-0.154161,null
-0.00558,null,null,null,0.00509557
0.993021,-0.00937851,null,null,null
-0.111775,null,-0.484286,null,null
0.0112793,null,null,-0.154161,null
-0.00558,null,null,null,0.00509557
0.992929,-0.00929836,null,null,null
-0.122993,null,-0.455327,null,null
0.0332861,null,null,-0.149624,null
-0.000239262,null,null,null,0.00267784
0.99295,-0.00960865,null,null,null
-0.109924,null,-0.477002,null,null
0.0471805,null,null,-0.068026,null
0.00405891,null,null,null,-0.00329879
0.992915,-0.0107068,null,null,null
-0.0312985,null,-0.454568,null,null
0.0469982,null,null,-0.0697281,null
-0.00380162,null,null,null,-0.00192634
0.992915,-0.0107068,null,null,null
-0.0312985,null,-0.454568,null,null
0.0469982,null,null,-0.0697281,null
-0.00380162,null,null,null,-0.00192634
0.992769,-0.00982642,null,null,null
0.0645872,null,-0.417035,null,null
0.042545,null,null,-0.0384919,null
-0.00348432,null,null,null,-0.00809913
0.99287,-0.0123325,null,null,null
0.0180861,null,-0.407756,null,null
0.0999748,null,null,-0.0300566,null
0.00338296,null,null,null,-0.00401087
0.99287,-0.0123325,null,null,null
0.0180861,null,-0.407756,null,null
0.0999748,null,null,-0.0300566,null
0.00338296,null,null,null,-0.00401087
0.99287,-0.0123325,null,null,null
0.0180861,null,-0.407756,null,null
0.0999748,null,null,-0.0300566,null
0.00338296,null,null,null,-0.00401087
0.992875,-0.0129724,null,null,null
-0.0332936,null,-0.37486,null,null
0.124747,null,null,-0.0651527,null
0.0043997,null,null,null,-0.000541175
0.992875,-0.0129724,null,null,null
-0.0332936,null,-0.37486,null,null
0.124747,null,null,-0.0651527,null
0.0043997,null,null,null,-0.000541175
0.992925,-0.00630124,null,null,null
-0.00215856,null,-0.344474,null,null
0.0925015,null,null,-0.0733679,null
0.00282808,null,null,null,5.46706e-05
0.993093,-0.00465214,null,null,null
0.0584205,null,-0.359614,null,null
0.134972,null,null,-0.113492,null
0.00321239,null,null,null,0.000487046
0.993093,-0.00465214,null,null,null
0.0584205,null,-0.359614,null,null
0.134972,null,null,-0.113492,null
0.00321239,null,null,null,0.000487046
0.99305,-0.00636816,null,null,null
0.121193,null,-0.362965,null,null
0.129188,null,null,-0.118391,null
-0.00320436,null,null,null,0.00603984
0.993026,-0.00791842,null,null,null
0.118177,null,-0.333531,null,null
0.100132,null,null,-0.113212,null
-0.00272875,null,null,null,9.37841e-05
0.993114,-0.00266806,null,null,null
0.115348,null,-0.308205,null,null
0.0160876,null,null,-0.150601,null
-0.00127704,null,null,null,-0.00144679
0.99316,0.00411961,null,null,null
0.106272,null,-0.330344,null,null
0.0355048,null,null,-0.133519,null
-0.00124534,null,null,null,-0.00291916
0.993259,0.00418074,null,null,null
0.0492573,null,-0.390565,null,null
0.0410571,null,null,-0.162775,null
0.000961837,null,null,null,4.40033e-05
0.993216,7.84389e-06,null,null,null
0.072176,null,-0.373723,null,null
0.00698091,null,null,-0.115366,null
-0.00161015,null,null,null,-0.000951214
0.993141,0.00812281,null,null,null
0.0155692,null,-0.341754,null,null
0.0343029,null,null,-0.145909,null
-0.00393001,null,null,null,0.00315441
0.993273,0.00675285,null,null,null
0.0885828,null,-0.31448,null,null
-0.00600704,null,null,-0.119949,null
-0.0016682,null,null,null,0.00311942
0.993189,0.00566688,null,null,null
0.0383259,null,-0.282389,null,null
0.038094,null,null,-0.131166,null
0.00014137,null,null,null,0.0034046
0.993189,0.00566688,null,null,null
0.0383259,null,-0.282389,null,null
0.038094,null,null,-0.131166,null
0.00014137,null,null,null,0.0034046
0.993291,0.00850064,null,null,null
0.065176,null,-0.311726,null,null
0.0743555,null,null,-0.121598,null
0.00156425,null,null,null,-0.00117584
0.99305,0.0082282,null,null,null
0.0489298,null,-0.28234,null,null
0.0586724,null,null,-0.144871,null
0.00108129,null,null,null,-0.00567771
0.993039,0.00263108,null,null,null
0.0257395,null,-0.250287,null,null
0.0405885,null,null,-0.239491,null
0.00132659,null,null,null,0.00275362
0.993039,0.00263108,null,null,null
0.0257395,null,-0.250287,null,null
0.0405885,null,null,-0.239491,null
0.00132659,null,null,null,0.00275362
0.993015,0.00162397,null,null,null
0.0523825,null,-0.296681,null,null
0.0761203,null,null,-0.245957,null
0.000792927,null,null,null,0.00254085
0.992973,0.00552657,null,null,null
0.00779291,null,-0.352401,null,null
-0.00680567,null,null,-0.257412,null
0.00535276,null,null,null,0.000404093
0.99308,0.00846559,null,null,null
-0.0143783,null,-0.293575,null,null
-0.0103185,null,null,-0.253376,null
0.00444331,null,null,null,-0.00416866
0.992985,0.0117624,null,null,null
-0.00970473,null,-0.264817,null,null
0.0143481,null,null,-0.177996,null
0.00235346,null,null,null,-0.00652476
0.993112,0.0130343,null,null,null
-0.00754765,null,-0.262252,null,null
-0.0218927,null,null,-0.194856,null
0.00440215,null,null,null,-0.000615552
0.993089,0.0108894,null,null,null
0.0203144,null,-0.21724,null,null
0.0352587,null,null,-0.206467,null
-0.000617149,null,null,null,-0.00668485
0.993065,0.0101114,null,null,null
0.0243107,null,-0.190075,null,null
-0.00617741,null,null,-0.0582963,null
-0.00323389,null,null,null,0.00492359
0.993178,0.00365231,null,null,null
0.0238124,null,-0.24895,null,null
0.0334614,null,null,-0.111012,null
-0.00307226,null,null,null,0.00441158
0.99313,0.00151586,null,null,null
0.113964,null,-0.181133,null,null
0.0305485,null,null,-0.121389,null
-0.00608628,null,null,null,-0.00171644
0.992856,-0.00199089,null,null,null
0.0689981,null,-0.157531,null,null
0.0138262,null,null,-0.083408,null
-0.00469535,null,null,null,-0.00501174
0.992873,-0.0041448,null,null,null
0.0548755,null,-0.148139,null,null
0.0182635,null,null,-0.123464,null
-0.00283961,null,null,null,-0.00487554
0.992873,-0.0041448,null,null,null
0.0548755,null,-0.148139,null,null
0.0182635,null,null,-0.123464,null
-0.00283961,null,null,null,-0.00487554
0.992873,-0.0041448,null,null,null
0.0548755,null,-0.148139,null,null
0.0182635,null,null,-0.123464,null
-0.00283961,null,null,null,-0.00487554
0.993032,-0.00394147,null,null,null
0.030575,null,-0.122536,null,null
0.0438766,null,null,-0.131719,null
-0.00725923,null,null,null,0.00144189
0.992915,-0.0062263,null,null,null
0.0922898,null,-0.105116,null,null
0.0406212,null,null,-0.162971,null
-0.00580859,null,null,null,-0.00284839
0.992891,-0.00726236,null,null,null
0.0208258,null,-0.0646995,null,null
0.0469328,null,null,-0.145999,null
-0.00344209,null,null,null,0.0010183
0.992891,-0.00726236,null,null,null
0.0208258,null,-0.0646995,null,null
0.0469328,null,null,-0.145999,null
-0.00344209,null,null,null,0.0010183
0.992777,-0.0137302,null,null,null
-0.0348876,null,-0.109072,null,null
0.0468461,null,null,-0.15772,null
0.00219946,null,null,null,-0.00569564
0.99282,-0.00907038,null,null,null
0.0326167,null,-0.0461,null,null
0.0248349,null,null,-0.125254,null
0.00201265,null,null,null,-0.00594625
0.992883,-0.00547849,null,null,null
-0.0320324,null,-0.0910764,null,null
-0.0435401,null,null,-0.116068,null
0.000230847,null,null,null,-0.00719815
0.992945,-0.000946571,null,null,null
-0.0200636,null,-0.0930569,null,null
-0.0258561,null,null,-0.0855374,null
-3.07907e-05,null,null,null,-0.00514536
0.993047,0.00161621,null,null,null
-0.0324244,null,-0.0570811,null,null
0.00613709,null,null,-0.048673,null
-0.000192115,null,null,null,-0.00139449
0.993047,0.00161621,null,null,null
-0.0324244,null,-0.0570811,null,null
0.00613709,null,null,-0.048673,null
-0.000192115,null,null,null,-0.00139449
0.993034,0.00342068,null,null,null
-0.0589466,null,-0.140231,null,null
-0.00940745,null,null,0.00602895,null
0.000628126,null,null,null,0.000122076
0.993059,0.00774788,null,null,null
-0.0640086,null,-0.102485,null,null
-0.0056795,null,null,-0.0330795,null
-0.0014984,null,null,null,-0.0048063
0.993009,0.00234233,null,null,null
-0.0238917,null,-0.083646,null,null
-0.0306657,null,null,0.0553242,null
-0.000124989,null,null,null,-0.00542517
0.993139,0.000107686,null,null,null
-0.0534524,null,-0.0930987,null,null
-0.00350419,null,null,0.0390213,null
-0.00104339,null,null,null,-0.00551194
0.993173,0.000609485,null,null,null
0.000193086,null,-0.0746671,null,null
0.0203907,null,null,0.0685574,null
0.000489871,null,null,null,-0.00297756
0.993081,-0.00241882,null,null,null
0.0216106,null,-0.093673,null,null
0.069182,null,null,0.0770355,null
0.00055104,null,null,null,-0.00288661
0.993081,-0.00241882,null,null,null
0.0216106,null,-0.093673,null,null
0.069182,null,null,0.0770355,null
0.00055104,null,null,null,-0.00288661
0.993017,-0.000964269,null,null,null
-0.034269,null,-0.121198,null,null
0.0535565,null,null,0.0450905,null
0.000534091,null,null,null,0.00509553
0.993017,-0.000964269,null,null,null
-0.034269,null,-0.121198,null,null
0.0535565,null,null,0.0450905,null
0.000534091,null,null,null,0.00509553
0.993017,-0.000964269,null,null,null
-0.034269,null,-0.121198,null,null
0.0535565,null,null,0.0450905,null
0.000534091,null,null,null,0.00509553
0.992926,-0.00685631,null,null,null
-0.01063,null,-0.12682,null,null
0.13229,null,null,0.0621999,null
-0.00427296,null,null,null,0.00502761
0.993132,-0.00721492,null,null,null
-0.00608354,null,-0.0735405,null,null
0.0715904,null,null,0.0383654,null
-0.00347058,null,null,null,0.00607364
0.992919,-0.0100741,null,null,null
-0.078306,null,-0.169909,null,null
0.0199694,null,null,-0.0120071,null
-0.00399385,null,null,null,0.00333249
0.993099,-0.00568788,null,null,null
-0.0383008,null,-0.126972,null,null
0.0314944,null,null,0.0429644,null
-0.00480008,null,null,null,0.0048109
0.993067,-0.00213037,null,null,null
-0.0315079,null,-0.112857,null,null
0.0193621,null,null,-0.00635787,null
-0.00304154,null,null,null,0.00965964
0.99287,-0.0105882,null,null,null
-0.000981038,null,-0.102735,null,null
0.0430765,null,null,0.047031,null
-0.000206391,null,null,null,0.00531298
0.993003,-0.01293,null,null,null
-0.0126134,null,-0.0917944,null,null
0.0712872,null,null,0.039199,null
0.00588056,null,null,null,0.00721025
0.993003,-0.01293,null,null,null
-0.0126134,null,-0.0917944,null,null
0.0712872,null,null,0.039199,null
0.00588056,null,null,null,0.00721025
0.992939,-0.0145343,null,null,null
-0.0751773,null,-0.109242,null,null
0.0263901,null,null,0.0529336,null
0.00126979,null,null,null,1.07576e-05
0.992835,-0.0150393,null,null,null
-0.078568,null,-0.101206,null,null
0.0221271,null,null,0.0730511,null
0.00412268,null,null,null,-0.001485
0.992765,-0.0122768,null,null,null
-0.118009,null,-0.121084,null,null
0.0339041,null,null,0.0125247,null
0.0025546,null,null,null,-0.000183241
0.992735,-0.0121455,null,null,null
-0.109624,null,-0.104021,null,null
0.0204129,null,null,-0.0240586,null
0.00850959,null,null,null,-0.00161296
0.992781,-0.0150014,null,null,null
-0.167206,null,-0.110228,null,null
-0.0336342,null,null,-0.00647225,null
0.00652495,null,null,null,0.000592461
0.992781,-0.0150014,null,null,null
-0.167206,null,-0.110228,null,null
-0.0336342,null,null,-0.00647225,null
0.00652495,null,null,null,0.000592461
0.993036,-0.0122956,null,null,null
-0.165882,null,-0.0805116,null,null
0.035479,null,null,0.0051583,null
-0.000121875,null,null,null,0.00881716
0.992981,-0.00891734,null,null,null
-0.161195,null,-0.156016,null,null
0.049716,null,null,0.0317117,null
0.00344786,null,null,null,0.0017355
0.992981,-0.00891734,null,null,null
-0.161195,null,-0.156016,null,null
0.049716,null,null,0.0317117,null
0.00344786,null,null,null,0.0017355
0.993112,-0.0101065,null,null,null
-0.216494,null,-0.0727024,null,null
0.0781639,null,null,0.0205034,null
0.00459438,null,null,null,-0.000659314
0.9932,-0.00704479,null,null,null
-0.164684,null,-0.0774376,null,null
0.0483533,null,null,-0.000565918,null
0.000602566,null,null,null,-0.00475204
0.992956,-0.0074482,null,null,null
-0.102821,null,-0.0294795,null,null
0.067213,null,null,0.0247591,null
-0.000584394,null,null,null,-0.00434725
0.99315,-0.00811206,null,null,null
-0.113416,null,-0.0449935,null,null
0.0681133,null,null,0.0276655,null
0.000980139,null,null,null,0.00113776
0.992995,-0.00996219,null,null,null
-0.118202,null,-0.0692026,null,null
0.133802,null,null,0.0160812,null
0.00312276,null,null,null,1.71557e-05
0.993064,-0.00394874,null,null,null
-0.157729,null,-0.149743,null,null
0.0713281,null,null,0.0394066,null
0.00152525,null,null,null,0.0012893
0.993138,0.0013813,null,null,null
-0.121282,null,-0.116627,null,null
0.0679454,null,null,0.0749805,null
-0.00488676,null,null,null,0.00777005
0.993138,0.0013813,null,null,null
-0.121282,null,-0.116627,null,null
0.0679454,null,null,0.0749805,null
-0.00488676,null,null,null,0.00777005
0.993138,0.0013813,null,null,null
-0.121282,null,-0.116627,null,null
0.0679454,null,null,0.0749805,null
-0.00488676,null,null,null,0.00777005
0.992906,-0.00701319,null,null,null
-0.0870188,null,-0.106345,null,null
0.0654245,null,null,0.0645729,null
0.00319945,null,null,null,-0.000352863
0.992951,-0.0118517,null,null,null
-0.120531,null,-0.191276,null,null
0.111607,null,null,0.098141,null
-0.00171207,null,null,null,-0.00136575
0.992875,-0.0152214,null,null,null
-0.100499,null,-0.209731,null,null
0.172734,null,null,0.0334911,null
0.000261535,null,null,null,-0.00402417
0.993006,-0.007709,null,null,null
-0.0608405,null,-0.230378,null,null
0.133675,null,null,0.00227844,null
-2.24291e-06,null,null,null,-0.00122631
0.99298,-0.0070219,null,null,null
0.000879517,null,-0.216787,null,null
0.184119,null,null,-0.0452029,null
0.00477147,null,null,null,-0.00423953
0.99298,-0.0070219,null,null,null
0.000879517,null,-0.216787,null,null
0.184119,null,null,-0.0452029,null
0.00477147,null,null,null,-0.00423953
0.99292,-0.00798596,null,null,null
0.00251805,null,-0.232739,null,null
0.185696,null,null,-0.123463,null
0.00279154,null,null,null,0.00220233
0.992746,-0.0171846,null,null,null
-0.000787179,null,-0.200686,null,null
0.181499,null,null,-0.0908966,null
0.0030478,null,null,null,-0.00016704
0.9928,-0.017263,null,null,null
0.00100603,null,-0.226091,null,null
0.140139,null,null,-0.0291619,null
-0.00316971,null,null,null,0.006268
0.992801,-0.0193623,null,null,null
-0.0397407,null,-0.249435,null,null
0.191403,null,null,0.0142926,null
-0.00312621,null,null,null,0.00369389
0.99283,-0.0219687,null,null,null
0.0378944,null,-0.233614,null,null
0.220536,null,null,0.0394681,null
-0.00447517,null,null,null,-0.00152261
0.992915,-0.0183336,null,null,null
0.03503,null,-0.19414,null,null
0.220629,null,null,-0.0145085,null
-0.00828029,null,null,null,0.00172275
0.992904,-0.0127399,null,null,null
0.0264468,null,-0.157894,null,null
0.277566,null,null,-0.0355159,null
-0.0103584,null,null,null,-0.00119745
0.992916,-0.00917696,null,null,null
0.040919,null,-0.200901,null,null
0.274696,null,null,-0.0917817,null
-0.0049521,null,null,null,-0.0013261
0.992844,-0.0141124,null,null,null
-0.0408565,null,-0.15825,null,null
0.327635,null,null,-0.0837371,null
-0.0028933,null,null,null,-0.00109536
0.992833,-0.0183214,null,null,null
0.0103223,null,-0.255146,null,null
0.3661,null,null,-0.134909,null
-0.000937633,null,null,null,0.00309049
0.99287,-0.0137792,null,null,null
-0.0197311,null,-0.228375,null,null
0.288832,null,null,-0.152084,null
-0.00480123,null,null,null,0.00350635
0.99295,-0.00866586,null,null,null
-0.0257005,null,-0.204758,null,null
0.288925,null,null,-0.138877,null
-0.00289273,null,null,null,0.00362091
0.992909,-1.37993e-05,null,null,null
-0.0563572,null,-0.210296,null,null
0.179512,null,null,-0.186024,null
-0.000405046,null,null,null,0.00207001
0.993123,0.00348505,null,null,null
-0.045496,null,-0.274684,null,null
0.207641,null,null,-0.17867,null
-0.0075044,null,null,null,-0.000230553
0.992959,0.00342806,null,null,null
-0.031838,null,-0.203024,null,null
0.239241,null,null,-0.186065,null
-0.00389965,null,null,null,0.00413639
0.992905,0.00624971,null,null,null
-0.0121023,null,-0.19356,null,null
0.251841,null,null,-0.192843,null
0.000196988,null,null,null,-0.000549418
0.992905,0.00624971,null,null,null
-0.0121023,null,-0.19356,null,null
0.251841,null,null,-0.192843,null
0.000196988,null,null,null,-0.000549418
0.992989,0.00899156,null,null,null
-0.0627687,null,-0.179155,null,null
0.213127,null,null,-0.143405,null
0.000244789,null,null,null,-0.00090229
0.993047,0.010875,null,null,null
-0.0428007,null,-0.181694,null,null
0.174838,null,null,-0.150489,null
0.002351,null,null,null,0.000916704
0.993106,0.00601785,null,null,null
0.065619,null,-0.141843,null,null
0.206255,null,null,-0.142326,null
0.00338849,null,null,null,0.00200477
0.992962,0.00708351,null,null,null
0.0122436,null,-0.0747053,null,null
0.240286,null,null,-0.0679633,null
0.00075548,null,null,null,-0.00254077
0.992866,0.00687598,null,null,null
0.00988605,null,-0.057197,null,null
0.174251,null,null,-0.00903691,null
0.00440718,null,null,null,0.00135661
0.99301,0.00998151,null,null,null
0.0459825,null,-0.0101527,null,null
0.250356,null,null,0.000962973,null
0.00115957,null,null,null,0.0023245
0.99301,0.00998151,null,null,null
0.0459825,null,-0.0101527,null,null
0.250356,null,null,0.000962973,null
0.00115957,null,null,null,0.0023245
0.992955,0.00711424,null,null,null
0.0701752,null,-0.0557476,null,null
0.25376,null,null,-0.0210354,null
-0.000213495,null,null,null,0.00276971
0.992654,0.0167896,null,null,null
0.0674056,null,-0.125163,null,null
0.295595,null,null,-0.0660621,null
0.00139134,null,null,null,0.00544135
0.992772,0.0203515,null,null,null
0.07974,null,-0.0814019,null,null
0.306932,null,null,-0.0366293,null
0.00251554,null,null,null,-0.0014109
0.992774,0.0191315,null,null,null
0.0214597,null,-0.0438341,null,null
0.318528,null,null,-0.0751918,null
0.000748099,null,null,null,0.00249786
0.992821,0.0190376,null,null,null
0.021391,null,-0.0318903,null,null
0.289,null,null,-0.113539,null
0.000810813,null,null,null,-0.000309821
0.99273,0.0206432,null,null,null
-0.0323165,null,-0.0112959,null,null
0.258291,null,null,-0.0719475,null
0.00185484,null,null,null,0.0027016
0.99273,0.0206432,null,null,null
-0.0323165,null,-0.0112959,null,null
0.258291,null,null,-0.0719475,null
0.00185484,null,null,null,0.0027016
0.9929,0.0148934,null,null,null
-0.0425943,null,-0.0263025,null,null
0.158284,null,null,-0.125429,null
-0.00549,null,null,null,1.50418e-06
0.992985,0.0109428,null,null,null
-0.00541824,null,-0.113866,null,null
0.168747,null,null,-0.177629,null
-0.00432814,null,null,null,-0.0012447
0.992941,0.00872086,null,null,null
-0.105711,null,-0.0807555,null,null
0.217919,null,null,-0.107305,null
-0.00734095,null,null,null,-0.000621191
0.992996,0.00641166,null,null,null
-0.057239,null,-0.0970633,null,null
0.243376,null,null,-0.128159,null
0.00380775,null,null,null,-0.0103605
0.993021,0.00948096,null,null,null
-0.0821736,null,-0.133279,null,null
0.197474,null,null,-0.0893443,null
0.00328495,null,null,null,-0.00339422
0.992941,0.0112303,null,null,null
-0.10467,null,-0.102703,null,null
0.161989,null,null,-0.109195,null
0.000343779,null,null,null,-0.000405668
0.993123,0.0085863,null,null,null
-0.110914,null,-0.0927736,null,null
0.252356,null,null,-0.0928193,null
0.00273969,null,null,null,0.00128645
0.993136,0.0081186,null,null,null
-0.103219,null,-0.0976674,null,null
0.260072,null,null,-0.0369439,null
0.0014635,null,null,null,-0.00192278
0.993136,0.0081186,null,null,null
-0.103219,null,-0.0976674,null,null
0.260072,null,null,-0.0369439,null
0.0014635,null,null,null,-0.00192278
0.993136,0.0081186,null,null,null
-0.103219,null,-0.0976674,null,null
0.260072,null,null,-0.0369439,null
0.0014635,null,null,null,-0.00192278
0.993029,0.0101907,null,null,null
-0.159335,null,-0.102753,null,null
0.298565,null,null,-0.052904,null
0.00646426,null,null,null,0.00184574
0.992916,0.0084195,null,null,null
-0.146161,null,-0.0957278,null,null
0.347671,null,null,-0.0130101,null
0.00309155,null,null,null,0.000226544
0.993016,0.000947746,null,null,null
-0.163496,null,-0.0689112,null,null
0.355255,null,null,-0.00123123,null
-8.0544e-05,null,null,null,-0.00343356
0.993016,0.000947746,null,null,null
-0.163496,null,-0.0689112,null,null
0.355255,null,null,-0.00123123,null
-8.0544e-05,null,null,null,-0.00343356
0.992924,-0.00496969,null,null,null
-0.143983,null,-0.0739436,null,null
0.323489,null,null,-0.0430562,null
-0.00488891,null,null,null,0.00107107
0.992924,-0.00496969,null,null,null
-0.143983,null,-0.0739436,null,null
0.323489,null,null,-0.0430562,null
-0.00488891,null,null,null,0.00107107
0.99308,-0.00172094,null,null,null
-0.215061,null,0.00238876,null,null
0.320545,null,null,-0.0701035,null
-0.00292819,null,null,null,-0.000297109
0.99311,-0.00138188,null,null,null
-0.218246,null,-0.0302215,null,null
0.202296,null,null,-0.0645584,null
0.00194875,null,null,null,0.00387205
0.993031,-0.00224129,null,null,null
-0.277651,null,-0.0185846,null,null
0.225415,null,null,0.00375826,null
0.00127443,null,null,null,0.00285925
0.993031,-0.00224129,null,null,null
-0.277651,null,-0.0185846,null,null
0.225415,null,null,0.00375826,null
0.00127443,null,null,null,0.00285925
0.992969,-0.00491626,null,null,null
-0.252852,null,-0.0886726,null,null
0.26016,null,null,-0.00631849,null
0.00271165,null,null,null,0.0014884
0.992906,-0.001493,null,null,null
-0.226819,null,-0.0280948,null,null
0.265344,null,null,-0.040494,null
0.00194991,null,null,null,-0.00813536
0.992751,0.0038096,null,null,null
-0.21565,null,0.0610061,null,null
0.259445,null,null,-0.113593,null
-0.00688616,null,null,null,-0.00114323
0.992819,0.00693543,null,null,null
-0.210602,null,0.055227,null,null
0.320575,null,null,-0.0601158,null
-0.00624316,null,null,null,0.00542194
0.992772,0.000796594,null,null,null
-0.229442,null,0.0553185,null,null
0.268265,null,null,-0.0828992,null
-0.0072093,null,null,null,0.00298229
0.992823,0.00205006,null,null,null
-0.225079,null,0.110326,null,null
0.37068,null,null,-0.10453,null
-0.00589941,null,null,null,0.00520697
0.992935,-0.00472956,null,null,null
-0.240258,null,0.110266,null,null
0.333124,null,null,-0.121372,null
-0.00288074,null,null,null,-0.00358959
0.992744,-0.00506707,null,null,null
-0.201094,null,0.13407,null,null
0.25828,null,null,-0.137749,null
-0.001414,null,null,null,0.00104815
0.992841,-0.00506355,null,null,null
-0.20483,null,0.131511,null,null
0.25734,null,null,-0.121525,null
0.00270665,null,null,null,-0.00840438
0.992945,0.00207606,null,null,null
-0.205781,null,0.148333,null,null
0.330533,null,null,-0.0594903,null
-0.00443156,null,null,null,0.000253509
0.99286,-0.0059255,null,null,null
-0.200044,null,0.181381,null,null
0.333556,null,null,-0.0637111,null
-0.00228621,null,null,null,-0.00418443
0.992745,-0.0129759,null,null,null
-0.142462,null,0.152836,null,null
0.393726,null,null,-0.103322,null
-0.00548865,null,null,null,0.00350092
0.992847,-0.00900553,null,null,null
-0.14206,null,0.192205,null,null
0.394031,null,null,-0.130145,null
-0.00228085,null,null,null,0.00277969
0.992622,-0.00693449,null,null,null
-0.17415,null,0.181486,null,null
0.390986,null,null,-0.133774,null
0.00306077,null,null,null,2.12061e-05
0.992536,-0.00379036,null,null,null
-0.137238,null,0.203435,null,null
0.278134,null,null,-0.159741,null
0.0138353,null,null,null,-0.000709344
0.992666,-0.005005,null,null,null
-0.203813,null,0.156397,null,null
0.306735,null,null,-0.191226,null
0.00512229,null,null,null,0.0013809
0.992796,-0.00855024,null,null,null
-0.156919,null,0.183315,null,null
0.370488,null,null,-0.133227,null
0.00218194,null,null,null,0.00475829
0.992796,-0.00855024,null,null,null
-0.156919,null,0.183315,null,null
0.370488,null,null,-0.133227,null
0.00218194,null,null,null,0.00475829
0.992796,-0.00855024,null,null,null
-0.156919,null,0.183315,null,null
0.370488,null,null,-0.133227,null
0.00218194,null,null,null,0.00475829
0.992683,-0.0077115,null,null,null
-0.203609,null,0.182204,null,null
0.377376,null,null,-0.138387,null
-0.00462937,null,null,null,0.00095424
0.992683,-0.0077115,null,null,null
-0.203609,null,0.182204,null,null
0.377376,null,null,-0.138387,null
-0.00462937,null,null,null,0.00095424
0.992951,-0.0065527,null,null,null
-0.189854,null,0.168715,null,null
0.380358,null,null,-0.0670055,null
-0.00416381,null,null,null,0.00905879
0.992995,-0.0093106,null,null,null
-0.203928,null,0.181411,null,null
0.342296,null,null,-0.130325,null
0.00156647,null,null,null,0.00179654
0.992885,-0.0102955,null,null,null
-0.207674,null,0.200157,null,null
0.245365,null,null,-0.145011,null
-0.00127345,null,null,null,-0.00827396
0.992889,-0.00714265,null,null,null
-0.241051,null,0.217707,null,null
0.257377,null,null,-0.190397,null
0.00194471,null,null,null,0.00145063
0.992876,-0.0120394,null,null,null
-0.26599,null,0.184045,null,null
0.195429,null,null,-0.248427,null
0.00534261,null,null,null,0.000482264
0.992876,-0.0120394,null,null,null
-0.26599,null,0.184045,null,null
0.195429,null,null,-0.248427,null
0.00534261,null,null,null,0.000482264
0.992959,-0.0116097,null,null,null
-0.237614,null,0.26,null,null
0.246156,null,null,-0.224109,null
0.00607535,null,null,null,0.00209759
0.992965,-0.0103476,null,null,null
-0.201839,null,0.261236,null,null
0.223735,null,null,-0.214879,null
-0.000267527,null,null,null,-6.62178e-05
0.992965,-0.0103476,null,null,null
-0.201839,null,0.261236,null,null
0.223735,null,null,-0.214879,null
-0.000267527,null,null,null,-6.62178e-05
0.993065,-0.00803281,null,null,null
-0.209945,null,0.21132,null,null
0.171538,null,null,-0.228775,null
-0.00359787,null,null,null,0.00693166
0.993017,-0.00922909,null,null,null
-0.204331,null,0.237686,null,null
0.169279,null,null,-0.222345,null
-0.0016855,null,null,null,0.000932615
0.993021,-0.0107296,null,null,null
-0.225586,null,0.327611,null,null
0.18535,null,null,-0.233565,null
-0.00305021,null,null,null,-0.00138531
0.99281,-0.0159984,null,null,null
-0.2389,null,0.296156,null,null
0.108136,null,null,-0.218179,null
-0.000332184,null,null,null,0.00330272
0.992842,-0.0206292,null,null,null
-0.30423,null,0.280264,null,null
0.0608061,null,null,-0.208553,null
-0.00404126,null,null,null,0.00436705
0.992985,-0.0172787,null,null,null
-0.193759,null,0.338985,null,null
0.119398,null,null,-0.166047,null
-0.00250601,null,null,null,0.00482059
0.992686,-0.0201844,null,null,null
-0.295915,null,0.356084,null,null
0.0909818,null,null,-0.180397,null
0.00020379,null,null,null,0.00235084
0.99289,-0.0191655,null,null,null
-0.238199,null,0.299539,null,null
0.057233,null,null,-0.185867,null
-0.00861008,null,null,null,0.004124
0.992791,-0.0263496,null,null,null
-0.184946,null,0.238881,null,null
0.0724626,null,null,-0.219371,null
-0.00128469,null,null,null,-0.000652442
0.992768,-0.0270967,null,null,null
-0.105932,null,0.241566,null,null
0.10001,null,null,-0.217199,null
-0.00567109,null,null,null,0.0037164
0.99274,-0.0259959,null,null,null
-0.0532007,null,0.238717,null,null
0.073668,null,null,-0.171166,null
0.00435476,null,null,null,-0.00543321
0.99274,-0.0259959,null,null,null
-0.0532007,null,0.238717,null,null
0.073668,null,null,-0.171166,null
0.00435476,null,null,null,-0.00543321
0.9927,-0.027264,null,null,null
-0.103327,null,0.214319,null,null
0.126829,null,null,-0.1731,null
0.00390779,null,null,null,-0.00470543
0.992669,-0.029521,null,null,null
-0.0673845,null,0.245396,null,null
0.0897547,null,null,-0.178017,null
0.000218391,null,null,null,-0.00126195
0.992669,-0.029521,null,null,null
-0.0673845,null,0.245396,null,null
0.0897547,null,null,-0.178017,null
0.000218391,null,null,null,-0.00126195
0.992818,-0.0250071,null,null,null
-0.0523534,null,0.201846,null,null
0.123617,null,null,-0.179042,null
0.00273499,null,null,null,-0.000949952
0.992707,-0.0241821,null,null,null
-0.0293459,null,0.192824,null,null
0.205042,null,null,-0.187529,null
-0.000402876,null,null,null,0.00208914
0.992464,-0.029522,null,null,null
-0.0429737,null,0.146389,null,null
0.150205,null,null,-0.155801,null
0.0023468,null,null,null,0.00331352
0.992654,-0.0285845,null,null,null
-0.034477,null,0.197947,null,null
0.210219,null,null,-0.158734,null
0.00201857,null,null,null,0.00111935
0.992721,-0.0254454,null,null,null
0.00851131,null,0.208893,null,null
0.218323,null,null,-0.167076,null
0.00080718,null,null,null,0.000613039
0.992886,-0.0254741,null,null,null
0.0514259,null,0.178121,null,null
0.279899,null,null,-0.168779,null
-0.00100845,null,null,null,-0.00403023
0.992886,-0.0254741,null,null,null
0.0514259,null,0.178121,null,null
0.279899,null,null,-0.168779,null
-0.00100845,null,null,null,-0.00403023
0.992853,-0.0249826,null,null,null
0.0545029,null,0.12432,null,null
0.254317,null,null,-0.117716,null
0.00180495,null,null,null,-0.00704194
0.992626,-0.0300215,null,null,null
0.0468714,null,0.134829,null,null
0.203102,null,null,-0.0871558,null
-0.000478075,null,null,null,-0.00159981
0.992838,-0.0239735,null,null,null
0.119536,null,0.1427,null,null
0.209454,null,null,-0.137145,null
1.29405e-05,null,null,null,0.0019617
0.992965,-0.0190506,null,null,null
0.0804074,null,0.0834995,null,null
0.249229,null,null,-0.139263,null
-0.000978976,null,null,null,0.00193781
0.992951,-0.0171572,null,null,null
-0.0237266,null,0.121092,null,null
0.269319,null,null,-0.142665,null
0.00499208,null,null,null,0.000156843
0.993111,-0.0145214,null,null,null
-0.00282484,null,0.112394,null,null
0.23092,null,null,-0.154824,null
0.00222718,null,null,null,-0.000910285
0.993111,-0.0145214,null,null,null
-0.00282484,null,0.112394,null,null
0.23092,null,null,-0.154824,null
0.00222718,null,null,null,-0.000910285
0.993081,-0.0104065,null,null,null
-0.0163896,null,0.0466001,null,null
0.220815,null,null,-0.128865,null
0.000772226,null,null,null,0.0100161
0.993191,-0.00684608,null,null,null
-0.0229301,null,0.0543643,null,null
0.247021,null,null,-0.247509,null
-0.000765259,null,null,null,0.0120648
0.99309,-0.014356,null,null,null
0.00495914,null,0.0935621,null,null
0.331572,null,null,-0.216799,null
-0.00127654,null,null,null,0.00175974
0.993112,-0.0109653,null,null,null
-0.0145428,null,0.111252,null,null
0.270979,null,null,-0.240705,null
0.0040774,null,null,null,-0.000293823
0.993162,-0.0131415,null,null,null
-0.0535943,null,0.167869,null,null
0.248594,null,null,-0.2294,null
0.00600463,null,null,null,0.00198935
0.992966,-0.0135185,null,null,null
-0.060958,null,0.150456,null,null
0.337112,null,null,-0.259194,null
0.0110933,null,null,null,0.000384665
0.992814,-0.0177034,null,null,null
-0.0403839,null,0.123118,null,null
0.309986,null,null,-0.177314,null
0.00537968,null,null,null,0.00428864
0.992761,-0.0191731,null,null,null
-0.0618695,null,0.225513,null,null
0.27574,null,null,-0.0923942,null
0.00104056,null,null,null,0.000120549
0.992984,-0.00760606,null,null,null
-0.11814,null,0.236992,null,null
0.278356,null,null,-0.142556,null
0.0024494,null,null,null,-0.000827384
0.992997,-0.0028839,null,null,null
-0.124376,null,0.142849,null,null
0.267911,null,null,-0.108539,null
0.00334201,null,null,null,-0.00288319
0.992941,-0.00198037,null,null,null
-0.148597,null,0.225099,null,null
0.329106,null,null,-0.165406,null
0.00362884,null,null,null,-0.00340054
0.992941,-0.00198037,null,null,null
-0.148597,null,0.225099,null,null
0.329106,null,null,-0.165406,null
0.00362884,null,null,null,-0.00340054
0.993117,-0.00204829,null,null,null
-0.137109,null,0.14438,null,null
0.252081,null,null,-0.0617275,null
-0.00348268,null,null,null,0.00614884
0.993076,-0.00283374,null,null,null
-0.132315,null,0.120574,null,null
0.179886,null,null,-0.0183668,null
0.00449836,null,null,null,-0.000883059
0.99307,-0.000771415,null,null,null
-0.0563041,null,0.119033,null,null
0.235075,null,null,-0.0183869,null
0.00508209,null,null,null,0.000266026
0.993086,-0.00276819,null,null,null
-0.119968,null,0.0606106,null,null
0.180877,null,null,-0.0228209,null
0.0054924,null,null,null,0.000358633
0.992986,-0.00550759,null,null,null
-0.101959,null,0.0382735,null,null
0.189406,null,null,0.0258617,null
-0.00120593,null,null,null,0.00382358
0.99291,-0.0123358,null,null,null
-0.0905668,null,-0.0108031,null,null
0.153329,null,null,-0.0045857,null
0.00477244,null,null,null,-0.000957446
0.993,-0.0040994,null,null,null
-0.0692499,null,0.0438948,null,null
0.158105,null,null,-0.039233,null
0.000951644,null,null,null,-0.00379224
0.993141,0.00479334,null,null,null
-0.0550371,null,-0.0154819,null,null
0.136183,null,null,-0.0709849,null
-0.00187061,null,null,null,0.000360104
0.992968,0.00484964,null,null,null
-0.0231263,null,0.0107008,null,null
0.215955,null,null,-0.14489,null
0.000972121,null,null,null,0.00585436
0.992885,0.00573021,null,null,null
-0.04536,null,-0.0015245,null,null
0.252215,null,null,-0.0565068,null
0.00436694,null,null,null,0.00439109
0.992807,0.0112191,null,null,null
-0.0370349,null,-0.0823919,null,null
0.214465,null,null,-0.0648138,null
0.00253973,null,null,null,0.00300731
0.992755,0.016758,null,null,null
-0.0338001,null,-0.0661464,null,null
0.254897,null,null,-0.0693104,null
-0.00341027,null,null,null,0.00505159
0.99283,0.010557,null,null,null
0.000194979,null,-0.0222469,null,null
0.250194,null,null,-0.043281,null
0.00287906,null,null,null,0.0029668
0.992835,0.0105839,null,null,null
0.0040579,null,-0.0926304,null,null
0.23662,null,null,-0.033522,null
-0.000818647,null,null,null,0.00683199
0.993032,0.0076506,null,null,null
-0.0972257,null,-0.00635962,null,null
0.245894,null,null,-0.0950483,null
-0.000124154,null,null,null,0.00833928
0.99295,0.00416035,null,null,null
-0.0986386,null,0.0330203,null,null
0.222406,null,null,-0.103215,null
-0.00789337,null,null,null,0.00490949
0.992859,0.00514616,null,null,null
-0.108634,null,0.0189286,null,null
0.209784,null,null,-0.105766,null
-0.00586335,null,null,null,0.000427101
0.993009,0.00487991,null,null,null
-0.164451,null,0.0351928,null,null
0.213696,null,null,-0.128251,null
-0.00877621,null,null,null,0.00104103
0.992958,0.00666323,null,null,null
-0.18812,null,0.0770144,null,null
0.218732,null,null,-0.107321,null
-0.00372535,null,null,null,0.000916679
0.992958,0.00666323,null,null,null
-0.18812,null,0.0770144,null,null
0.218732,null,null,-0.107321,null
-0.00372535,null,null,null,0.000916679
0.992986,0.014453,null,null,null
-0.197777,null,0.044054,null,null
0.186532,null,null,-0.138815,null
0.00499311,null,null,null,0.00612033
0.992927,0.017361,null,null,null
-0.148249,null,0.0433785,null,null
0.206765,null,null,-0.0978772,null
-0.001553,null,null,null,0.00470602
0.992891,0.01777,null,null,null
-0.211701,null,0.0450085,null,null
0.21288,null,null,-0.101665,null
0.000267459,null,null,null,0.00427829
0.992891,0.01777,null,null,null
-0.211701,null,0.0450085,null,null
0.21288,null,null,-0.101665,null
0.000267459,null,null,null,0.00427829
0.992814,0.023092,null,null,null
-0.174113,null,0.0667578,null,null
0.17381,null,null,-0.138875,null
0.000986766,null,null,null,0.00343611
0.992809,0.024034,null,null,null
-0.20044,null,0.0890876,null,null
0.152679,null,null,-0.0953365,null
0.000957031,null,null,null,-0.00119168
0.99274,0.0254931,null,null,null
-0.240119,null,0.110979,null,null
0.15016,null,null,-0.105815,null
0.00522025,null,null,null,-0.00429693
0.992826,0.0242996,null,null,null
-0.194864,null,0.108044,null,null
0.182406,null,null,-0.100646,null
0.00328494,null,null,null,-0.00600229
0.992896,0.0248205,null,null,null
-0.20623,null,0.0701334,null,null
0.185731,null,null,-0.0880257,null
0.00594056,null,null,null,0.000319548
0.992738,0.0242032,null,null,null
-0.181646,null,0.118493,null,null
0.119647,null,null,-0.0166185,null
0.00138001,null,null,null,-0.00287012
0.992754,0.031614,null,null,null
-0.138996,null,0.136781,null,null
0.0921152,null,null,-0.0264264,null
-0.00147201,null,null,null,-0.00589569
0.993061,0.0240905,null,null,null
-0.116064,null,0.0933561,null,null
0.0624444,null,null,-0.0770275,null
0.000812869,null,null,null,-0.00174059
0.993061,0.0240905,null,null,null
-0.116064,null,0.0933561,null,null
0.0624444,null,null,-0.0770275,null
0.000812869,null,null,null,-0.00174059
0.993061,0.0240905,null,null,null
-0.116064,null,0.0933561,null,null
0.0624444,null,null,-0.0770275,null
0.000812869,null,null,null,-0.00174059
0.993061,0.0240905,null,null,null
-0.116064,null,0.0933561,null,null
0.0624444,null,null,-0.0770275,null
0.000812869,null,null,null,-0.00174059
0.992938,0.0192661,null,null,null
-0.0549207,null,0.0463011,null,null
0.0681636,null,null,-0.00948486,null
-0.0036597,null,null,null,0.00307059
0.992938,0.0192661,null,null,null
-0.0549207,null,0.0463011,null,null
0.0681636,null,null,-0.00948486,null
-0.0036597,null,null,null,0.00307059
0.992845,0.0233371,null,null,null
-0.0380983,null,0.0703847,null,null
0.102049,null,null,0.0283229,null
-0.00605508,null,null,null,-0.00173668
0.992764,0.020452,null,null,null
-0.020332,null,0.0948897,null,null
0.0922099,null,null,-0.0664331,null
-0.00375896,null,null,null,0.000186843
0.992814,0.0198184,null,null,null
-0.064955,null,0.0605086,null,null
0.0695024,null,null,-0.0797115,null
-0.00780558,null,null,null,-0.00234263
0.992925,0.0143193,null,null,null
-0.0848479,null,0.0990105,null,null
0.109543,null,null,-0.0514684,null
-0.00474719,null,null,null,-0.000421574
0.99286,0.0146769,null,null,null
-0.118282,null,0.103817,null,null
0.0954901,null,null,-0.000208497,null
-0.000868235,null,null,null,-0.00361371
0.99286,0.0146769,null,null,null
-0.118282,null,0.103817,null,null
0.0954901,null,null,-0.000208497,null
-0.000868235,null,null,null,-0.00361371
0.993003,0.0114703,null,null,null
-0.0185431,null,0.11986,null,null
0.0624305,null,null,0.0343772,null
0.00419212,null,null,null,0.00167914
0.992733,0.0141244,null,null,null
0.0262339,null,0.119592,null,null
0.135258,null,null,-0.0320392,null
0.00140813,null,null,null,0.00992939
0.992749,0.0141843,null,null,null
-0.0370746,null,0.048841,null,null
0.138934,null,null,0.0347302,null
-0.00463931,null,null,null,0.000952921
0.992779,0.0189061,null,null,null
0.0253056,null,0.0825582,null,null
0.0845595,null,null,0.0413574,null
-0.00472004,null,null,null,0.00461054
0.992836,0.0168415,null,null,null
0.0425077,null,0.07125,null,null
0.160183,null,null,0.0439577,null
0.00111707,null,null,null,0.00057735
0.992932,0.0128957,null,null,null
0.0398777,null,0.0211525,null,null
0.177037,null,null,-0.0308305,null
-0.00107367,null,null,null,3.5847e-05
0.992918,0.0179739,null,null,null
0.0363047,null,0.0736861,null,null
0.125752,null,null,-0.071422,null
-0.00294948,null,null,null,-0.00324185
0.992746,0.0201959,null,null,null
0.0669562,null,0.0736867,null,null
0.115524,null,null,-0.0254554,null
5.1004e-05,null,null,null,0.0064747
0.992753,0.0232939,null,null,null
0.0423129,null,0.0968469,null,null
0.0978916,null,null,-0.0358868,null
-0.000738649,null,null,null,-0.00494531
0.992753,0.0232939,null,null,null
0.0423129,null,0.0968469,null,null
0.0978916,null,null,-0.0358868,null
-0.000738649,null,null,null,-0.00494531
0.992825,0.0224406,null,null,null
0.0630985,null,0.0716143,null,null
0.0912285,null,null,-0.0705809,null
0.000969299,null,null,null,-0.000197998
0.992825,0.0224406,null,null,null
0.0630985,null,0.0716143,null,null
0.0912285,null,null,-0.0705809,null
0.000969299,null,null,null,-0.000197998
0.992744,0.0308472,null,null,null
0.0258575,null,0.0680292,null,null
-0.0108584,null,null,-0.0393056,null
0.00396404,null,null,null,-0.00118801
0.992807,0.0282764,null,null,null
-0.039747,null,0.0998159,null,null
0.0341971,null,null,-0.0431159,null
-0.000714849,null,null,null,3.37829e-05
0.992807,0.0282764,null,null,null
-0.039747,null,0.0998159,null,null
0.0341971,null,null,-0.0431159,null
-0.000714849,null,null,null,3.37829e-05
0.992722,0.0271086,null,null,null
-0.102799,null,0.0681525,null,null
0.0316549,null,null,-0.0320554,null
-0.000977735,null,null,null,-0.00174917
0.992871,0.0247229,null,null,null
-0.09737,null,0.050069,null,null
0.0598486,null,null,0.00624687,null
-0.000104632,null,null,null,0.0036316
0.99291,0.0193036,null,null,null
-0.130791,null,0.0168689,null,null
0.139965,null,null,0.0090997,null
-0.0061031,null,null,null,-0.00190371
0.99291,0.0193036,null,null,null
-0.130791,null,0.0168689,null,null
0.139965,null,null,0.0090997,null
-0.0061031,null,null,null,-0.00190371
0.99291,0.0193036,null,null,null
-0.130791,null,0.0168689,null,null
0.139965,null,null,0.0090997,null
-0.0061031,null,null,null,-0.00190371
0.99291,0.0193036,null,null,null
-0.130791,null,0.0168689,null,null
0.139965,null,null,0.0090997,null
-0.0061031,null,null,null,-0.00190371
0.992865,0.0201215,null,null,null
-0.0859699,null,0.00230104,null,null
0.129562,null,null,0.0283648,null
-0.00421259,null,null,null,0.00309604
0.992704,0.0218469,null,null,null
-0.112221,null,0.047956,null,null
0.168799,null,null,-0.0844134,null
-0.00249029,null,null,null,0.00307596
0.992704,0.0218469,null,null,null
-0.112221,null,0.047956,null,null
0.168799,null,null,-0.0844134,null
-0.00249029,null,null,null,0.00307596
0.992844,0.0203689,null,null,null
-0.0592273,null,0.0144099,null,null
0.161395,null,null,-0.0670486,null
-0.00142402,null,null,null,0.00126044
0.992844,0.0203689,null,null,null
-0.0592273,null,0.0144099,null,null
0.161395,null,null,-0.0670486,null
-0.00142402,null,null,null,0.00126044
0.99282,0.020599,null,null,null
-0.0256121,null,0.0134349,null,null
0.176412,null,null,-0.0853651,null
0.00584664,null,null,null,-0.0032155
0.992986,0.0147476,null,null,null
-0.0321291,null,0.0525784,null,null
0.101525,null,null,-0.11804,null
0.00107494,null,null,null,-0.00450763
0.992814,0.0184054,null,null,null
-0.0194278,null,-0.0138951,null,null
0.172344,null,null,0.0425167,null
0.00245759,null,null,null,-0.00467031
0.992766,0.0172108,null,null,null
-0.0694183,null,-0.00489999,null,null
0.115068,null,null,0.0826799,null
0.000817733,null,null,null,-0.00287976
0.992741,0.0138482,null,null,null
-0.0901508,null,0.0264885,null,null
0.123002,null,null,0.0524936,null
-0.00263194,null,null,null,-0.00207514
0.992795,0.0172869,null,null,null
-0.0646837,null,0.00994416,null,null
0.116256,null,null,0.0614567,null
-0.00224831,null,null,null,0.000419781
0.992918,0.0139715,null,null,null
-0.0618886,null,-0.032483,null,null
0.136801,null,null,0.0765426,null
-0.00233299,null,null,null,-0.00302738
0.992857,0.018949,null,null,null
-0.121596,null,-0.013417,null,null
0.118166,null,null,0.157471,null
0.00049723,null,null,null,0.00229626
0.992871,0.0197398,null,null,null
-0.163848,null,-0.00257481,null,null
0.0758127,null,null,0.125029,null
-0.00241161,null,null,null,-0.00254205
0.992897,0.0152357,null,null,null
-0.130385,null,0.0357128,null,null
0.0546263,null,null,0.0040842,null
0.00345721,null,null,null,0.00137299
0.992897,0.0152357,null,null,null
-0.130385,null,0.0357128,null,null
0.0546263,null,null,0.0040842,null
0.00345721,null,null,null,0.00137299
0.992971,0.0156106,null,null,null
-0.168574,null,0.0130349,null,null
0.100625,null,null,0.0447486,null
0.00454295,null,null,null,9.31719e-05
0.992971,0.0156106,null,null,null
-0.168574,null,0.0130349,null,null
0.100625,null,null,0.0447486,null
0.00454295,null,null,null,9.31719e-05
0.99304,0.0197431,null,null,null
-0.143559,null,0.078728,null,null
0.0514364,null,null,0.0723017,null
-0.00258411,null,null,null,0.0011714
0.992941,0.019624,null,null,null
-0.0967097,null,0.0350591,null,null
0.0207586,null,null,0.0901712,null
0.00259508,null,null,null,-0.000388867
0.99291,0.0203556,null,null,null
-0.102152,null,0.120378,null,null
0.0242552,null,null,0.181913,null
-0.00433176,null,null,null,-0.00251496
0.992944,0.0164946,null,null,null
-0.117469,null,0.0860446,null,null
-0.0143623,null,null,0.196967,null
-0.00427986,null,null,null,-8.87836e-05
0.992944,0.0164946,null,null,null
-0.117469,null,0.0860446,null,null
-0.0143623,null,null,0.196967,null
-0.00427986,null,null,null,-8.87836e-05
0.993123,0.00541545,null,null,null
-0.124462,null,0.161536,null,null
0.026548,null,null,0.124406,null
0.00243956,null,null,null,0.0073439
0.993136,0.00357509,null,null,null
-0.0952058,null,0.0859792,null,null
0.0657647,null,null,0.174345,null
-0.000530055,null,null,null,0.00264119
0.993023,0.00926444,null,null,null
-0.0385314,null,0.135281,null,null
0.0332547,null,null,0.0715404,null
0.0032743,null,null,null,-0.00127609
0.993102,0.00681175,null,null,null
-0.0388176,null,0.0952272,null,null
0.0359834,null,null,0.0994834,null
0.000193627,null,null,null,0.00173634
0.993093,0.0062244,null,null,null
-0.0358707,null,0.0248233,null,null
0.0663227,null,null,0.11904,null
0.00447918,null,null,null,-0.00032827
0.993005,0.00361966,null,null,null
-0.0224172,null,0.0372495,null,null
0.156854,null,null,0.0653394,null
0.00655984,null,null,null,-0.000376136
0.992889,0.00404745,null,null,null
0.0114641,null,0.0878832,null,null
0.106755,null,null,0.0581546,null
0.00412972,null,null,null,-0.00260003
0.993071,0.00293221,null,null,null
0.0528677,null,0.072607,null,null
0.128092,null,null,0.0747025,null
0.00503055,null,null,null,0.00401034
0.993123,0.00695793,null,null,null
-0.0609336,null,0.071309,null,null
0.162304,null,null,0.0970729,null
0.00442744,null,null,null,-0.000165254
0.993123,0.00167888,null,null,null
-0.0748169,null,0.0796194,null,null
0.0748229,null,null,0.114307,null
0.00488391,null,null,null,-0.00271209
0.992865,0.00244835,null,null,null
-0.107746,null,0.0288506,null,null
0.14198,null,null,0.0778453,null
-0.000881394,null,null,null,0.000417484
0.992845,0.00806084,null,null,null
-0.0931614,null,0.0452604,null,null
0.162688,null,null,0.0779779,null
0.00335011,null,null,null,0.00618905
0.993053,0.00306996,null,null,null
-0.177486,null,0.0909971,null,null
0.193079,null,null,0.0372011,null
0.00610989,null,null,null,-7.11899e-05
0.993049,0.00255368,null,null,null
-0.107974,null,0.0481608,null,null
0.200081,null,null,0.0063532,null
0.00347094,null,null,null,-0.00257989
0.992908,0.00491739,null,null,null
-0.100167,null,0.10557,null,null
0.152909,null,null,0.015932,null
0.00255507,null,null,null,-0.00661546
0.992908,0.00491739,null,null,null
-0.100167,null,0.10557,null,null
0.152909,null,null,0.015932,null
0.00255507,null,null,null,-0.00661546
0.992908,0.00491739,null,null,null
-0.100167,null,0.10557,null,null
0.152909,null,null,0.015932,null
0.00255507,null,null,null,-0.00661546
0.992908,0.00491739,null,null,null
-0.100167,null,0.10557,null,null
0.152909,null,null,0.015932,null
0.00255507,null,null,null,-0.00661546
0.992908,0.00553894,null,null,null
-0.121468,null,0.147677,null,null
0.239956,null,null,0.0841769,null
0.00259022,null,null,null,-0.00182584
0.993024,-0.00243446,null,null,null
-0.127575,null,0.151422,null,null
0.223421,null,null,0.023172,null
-0.00264246,null,null,null,0.000773295
0.993024,-0.00243446,null,null,null
-0.127575,null,0.151422,null,null
0.223421,null,null,0.023172,null
-0.00264246,null,null,null,0.000773295
0.993144,0.00284727,null,null,null
-0.244773,null,0.105667,null,null
0.288247,null,null,0.0218463,null
-0.0022317,null,null,null,0.00114507
0.993117,0.00215269,null,null,null
-0.251924,null,0.0989951,null,null
0.249821,null,null,0.0630368,null
-0.00243322,null,null,null,0.0018471
0.992953,0.000747314,null,null,null
-0.171013,null,0.116213,null,null
0.252591,null,null,0.0879662,null
0.00267474,null,null,null,-0.00430978
0.992997,-0.00149643,null,null,null
-0.160647,null,0.0888684,null,null
0.217956,null,null,0.0585111,null
-0.00185808,null,null,null,-0.00657526
0.992947,-0.0020668,null,null,null
-0.123864,null,0.0328759,null,null
0.191931,null,null,0.0471169,null
0.000152939,null,null,null,0.000483778
0.99315,-0.0079369,null,null,null
-0.142351,null,-0.0172436,null,null
0.233462,null,null,0.126153,null
-0.00370943,null,null,null,-0.00415589
0.993131,-0.00343264,null,null,null
-0.0699257,null,0.00973226,null,null
0.153054,null,null,0.087178,null
-0.000925199,null,null,null,-0.00244357
0.993005,0.00421773,null,null,null
-0.113569,null,-0.0673365,null,null
0.195568,null,null,0.0943774,null
-0.00896438,null,null,null,-0.00699936
0.993109,0.00902266,null,null,null
-0.13287,null,-0.0941473,null,null
0.186531,null,null,0.136336,null
-0.0013558,null,null,null,-0.0068237
0.993109,0.00902266,null,null,null
-0.13287,null,-0.0941473,null,null
0.186531,null,null,0.136336,null
-0.0013558,null,null,null,-0.0068237
0.993081,0.00482407,null,null,null
-0.17914,null,-0.147316,null,null
0.212031,null,null,0.179356,null
0.000178027,null,null,null,-0.00122486
0.993096,-0.00259395,null,null,null
-0.205912,null,-0.174886,null,null
0.221454,null,null,0.186707,null
-0.000515184,null,null,null,0.000486231
0.99307,-0.00228385,null,null,null
-0.204641,null,-0.208838,null,null
0.230226,null,null,0.146131,null
-0.00260554,null,null,null,0.00527609
0.99307,-0.00228385,null,null,null
-0.204641,null,-0.208838,null,null
0.230226,null,null,0.146131,null
-0.00260554,null,null,null,0.00527609
0.99286,-0.00518281,null,null,null
-0.202033,null,-0.134731,null,null
0.305271,null,null,0.0685399,null
-0.00168232,null,null,null,0.00230711
0.992951,-0.00411809,null,null,null
-0.112489,null,-0.145838,null,null
0.211498,null,null,0.0674489,null
-0.000929026,null,null,null,0.00014394
0.992954,0.000703098,null,null,null
-0.158201,null,-0.131433,null,null
0.18896,null,null,0.0983201,null
-0.00571255,null,null,null,-0.00710547
0.993004,-0.000528749,null,null,null
-0.142539,null,-0.0653521,null,null
0.170661,null,null,0.0682843,null
0.00444124,null,null,null,-0.00110784
0.992982,-0.00363484,null,null,null
-0.115221,null,-0.126793,null,null
0.187125,null,null,0.0570652,null
0.00749944,null,null,null,-0.000920644
0.992876,-0.00610554,null,null,null
-0.139515,null,-0.138899,null,null
0.187906,null,null,0.0455846,null
-0.000556376,null,null,null,0.00419675
0.992772,-0.00590217,null,null,null
-0.0932164,null,-0.201705,null,null
0.163307,null,null,0.052436,null
-0.0046821,null,null,null,0.00920088
0.993,-0.0037575,null,null,null
-0.0203165,null,-0.186096,null,null
0.180179,null,null,0.0683551,null
-0.00110366,null,null,null,0.00236465
0.993066,0.00175677,null,null,null
-0.0164842,null,-0.194849,null,null
0.210151,null,null,-0.0114745,null
0.00256564,null,null,null,0.000274354
0.992962,0.00574227,null,null,null
-0.0199006,null,-0.230098,null,null
0.235292,null,null,-0.0531335,null
-0.00547891,null,null,null,0.00313644
0.99293,0.0103124,null,null,null
-0.0228989,null,-0.221569,null,null
0.17075,null,null,-0.0926079,null
-0.00307529,null,null,null,0.000399981
0.99293,0.0103124,null,null,null
-0.0228989,null,-0.221569,null,null
0.17075,null,null,-0.0926079,null
-0.00307529,null,null,null,0.000399981
0.99286,0.0132362,null,null,null
0.012838,null,-0.180235,null,null
0.23724,null,null,-0.0532945,null
0.00352483,null,null,null,-0.00274134
0.992714,0.0160712,null,null,null
-0.019188,null,-0.195293,null,null
0.224873,null,null,-0.0524576,null
0.00234492,null,null,null,0.00136688
0.992865,0.0109396,null,null,null
-0.0350758,null,-0.251364,null,null
0.24496,null,null,-0.0311755,null
-0.00105531,null,null,null,0.00471589
0.992823,0.0157018,null,null,null
-0.0430413,null,-0.277541,null,null
0.272129,null,null,-0.016234,null
0.00618789,null,null,null,-0.0029379
0.992823,0.0157018,null,null,null
-0.0430413,null,-0.277541,null,null
0.272129,null,null,-0.016234,null
0.00618789,null,null,null,-0.0029379
0.992829,0.0121253,null,null,null
-0.0123944,null,-0.251123,null,null
0.277487,null,null,-0.00507144,null
0.00100096,null,null,null,0.00355651
0.992976,0.0036026,null,null,null
0.0118154,null,-0.245299,null,null
0.243881,null,null,0.00179111,null
-0.000252453,null,null,null,0.00584851
0.992889,0.00103385,null,null,null
-0.00963093,null,-0.253636,null,null
0.226398,null,null,0.0405085,null
-0.0028762,null,null,null,-0.00261208
0.992833,0.00465676,null,null,null
-0.0655866,null,-0.263995,null,null
0.212471,null,null,0.0390936,null
-0.0110712,null,null,null,0.00210909
0.99293,0.00203269,null,null,null
-0.0015979,null,-0.2685,null,null
0.211157,null,null,-0.000673222,null
-0.00142746,null,null,null,0.000227694
0.99293,0.00203269,null,null,null
-0.0015979,null,-0.2685,null,null
0.211157,null,null,-0.000673222,null
-0.00142746,null,null,null,0.000227694
0.993074,0.00201654,null,null,null
-0.0502345,null,-0.341216,null,null
0.267219,null,null,0.113375,null
-0.00137777,null,null,null,0.00520181
0.993001,0.00323312,null,null,null
-0.00385635,null,-0.264533,null,null
0.289615,null,null,0.156295,null
-0.00636136,null,null,null,-0.00812647
0.993001,0.00323312,null,null,null
-0.00385635,null,-0.264533,null,null
0.289615,null,null,0.156295,null
-0.00636136,null,null,null,-0.00812647
0.993151,0.00517555,null,null,null
-0.0175454,null,-0.25978,null,null
0.264091,null,null,0.155612,null
-0.00686437,null,null,null,0.00232254
0.993089,0.00701283,null,null,null
0.00523454,null,-0.223786,null,null
0.310476,null,null,0.158836,null
-0.00406546,null,null,null,-0.000258478
0.993089,0.00701283,null,null,null
0.00523454,null,-0.223786,null,null
0.310476,null,null,0.158836,null
-0.00406546,null,null,null,-0.000258478
0.992909,0.00828852,null,null,null
-0.026939,null,-0.210468,null,null
0.263543,null,null,0.168217,null
-0.00671054,null,null,null,0.00368816
0.992807,0.0029537,null,null,null
-0.113093,null,-0.29666,null,null
0.268489,null,null,0.159264,null
0.00187137,null,null,null,-0.00409739
0.992874,0.00264305,null,null,null
-0.0504281,null,-0.250766,null,null
0.259478,null,null,0.200689,null
-0.00760375,null,null,null,-0.00613096
0.992874,0.00264305,null,null,null
-0.0504281,null,-0.250766,null,null
0.259478,null,null,0.200689,null
-0.00760375,null,null,null,-0.00613096
0.993012,-0.00213535,null,null,null
-0.0514794,null,-0.25835,null,null
0.199362,null,null,0.095183,null
-0.00320881,null,null,null,-0.004267
0.993012,-0.00213535,null,null,null
-0.0514794,null,-0.25835,null,null
0.199362,null,null,0.095183,null
-0.00320881,null,null,null,-0.004267
0.99293,0.00197667,null,null,null
-0.0536958,null,-0.284577,null,null
0.163612,null,null,0.157865,null
-0.00222631,null,null,null,-0.00266885
0.993014,-0.00245396,null,null,null
-0.00538331,null,-0.320941,null,null
0.173512,null,null,0.140201,null
0.0029924,null,null,null,-0.00532978
0.992794,-0.00496563,null,null,null
0.0315701,null,-0.293322,null,null
0.188996,null,null,0.137129,null
0.000322019,null,null,null,-0.00198501
0.992905,-0.00690066,null,null,null
-0.018438,null,-0.308974,null,null
0.231517,null,null,0.0610905,null
0.00270834,null,null,null,0.00155211
0.992746,-0.00923741,null,null,null
-0.00382061,null,-0.249275,null,null
0.20719,null,null,0.0664179,null
-0.00017857,null,null,null,-0.00297771
0.992745,-0.00792051,null,null,null
-0.0853948,null,-0.263395,null,null
0.198602,null,null,-0.00398575,null
-0.00195161,null,null,null,0.00266414
0.992815,-0.010017,null,null,null
-0.0598498,null,-0.23552,null,null
0.199804,null,null,0.0233278,null
-0.00344855,null,null,null,0.0042945
0.992734,-0.0144008,null,null,null
-0.0557663,null,-0.208698,null,null
0.183959,null,null,-0.012154,null
0.0057207,null,null,null,0.00251176
0.992734,-0.0144008,null,null,null
-0.0557663,null,-0.208698,null,null
0.183959,null,null,-0.012154,null
0.0057207,null,null,null,0.00251176
0.992966,-0.00616023,null,null,null
-0.0918076,null,-0.138664,null,null
0.244181,null,null,-0.000253669,null
0.00232315,null,null,null,-0.00195995
0.992836,-0.00843434,null,null,null
-0.0213591,null,-0.0682994,null,null
0.24325,null,null,0.0389901,null
-0.00220654,null,null,null,-0.00413379
0.992836,-0.00843434,null,null,null
-0.0213591,null,-0.0682994,null,null
0.24325,null,null,0.0389901,null
-0.00220654,null,null,null,-0.00413379
0.992845,-0.00655282,null,null,null
-0.039438,null,-0.153704,null,null
0.214218,null,null,0.0599951,null
-0.00336638,null,null,null,-0.00605738
0.992896,-0.00495838,null,null,null
0.016593,null,-0.0425381,null,null
0.178904,null,null,0.0666942,null
0.00244981,null,null,null,-0.00407399
0.99295,0.000320054,null,null,null
-0.0250741,null,-0.150499,null,null
0.149248,null,null,0.14617,null
0.00100098,null,null,null,-0.00280477
0.992976,-0.0051183,null,null,null
-0.106193,null,-0.192488,null,null
0.204233,null,null,0.137731,null
-0.000523145,null,null,null,0.00198636
0.992875,0.00261339,null,null,null
-0.123111,null,-0.165722,null,null
0.1845,null,null,0.186048,null
-0.00470875,null,null,null,-0.0021832
0.992714,0.00546259,null,null,null
-0.137581,null,-0.111213,null,null
0.137937,null,null,0.218644,null
0.0012633,null,null,null,-0.00109557
0.992694,0.00140129,null,null,null
-0.153179,null,-0.211946,null,null
0.163611,null,null,0.185886,null
-0.00111353,null,null,null,-0.00185033
0.99286,0.00190731,null,null,null
-0.248897,null,-0.199307,null,null
0.151795,null,null,0.217135,null
0.00228514,null,null,null,0.00354913
0.992846,0.00194403,null,null,null
-0.233015,null,-0.281874,null,null
0.102913,null,null,0.175136,null
-0.00165819,null,null,null,0.000539668
0.992829,0.00208742,null,null,null
-0.186204,null,-0.344763,null,null
0.107508,null,null,0.160031,null
-0.000511382,null,null,null,0.000956826
0.992829,0.00208742,null,null,null
-0.186204,null,-0.344763,null,null
0.107508,null,null,0.160031,null
-0.000511382,null,null,null,0.000956826
0.992855,0.00441144,null,null,null
-0.184451,null,-0.225048,null,null
0.0757944,null,null,0.192911,null
-0.00410386,null,null,null,-0.0032989
0.992855,0.00441144,null,null,null
-0.184451,null,-0.225048,null,null
0.0757944,null,null,0.192911,null
-0.00410386,null,null,null,-0.0032989
0.992875,-0.00550573,null,null,null
-0.200815,null,-0.285589,null,null
0.0281113,null,null,0.186866,null
-0.00649722,null,null,null,0.00148675
0.99287,-0.00475131,null,null,null
-0.0999851,null,-0.312957,null,null
0.0408875,null,null,0.217314,null
-0.000731379,null,null,null,-0.00268153
0.992976,-0.0013337,null,null,null
-0.0994656,null,-0.28987,null,null
0.0123201,null,null,0.295286,null
0.00121147,null,null,null,0.00185093
0.992991,-0.00416298,null,null,null
-0.107112,null,-0.344236,null,null
0.00723205,null,null,0.299415,null
-0.00755454,null,null,null,-0.00614491
0.99309,-0.00440489,null,null,null
-0.163251,null,-0.333213,null,null
-0.0283585,null,null,0.298286,null
-0.00445538,null,null,null,-0.00277954
0.992995,-0.00335799,null,null,null
-0.134756,null,-0.231629,null,null
-0.0278119,null,null,0.24123,null
-0.000567009,null,null,null,-0.00181566
0.992903,-0.00469155,null,null,null
-0.0978865,null,-0.203774,null,null
-0.0700251,null,null,0.238682,null
-0.00140501,null,null,null,-0.00102899
0.992854,-0.00842488,null,null,null
-0.0978619,null,-0.209875,null,null
-0.047011,null,null,0.227414,null
-0.0053816,null,null,null,-0.00119014
0.992853,-0.00748536,null,null,null
-0.14326,null,-0.15245,null,null
-0.03198,null,null,0.224525,null
-0.00345914,null,null,null,-0.00273636
0.992985,-0.00931405,null,null,null
-0.109582,null,-0.141471,null,null
-0.0122436,null,null,0.20558,null
3.46303e-05,null,null,null,0.0014373
0.993055,-0.00415595,null,null,null
-0.142712,null,-0.168644,null,null
-0.025952,null,null,0.197038,null
-0.00574673,null,null,null,0.00183077
0.99315,-0.00771986,null,null,null
-0.0823251,null,-0.170893,null,null
0.000885634,null,null,0.23143,null
-0.00283029,null,null,null,-0.00321291
0.99315,-0.00771986,null,null,null
-0.0823251,null,-0.170893,null,null
0.000885634,null,null,0.23143,null
-0.00283029,null,null,null,-0.00321291
0.993034,-0.00965205,null,null,null
-0.0613086,null,-0.150434,null,null
0.0223836,null,null,0.219165,null
0.00466863,null,null,null,-0.00109163
0.993059,-0.00734001,null,null,null
-0.030251,null,-0.195204,null,null
0.022355,null,null,0.258205,null
-5.45138e-05,null,null,null,-0.00381201
0.993135,-0.00499936,null,null,null
0.0509312,null,-0.152124,null,null
0.0452879,null,null,0.257925,null
0.00582726,null,null,null,-0.00059957
0.993061,-0.000805614,null,null,null
8.49398e-05,null,-0.1951,null,null
0.0287764,null,null,0.280525,null
-0.00021209,null,null,null,-0.00536792
0.992924,-0.00343951,null,null,null
0.00752045,null,-0.225282,null,null
0.0311181,null,null,0.244774,null
-0.00387309,null,null,null,-0.00166088
0.993005,-0.000288681,null,null,null
0.0630513,null,-0.197955,null,null
0.0428751,null,null,0.236992,null
-0.00202131,null,null,null,-0.00535691
0.993032,0.00143556,null,null,null
0.0265128,null,-0.165609,null,null
0.0989668,null,null,0.216095,null
0.00456702,null,null,null,-0.00241243
0.992971,0.00561114,null,null,null
-0.0111177,null,-0.217094,null,null
0.095939,null,null,0.210829,null
-0.000869919,null,null,null,-0.00266153
0.992988,0.00497715,null,null,null
0.0642995,null,-0.23838,null,null
0.051009,null,null,0.158732,null
-0.00540939,null,null,null,0.00359665
0.9931,0.000356878,null,null,null
0.0391325,null,-0.198701,null,null
0.0210145,null,null,0.118042,null
0.00182514,null,null,null,-0.00224589
0.992805,0.00425736,null,null,null
0.026783,null,-0.203473,null,null
0.0175189,null,null,0.134678,null
-0.00159545,null,null,null,0.00280138
0.992756,0.0074219,null,null,null
0.0515655,null,-0.206567,null,null
0.0383462,null,null,0.102825,null
0.00278124,null,null,null,0.000971089
0.992942,0.00607523,null,null,null
0.030946,null,-0.200501,null,null
0.0399811,null,null,0.122829,null
-0.000514571,null,null,null,0.00280071
0.993024,0.00831579,null,null,null
0.0971448,null,-0.167772,null,null
0.0554509,null,null,0.134469,null
-0.000818753,null,null,null,0.00182917
0.992989,0.0143966,null,null,null
0.0469796,null,-0.179338,null,null
0.0204401,null,null,0.016197,null
0.000672141,null,null,null,0.00921203
0.992815,0.0176502,null,null,null
0.0235315,null,-0.217274,null,null
0.0690554,null,null,-0.00210835,null
0.00133312,null,null,null,0.00616883
0.992896,0.0171559,null,null,null
0.0271224,null,-0.223816,null,null
0.0438741,null,null,0.0434768,null
0.00356515,null,null,null,0.00657193
0.993049,0.0108141,null,null,null
0.0968479,null,-0.176465,null,null
0.0851749,null,null,0.0632395,null
-0.00684153,null,null,null,0.0048834
0.993049,0.0108141,null,null,null
0.0968479,null,-0.176465,null,null
0.0851749,null,null,0.0632395,null
-0.00684153,null,null,null,0.0048834
0.992954,0.00681199,null,null,null
0.129894,null,-0.187476,null,null
0.0967367,null,null,0.0817685,null
-0.0038884,null,null,null,0.00224151
0.992985,0.0104668,null,null,null
0.0985165,null,-0.217012,null,null
0.0283729,null,null,0.0767341,null
-0.00395036,null,null,null,0.000995969
0.992985,0.0104668,null,null,null
0.0985165,null,-0.217012,null,null
0.0283729,null,null,0.0767341,null
-0.00395036,null,null,null,0.000995969
0.992985,0.0104668,null,null,null
0.0985165,null,-0.217012,null,null
0.0283729,null,null,0.0767341,null
-0.00395036,null,null,null,0.000995969
0.992985,0.0104668,null,null,null
0.0985165,null,-0.217012,null,null
0.0283729,null,null,0.0767341,null
-0.00395036,null,null,null,0.000995969
0.992985,0.0104668,null,null,null
0.0985165,null,-0.217012,null,null
0.0283729,null,null,0.0767341,null
-0.00395036,null,null,null,0.000995969
0.992985,0.0104668,null,null,null
0.0985165,null,-0.217012,null,null
0.0283729,null,null,0.0767341,null
-0.00395036,null,null,null,0.000995969
0.992931,0.00807228,null,null,null
0.109564,null,-0.144734,null,null
0.0178409,null,null,0.10992,null
-0.00163134,null,null,null,0.00140277
0.992931,0.00807228,null,null,null
0.109564,null,-0.144734,null,null
0.0178409,null,null,0.10992,null
-0.00163134,null,null,null,0.00140277
0.99294,0.0122334,null,null,null
0.100362,null,-0.220281,null,null
0.0322939,null,null,0.171222,null
-0.000311349,null,null,null,0.00456096
0.993084,0.010265,null,null,null
0.101587,null,-0.206588,null,null
0.0586709,null,null,0.183851,null
-0.00433968,null,null,null,0.000447114
0.992997,0.0124406,null,null,null
0.133098,null,-0.193455,null,null
0.117495,null,null,0.130947,null
0.00197922,null,null,null,-0.00658008
0.992975,0.0100045,null,null,null
0.168231,null,-0.198506,null,null
0.0971505,null,null,0.169981,null
-0.00199451,null,null,null,-0.00228199
0.99301,0.00278828,null,null,null
0.206719,null,-0.174801,null,null
0.09647,null,null,0.170139,null
0.00303012,null,null,null,0.00486024
0.992908,0.00259136,null,null,null
0.134609,null,-0.15734,null,null
0.0666111,null,null,0.166107,null
0.00133408,null,null,null,0.00584764
0.992847,0.00877051,null,null,null
0.108572,null,-0.177891,null,null
0.099385,null,null,0.166288,null
-0.00237331,null,null,null,-0.00190215
0.993038,0.00584778,null,null,null
0.126316,null,-0.186791,null,null
0.0649125,null,null,0.248683,null
0.00317096,null,null,null,0.00124447
0.993035,0.00866156,null,null,null
0.0642009,null,-0.173459,null,null
0.138632,null,null,0.224586,null
-0.000623944,null,null,null,0.00031448
0.993138,0.0045589,null,null,null
0.0518316,null,-0.174802,null,null
0.199864,null,null,0.204544,null
-0.000236597,null,null,null,-0.00609709
0.993138,0.0045589,null,null,null
0.0518316,null,-0.174802,null,null
0.199864,null,null,0.204544,null
-0.000236597,null,null,null,-0.00609709
0.992904,0.00699902,null,null,null
0.077211,null,-0.146918,null,null
0.214097,null,null,0.198159,null
-0.00224174,null,null,null,0.0021554
0.992831,0.0071505,null,null,null
0.103273,null,-0.124834,null,null
0.226953,null,null,0.204316,null
0.00515644,null,null,null,0.000667154
0.992877,0.00368111,null,null,null
0.147223,null,-0.123803,null,null
0.227417,null,null,0.179585,null
0.00624623,null,null,null,-0.000810014
0.9929,0.00428496,null,null,null
0.161881,null,-0.114735,null,null
0.0948357,null,null,0.203234,null
0.0028277,null,null,null,0.00190521
0.992794,2.28693e-05,null,null,null
0.147114,null,-0.0904099,null,null
0.0544991,null,null,0.192495,null
-0.00143564,null,null,null,0.00152621
0.992788,0.00111695,null,null,null
0.145339,null,-0.138249,null,null
0.155454,null,null,0.193004,null
0.00236667,null,null,null,-0.00529691
0.992641,-0.00672354,null,null,null
0.131034,null,-0.13112,null,null
0.111272,null,null,0.217484,null
0.00653685,null,null,null,-0.00555007
0.992641,-0.00672354,null,null,null
0.131034,null,-0.13112,null,null
0.111272,null,null,0.217484,null
0.00653685,null,null,null,-0.00555007
0.992641,-0.00672354,null,null,null
0.131034,null,-0.13112,null,null
0.111272,null,null,0.217484,null
0.00653685,null,null,null,-0.00555007
0.992641,-0.00672354,null,null,null
0.131034,null,-0.13112,null,null
0.111272,null,null,0.217484,null
0.00653685,null,null,null,-0.00555007
0.992748,-0.00560099,null,null,null
0.124828,null,-0.158496,null,null
0.0965451,null,null,0.203861,null
0.00526222,null,null,null,-0.000704738
0.992921,-0.00278556,null,null,null
0.126359,null,-0.171684,null,null
0.108448,null,null,0.237506,null
0.00986351,null,null,null,0.000806367
0.992947,0.0016997,null,null,null
0.104723,null,-0.161791,null,null
0.0884832,null,null,0.236432,null
0.00367869,null,null,null,0.00263865
0.993008,0.00334287,null,null,null
0.117478,null,-0.207858,null,null
0.16284,null,null,0.210487,null
-0.00329066,null,null,null,-0.000354573
0.993008,0.00334287,null,null,null
0.117478,null,-0.207858,null,null
0.16284,null,null,0.210487,null
-0.00329066,null,null,null,-0.000354573
0.993008,0.00334287,null,null,null
0.117478,null,-0.207858,null,null
0.16284,null,null,0.210487,null
-0.00329066,null,null,null,-0.000354573
0.992884,0.00333516,null,null,null
0.131134,null,-0.241249,null,null
0.141966,null,null,0.281449,null
-0.00351149,null,null,null,-0.0011818
0.992884,0.00333516,null,null,null
0.131134,null,-0.241249,null,null
0.141966,null,null,0.281449,null
-0.00351149,null,null,null,-0.0011818
0.992966,0.00755516,null,null,null
0.0824591,null,-0.156759,null,null
0.19842,null,null,0.231379,null
-0.00199956,null,null,null,0.000376705
0.99307,0.00535916,null,null,null
0.100297,null,-0.119869,null,null
0.188166,null,null,0.283243,null
0.00174789,null,null,null,0.000754099
0.99307,0.00535916,null,null,null
0.100297,null,-0.119869,null,null
0.188166,null,null,0.283243,null
0.00174789,null,null,null,0.000754099
0.99292,0.00629889,null,null,null
0.0830029,null,-0.157259,null,null
0.0540279,null,null,0.369696,null
-0.00267043,null,null,null,-0.00513952
0.993017,0.00812319,null,null,null
0.082344,null,-0.179705,null,null
0.0948293,null,null,0.276207,null
-0.00071772,null,null,null,-0.00402047
0.99319,0.00671473,null,null,null
-0.00185945,null,-0.161275,null,null
0.107739,null,null,0.235304,null
-0.00281365,null,null,null,-0.0018777
0.99319,0.00671473,null,null,null
-0.00185945,null,-0.161275,null,null
0.107739,null,null,0.235304,null
-0.00281365,null,null,null,-0.0018777
0.992962,0.00880031,null,null,null
0.0077445,null,-0.21867,null,null
0.125254,null,null,0.236241,null
-0.00245694,null,null,null,-0.000518942
0.992962,0.00880031,null,null,null
0.0077445,null,-0.21867,null,null
0.125254,null,null,0.236241,null
-0.00245694,null,null,null,-0.000518942
0.993091,0.00328146,null,null,null
-0.0377439,null,-0.223304,null,null
0.103813,null,null,0.272643,null
-0.00165274,null,null,null,0.00749945
0.993074,0.00435779,null,null,null
-0.0257209,null,-0.228025,null,null
0.125866,null,null,0.224356,null
-0.000454254,null,null,null,0.002403
0.993025,0.00361889,null,null,null
-0.105092,null,-0.231365,null,null
0.0741907,null,null,0.300685,null
-0.00610673,null,null,null,0.00160625
0.993116,0.000699681,null,null,null
-0.101293,null,-0.171765,null,null
0.142566,null,null,0.212314,null
-0.00156265,null,null,null,0.00775435
0.992965,0.00585509,null,null,null
-0.0871075,null,-0.1721,null,null
0.101195,null,null,0.192881,null
0.00147279,null,null,null,0.00772864
0.992977,0.00302388,null,null,null
-0.0609652,null,-0.206581,null,null
0.153229,null,null,0.248853,null
0.0025112,null,null,null,0.00793014
0.993043,-0.000125406,null,null,null
-0.104335,null,-0.167564,null,null
0.142967,null,null,0.233318,null
6.8787e-05,null,null,null,-0.000339516
0.992936,-0.00183254,null,null,null
-0.0392711,null,-0.217658,null,null
0.120723,null,null,0.277916,null
-7.74577e-05,null,null,null,-0.00162421
0.992827,-0.00400513,null,null,null
-0.0670129,null,-0.154879,null,null
0.139921,null,null,0.241594,null
-0.000786678,null,null,null,0.00210238
0.992968,-0.000398731,null,null,null
-0.05287,null,-0.193369,null,null
0.140266,null,null,0.224976,null
-0.00101555,null,null,null,-0.000144246
0.993024,-6.10224e-05,null,null,null
-0.0644015,null,-0.20922,null,null
0.124886,null,null,0.230972,null
-0.00375694,null,null,null,-0.00340809
0.993054,-0.00564049,null,null,null
-0.032766,null,-0.213594,null,null
0.120826,null,null,0.256254,null
-0.00120245,null,null,null,0.000234876
0.992976,-0.00964174,null,null,null
-0.0331762,null,-0.146256,null,null
0.0882536,null,null,0.247457,null
-0.00436344,null,null,null,0.00152797
0.992989,-0.00494195,null,null,null
-0.104801,null,-0.13606,null,null
0.0546144,null,null,0.26339,null
-0.000469339,null,null,null,0.00274871
0.992915,-0.00519914,null,null,null
-0.0430943,null,-0.236166,null,null
0.0437398,null,null,0.202393,null
0.000326965,null,null,null,1.0961e-05
0.993073,-0.0020845,null,null,null
-0.0522251,null,-0.221015,null,null
0.0579066,null,null,0.241555,null
0.00162982,null,null,null,0.00361746
0.993178,-0.00319264,null,null,null
-0.0852118,null,-0.24539,null,null
0.0571951,null,null,0.197882,null
0.00356436,null,null,null,0.00226919
0.993024,-0.00721413,null,null,null
-0.108204,null,-0.2403,null,null
0.0077113,null,null,0.2059,null
-0.00865728,null,null,null,-0.00345735
0.993041,-0.0029516,null,null,null
-0.107819,null,-0.28839,null,null
0.0305759,null,null,0.290985,null
-0.000829042,null,null,null,0.00198935
0.993067,-0.00325649,null,null,null
-0.100339,null,-0.279942,null,null
-0.0135139,null,null,0.301397,null
0.00355771,null,null,null,-0.000657854
0.992949,-0.00640335,null,null,null
-0.0876482,null,-0.292789,null,null
0.0302306,null,null,0.322116,null
0.000944481,null,null,null,-0.00285246
0.993206,-0.00627156,null,null,null
-0.053396,null,-0.32521,null,null
0.0717083,null,null,0.295973,null
-0.00168774,null,null,null,-0.000861587
0.992969,-0.00980274,null,null,null
-0.080589,null,-0.365017,null,null
0.049253,null,null,0.2551,null
-0.00303301,null,null,null,-0.00309197
0.993182,-0.0092416,null,null,null
-0.0805488,null,-0.312003,null,null
0.0532554,null,null,0.256912,null
-3.10696e-05,null,null,null,-0.00173405
0.99311,-0.0147229,null,null,null
-0.122314,null,-0.291926,null,null
0.0463701,null,null,0.196823,null
-0.00176184,null,null,null,-0.00379678
0.99301,-0.0140369,null,null,null
-0.117143,null,-0.276052,null,null
0.0779892,null,null,0.24463,null
-0.0109309,null,null,null,-0.00187382
0.992966,-0.0166206,null,null,null
-0.157883,null,-0.376729,null,null
0.112927,null,null,0.236393,null
-0.000957109,null,null,null,-0.00233065
0.992966,-0.0166206,null,null,null
-0.157883,null,-0.376729,null,null
0.112927,null,null,0.236393,null
-0.000957109,null,null,null,-0.00233065
0.993071,-0.00750216,null,null,null
-0.19603,null,-0.334751,null,null
0.132451,null,null,0.245871,null
-0.00548768,null,null,null,-0.00197859
0.993111,-0.00745195,null,null,null
-0.205203,null,-0.286382,null,null
0.0995841,null,null,0.177881,null
-0.00588967,null,null,null,0.00153429
0.993167,-0.00375808,null,null,null
-0.109305,null,-0.316421,null,null
0.138079,null,null,0.168206,null
-0.00212899,null,null,null,0.00353019
0.993167,-0.00375808,null,null,null
-0.109305,null,-0.316421,null,null
0.138079,null,null,0.168206,null
-0.00212899,null,null,null,0.00353019
0.993286,-0.0034396,null,null,null
-0.105371,null,-0.315931,null,null
0.103698,null,null,0.246858,null
0.00234559,null,null,null,0.00223381
0.993179,-0.00497526,null,null,null
-0.000708339,null,-0.322429,null,null
0.140033,null,null,0.24708,null
-1.52243e-05,null,null,null,0.00266536
0.9933,-0.00116679,null,null,null
-0.0109477,null,-0.250191,null,null
0.154487,null,null,0.286359,null
-0.00354794,null,null,null,0.00460465
0.993199,-0.00144259,null,null,null
-0.0179399,null,-0.288683,null,null
0.129873,null,null,0.28326,null
0.000376468,null,null,null,0.00729659
0.993102,0.00400901,null,null,null
-0.0310983,null,-0.30437,null,null
0.134522,null,null,0.275103,null
0.00173201,null,null,null,0.000947027
0.993291,0.00302175,null,null,null
0.024759,null,-0.299354,null,null
0.122456,null,null,0.318044,null
0.00190297,null,null,null,0.00390696
0.99325,0.000222606,null,null,null
0.028592,null,-0.298096,null,null
0.147695,null,null,0.318284,null
-0.00222354,null,null,null,0.00289074
0.993161,-0.00265044,null,null,null
-0.0370435,null,-0.314475,null,null
0.148246,null,null,0.305078,null
0.00433359,null,null,null,0.00349556
0.99321,-0.00532873,null,null,null
0.00446689,null,-0.258873,null,null
0.113884,null,null,0.280296,null
0.00189975,null,null,null,0.00190349
0.993232,-0.0017871,null,null,null
-0.0515647,null,-0.305149,null,null
0.149638,null,null,0.29757,null
0.00861793,null,null,null,0.00257201
0.993062,-0.00387682,null,null,null
-0.0399707,null,-0.33042,null,null
0.168017,null,null,0.259181,null
0.00583015,null,null,null,0.00366637
0.993112,-0.00782555,null,null,null
-0.0136289,null,-0.339647,null,null
0.171711,null,null,0.263361,null
0.00337875,null,null,null,-0.000117928
0.992881,-0.00993665,null,null,null
0.0672231,null,-0.281784,null,null
0.122299,null,null,0.251034,null
0.00443967,null,null,null,0.00432233
0.993051,-0.00155516,null,null,null
-0.021202,null,-0.287797,null,null
0.172461,null,null,0.32378,null
0.000241656,null,null,null,0.00384929
0.993044,-0.00885131,null,null,null
0.00864358,null,-0.260229,null,null
0.108408,null,null,0.265486,null
0.000665184,null,null,null,-0.000592729
0.993034,-0.00320335,null,null,null
-0.117879,null,-0.24283,null,null
0.118177,null,null,0.259364,null
0.000476372,null,null,null,0.00203694
0.99299,-0.00635361,null,null,null
-0.0982326,null,-0.224436,null,null
0.118125,null,null,0.248846,null
-0.00318265,null,null,null,0.00067733
0.992905,-0.00968685,null,null,null
-0.132081,null,-0.291666,null,null
0.107897,null,null,0.200629,null
-0.00170596,null,null,null,0.00354265
0.992964,-0.00246686,null,null,null
-0.198423,null,-0.257991,null,null
0.132953,null,null,0.189374,null
9.05791e-05,null,null,null,-0.0018757
0.992891,-0.00238779,null,null,null
-0.16069,null,-0.246734,null,null
0.151694,null,null,0.146714,null
-0.0047612,null,null,null,-0.00244458
0.992897,-0.0050286,null,null,null
-0.146996,null,-0.243295,null,null
0.167621,null,null,0.201165,null
0.000717848,null,null,null,-0.00333751
0.992809,-0.00580301,null,null,null
-0.151896,null,-0.19696,null,null
0.117393,null,null,0.159006,null
0.00315029,null,null,null,0.00106407
0.9927,-0.0045661,null,null,null
-0.208899,null,-0.248539,null,null
0.0984979,null,null,0.139788,null
-0.00543811,null,null,null,-0.00313158
0.9927,-0.0045661,null,null,null
-0.208899,null,-0.248539,null,null
0.0984979,null,null,0.139788,null
-0.00543811,null,null,null,-0.00313158
0.992756,-0.00921855,null,null,null
-0.163867,null,-0.160381,null,null
0.113513,null,null,0.0582311,null
-0.00266459,null,null,null,0.00178936
0.992786,-0.00687236,null,null,null
-0.187706,null,-0.180737,null,null
0.0897426,null,null,0.0559912,null
-0.00675949,null,null,null,0.0012966
0.992868,-0.000838636,null,null,null
-0.204959,null,-0.159075,null,null
0.17021,null,null,0.117655,null
-0.00229214,null,null,null,0.00132666
0.992757,-0.0006528,null,null,null
-0.118199,null,-0.222974,null,null
0.271653,null,null,0.0972195,null
-0.00257514,null,null,null,0.00157611
0.99282,-0.00524685,null,null,null
-0.187947,null,-0.224312,null,null
0.250891,null,null,0.149171,null
0.000808427,null,null,null,-0.0048159
0.9928,0.001456,null,null,null
-0.0795774,null,-0.215968,null,null
0.185724,null,null,0.156561,null
-0.0021343,null,null,null,0.00223118
0.9928,0.001456,null,null,null
-0.0795774,null,-0.215968,null,null
0.185724,null,null,0.156561,null
-0.0021343,null,null,null,0.00223118
0.992973,-0.00418053,null,null,null
-0.0655976,null,-0.217872,null,null
0.173228,null,null,0.117283,null
-0.00107022,null,null,null,0.00621714
0.992969,-0.00445414,null,null,null
-0.103793,null,-0.208632,null,null
0.19458,null,null,0.144622,null
-0.000645806,null,null,null,0.00269616
0.992969,-0.00445414,null,null,null
-0.103793,null,-0.208632,null,null
0.19458,null,null,0.144622,null
-0.000645806,null,null,null,0.00269616
0.993025,-0.00771614,null,null,null
-0.0745836,null,-0.2204,null,null
0.22311,null,null,0.146464,null
-0.000138773,null,null,null,0.00100921
0.992809,-0.00737864,null,null,null
-0.0610835,null,-0.291211,null,null
0.235132,null,null,0.122021,null
0.00175883,null,null,null,-0.00245158
0.992911,-0.000585466,null,null,null
-0.0476017,null,-0.256349,null,null
0.256703,null,null,0.135923,null
-0.00262517,null,null,null,-0.0012738
0.992911,-0.000585466,null,null,null
-0.0476017,null,-0.256349,null,null
0.256703,null,null,0.135923,null
-0.00262516,null,null,null,-0.0012738
0.992992,-0.00239696,null,null,null
-0.0749563,null,-0.234709,null,null
0.242675,null,null,0.10199,null
-0.00328288,null,null,null,-0.000636495
0.993121,0.00586686,null,null,null
-0.0337149,null,-0.249706,null,null
0.207789,null,null,0.154553,null
-0.00639757,null,null,null,-0.00240593
0.993121,0.00586686,null,null,null
-0.0337149,null,-0.249706,null,null
0.207789,null,null,0.154553,null
-0.00639757,null,null,null,-0.00240593
0.993071,-5.93885e-06,null,null,null
0.0190463,null,-0.230466,null,null
0.222854,null,null,0.125383,null
0.000882063,null,null,null,-0.00530014
0.993071,-5.93885e-06,null,null,null
0.0190463,null,-0.230466,null,null
0.222854,null,null,0.125383,null
0.000882063,null,null,null,-0.00530014
0.993143,-0.00498931,null,null,null
-0.00357152,null,-0.229962,null,null
0.18653,null,null,0.148934,null
-0.00339259,null,null,null,-0.00148766
0.993046,-0.00677125,null,null,null
-0.0351023,null,-0.259014,null,null
0.23256,null,null,0.0810889,null
7.09391e-05,null,null,null,0.00221416
0.992918,-0.00789217,null,null,null
-0.102129,null,-0.274247,null,null
0.236442,null,null,0.067722,null
-0.00336757,null,null,null,0.00304831
0.99282,-0.0114869,null,null,null
-0.113762,null,-0.271817,null,null
0.228706,null,null,0.069078,null
-0.00230078,null,null,null,0.00315625
0.992792,-0.00765917,null,null,null
-0.055637,null,-0.241926,null,null
0.235876,null,null,0.108214,null
-0.00139995,null,null,null,0.00195597
0.992894,-0.00373496,null,null,null
-0.0435471,null,-0.20924,null,null
0.269089,null,null,0.0946572,null
-0.00440681,null,null,null,-0.00233345
0.992781,-0.00635265,null,null,null
-0.110322,null,-0.193345,null,null
0.158119,null,null,0.16761,null
-0.00302395,null,null,null,0.00056292
0.992574,-0.00832463,null,null,null
-0.064404,null,-0.199794,null,null
0.1911,null,null,0.0938201,null
0.000419535,null,null,null,0.00155761
0.992714,-0.00988763,null,null,null
-0.093536,null,-0.173352,null,null
0.183163,null,null,0.128896,null
0.000702568,null,null,null,0.000728531
0.992801,-0.0115153,null,null,null
-0.0896739,null,-0.179854,null,null
0.13142,null,null,0.171925,null
0.00302279,null,null,null,0.00134979
0.992845,-0.00956351,null,null,null
-0.08959,null,-0.183286,null,null
0.14029,null,null,0.0577296,null
0.0056947,null,null,null,-0.0015702
0.992845,-0.00956351,null,null,null
-0.08959,null,-0.183286,null,null
0.14029,null,null,0.0577296,null
0.0056947,null,null,null,-0.0015702
0.993082,-0.00677511,null,null,null
-0.114742,null,-0.200809,null,null
0.14072,null,null,0.130692,null
0.000577196,null,null,null,0.00249595
0.993049,-0.00255681,null,null,null
-0.0759229,null,-0.235514,null,null
0.159835,null,null,0.0752807,null
0.00526991,null,null,null,-6.966e-06
0.992915,0.00287825,null,null,null
-0.125051,null,-0.212866,null,null
0.155841,null,null,0.154495,null
0.00370225,null,null,null,-0.00142271
0.992896,0.00742916,null,null,null
-0.16273,null,-0.198997,null,null
0.187405,null,null,0.122785,null
0.0044716,null,null,null,-0.00181503
0.992856,0.0123077,null,null,null
-0.178149,null,-0.112068,null,null
0.18159,null,null,0.114374,null
0.00299127,null,null,null,0.000306711
0.992866,0.00856826,null,null,null
-0.178544,null,-0.140844,null,null
0.1594,null,null,0.104124,null
-0.00310909,null,null,null,-0.00337476
0.992866,0.00856826,null,null,null
-0.178544,null,-0.140844,null,null
0.1594,null,null,0.104124,null
-0.00310909,null,null,null,-0.00337476
0.992866,0.00856826,null,null,null
-0.178544,null,-0.140844,null,null
0.1594,null,null,0.104124,null
-0.00310909,null,null,null,-0.00337476
0.992939,0.00958243,null,null,null
-0.168494,null,-0.19129,null,null
0.184536,null,null,0.103588,null
-0.00583828,null,null,null,0.00217708
0.993062,0.00934864,null,null,null
-0.114611,null,-0.216434,null,null
0.257586,null,null,0.161604,null
-0.00165204,null,null,null,-0.00247013
0.993049,0.00755459,null,null,null
-0.0951884,null,-0.191229,null,null
0.25559,null,null,0.155913,null
-0.00258174,null,null,null,0.00031876
0.993049,0.00755459,null,null,null
-0.0951884,null,-0.191229,null,null
0.25559,null,null,0.155913,null
-0.00258174,null,null,null,0.00031876
0.992916,0.00501494,null,null,null
-0.0294074,null,-0.221831,null,null
0.277215,null,null,0.10302,null
-0.00238274,null,null,null,0.00136447
0.992924,0.00486727,null,null,null
-0.0820161,null,-0.207466,null,null
0.264472,null,null,0.077489,null
0.00185995,null,null,null,0.00613241
0.992835,0.0067707,null,null,null
-0.0682631,null,-0.198746,null,null
0.201551,null,null,0.127337,null
0.000670366,null,null,null,0.00509508
0.992788,0.00477982,null,null,null
-0.101181,null,-0.152686,null,null
0.169445,null,null,0.0729097,null
0.00227679,null,null,null,0.00793724
0.992777,0.00326631,null,null,null
-0.166272,null,-0.175898,null,null
0.175704,null,null,0.109209,null
0.000165759,null,null,null,0.00108084
0.992777,0.00326631,null,null,null
-0.166272,null,-0.175898,null,null
0.175704,null,null,0.109209,null
0.000165759,null,null,null,0.00108084
0.992871,0.00155421,null,null,null
-0.130226,null,-0.173234,null,null
0.2128,null,null,0.129917,null
0.00104089,null,null,null,0.00025558
0.992939,-0.000427947,null,null,null
-0.187284,null,-0.145271,null,null
0.29917,null,null,0.0864437,null
0.00437765,null,null,null,-0.000402145
0.992738,0.00011024,null,null,null
-0.167497,null,-0.0964536,null,null
0.233186,null,null,0.0975971,null
0.00394944,null,null,null,0.00115269
0.992873,-0.00622759,null,null,null
-0.145593,null,-0.0863533,null,null
0.188154,null,null,0.0825183,null
0.000375134,null,null,null,0.00390217
0.992679,-0.0111837,null,null,null
-0.16217,null,-0.071842,null,null
0.183659,null,null,0.0914206,null
0.00425224,null,null,null,0.00673363
0.992776,-0.0100937,null,null,null
-0.14295,null,-0.0737798,null,null
0.236809,null,null,0.144512,null
0.00673976,null,null,null,0.00135913
0.992679,-0.0110907,null,null,null
-0.110445,null,-0.0732311,null,null
0.230759,null,null,0.113982,null
0.00296937,null,null,null,0.00511851
0.992776,-0.00646696,null,null,null
-0.0967115,null,-0.114484,null,null
0.250209,null,null,0.0981979,null
0.00474744,null,null,null,-0.00054252
0.992691,-0.00138178,null,null,null
-0.107796,null,-0.0822511,null,null
0.223196,null,null,0.0919514,null
-0.00059399,null,null,null,0.00168855
0.992726,0.000621324,null,null,null
-0.163467,null,-0.0562431,null,null
0.335247,null,null,0.111061,null
0.00231832,null,null,null,0.00131985
0.992726,0.000621324,null,null,null
-0.163467,null,-0.0562431,null,null
0.335247,null,null,0.111061,null
0.00231832,null,null,null,0.00131985
0.992784,0.00175772,null,null,null
-0.0770416,null,-0.0925211,null,null
0.332427,null,null,0.0694837,null
0.00550576,null,null,null,0.00257668
0.992784,0.00175772,null,null,null
-0.0770416,null,-0.0925211,null,null
0.332427,null,null,0.0694837,null
0.00550576,null,null,null,0.00257668
0.992829,0.00537261,null,null,null
-0.055242,null,-0.114638,null,null
0.25281,null,null,0.0358847,null
0.000329466,null,null,null,0.000995055
0.992829,0.00537261,null,null,null
-0.055242,null,-0.114638,null,null
0.25281,null,null,0.0358847,null
0.000329466,null,null,null,0.000995056
0.992794,0.00635925,null,null,null
-0.090517,null,-0.0878495,null,null
0.305581,null,null,0.0845489,null
0.00214966,null,null,null,0.00369994
0.992738,0.00361405,null,null,null
-0.0590694,null,-0.09468,null,null
0.329146,null,null,0.121505,null
-0.0015894,null,null,null,0.00306235
0.992765,0.00682754,null,null,null
-0.00306451,null,-0.058722,null,null
0.323703,null,null,0.128341,null
-0.000496511,null,null,null,-0.00026978
0.992914,0.0025728,null,null,null
-0.06713,null,-0.0838181,null,null
0.285435,null,null,0.126344,null
0.000809175,null,null,null,-0.00052104
0.992914,0.0025728,null,null,null
-0.06713,null,-0.0838181,null,null
0.285435,null,null,0.126344,null
0.000809175,null,null,null,-0.00052104
0.993074,0.000840149,null,null,null
-0.0652715,null,-0.129724,null,null
0.326141,null,null,0.130614,null
0.0003245,null,null,null,0.00469518
0.992877,0.00113681,null,null,null
-0.0494075,null,-0.0315585,null,null
0.317244,null,null,0.130956,null
-0.00592775,null,null,null,0.00025692
0.992932,0.00823421,null,null,null
-0.0837359,null,-0.062689,null,null
0.341552,null,null,0.0721713,null
-0.00729721,null,null,null,0.0081266
0.992804,0.00923338,null,null,null
0.0540711,null,-0.0918333,null,null
0.298575,null,null,0.106173,null
-0.00361268,null,null,null,0.00656929
0.992795,0.0148009,null,null,null
0.0084343,null,-0.121352,null,null
0.286712,null,null,0.0363561,null
-0.00186989,null,null,null,0.00391781
0.992831,0.015466,null,null,null
-0.0750666,null,-0.157933,null,null
0.269014,null,null,0.020108,null
-0.00378161,null,null,null,0.00188857
0.992918,0.0110318,null,null,null
-0.0305563,null,-0.137516,null,null
0.347364,null,null,0.00178641,null
-0.0017074,null,null,null,0.000848391
0.992918,0.0110318,null,null,null
-0.0305563,null,-0.137516,null,null
0.347364,null,null,0.00178641,null
-0.0017074,null,null,null,0.000848391
0.992912,0.00705614,null,null,null
-0.0734254,null,-0.130727,null,null
0.33466,null,null,-0.064673,null
-0.000791781,null,null,null,-0.00358396
0.993015,0.00828335,null,null,null
-0.150119,null,-0.0680817,null,null
0.353356,null,null,-0.0999699,null
-0.00360835,null,null,null,-0.0094819
0.992861,0.012332,null,null,null
-0.117899,null,-0.068839,null,null
0.339282,null,null,-0.100524,null
-0.0016743,null,null,null,-0.00427079
0.992755,0.0134239,null,null,null
-0.0867813,null,-0.115449,null,null
0.398849,null,null,-0.100959,null
0.0014652,null,null,null,-0.00437566
0.992806,0.0165514,null,null,null
-0.116865,null,-0.119777,null,null
0.380619,null,null,-0.0665587,null
1.14702e-05,null,null,null,0.00229944
0.992771,0.0160774,null,null,null
-0.0726466,null,-0.0911329,null,null
0.33674,null,null,-0.0703783,null
-0.000546322,null,null,null,-0.00160254
0.992846,0.0131516,null,null,null
-0.0307729,null,-0.10224,null,null
0.343636,null,null,-0.0786267,null
-0.000116427,null,null,null,-0.00310204
0.992853,0.0139282,null,null,null
-0.00810539,null,-0.0882287,null,null
0.314171,null,null,-0.123423,null
-0.00326769,null,null,null,-0.000266465
0.992685,0.0183021,null,null,null
-0.0666015,null,-0.143234,null,null
0.350787,null,null,-0.0662739,null
-0.00433093,null,null,null,0.00267315
0.992846,0.0142647,null,null,null
-0.0758769,null,-0.095209,null,null
0.420156,null,null,-0.087695,null
-0.0049993,null,null,null,0.00517706
0.9928,0.0208575,null,null,null
0.00033576,null,-0.149686,null,null
0.448089,null,null,-0.0018067,null
-0.00564746,null,null,null,0.00920821
0.9928,0.0208575,null,null,null
0.00033576,null,-0.149686,null,null
0.448089,null,null,-0.0018067,null
-0.00564746,null,null,null,0.00920821
0.9928,0.0208575,null,null,null
0.00033576,null,-0.149686,null,null
0.448089,null,null,-0.0018067,null
-0.00564746,null,null,null,0.00920821
0.992814,0.0114114,null,null,null
-0.0718162,null,-0.105754,null,null
0.477789,null,null,0.0387118,null
-0.00351394,null,null,null,0.00300554
0.992939,0.0110874,null,null,null
-0.0130708,null,-0.171075,null,null
0.478791,null,null,-0.0530931,null
0.00147375,null,null,null,-0.00160689
0.992945,0.0100249,null,null,null
-0.0619417,null,-0.162331,null,null
0.400221,null,null,-0.0551814,null
-0.00303156,null,null,null,-0.00443429
0.992909,0.011601,null,null,null
-0.0805659,null,-0.209806,null,null
0.399772,null,null,-0.100236,null
-0.000963877,null,null,null,-0.00033455
0.99293,0.00877045,null,null,null
-0.106292,null,-0.19415,null,null
0.403201,null,null,-0.115167,null
-0.000112046,null,null,null,-0.00789456
0.992888,0.0127621,null,null,null
-0.0664876,null,-0.244979,null,null
0.4123,null,null,-0.131861,null
-0.000404777,null,null,null,-0.00418434
0.992755,0.0181879,null,null,null
0.0278231,null,-0.20914,null,null
0.472152,null,null,-0.103522,null
-0.000645689,null,null,null,-0.00494174
0.992663,0.019113,null,null,null
-0.00721347,null,-0.132806,null,null
0.480774,null,null,-0.0308365,null
0.005691,null,null,null,0.00446194
0.992663,0.019113,null,null,null
-0.00721347,null,-0.132806,null,null
0.480774,null,null,-0.0308365,null
0.005691,null,null,null,0.00446194
0.99293,0.0172525,null,null,null
-0.022415,null,-0.168137,null,null
0.437144,null,null,0.0370096,null
0.0075322,null,null,null,-0.00388329
0.992849,0.0147611,null,null,null
-0.0648286,null,-0.144811,null,null
0.37286,null,null,-0.0466314,null
0.00477472,null,null,null,-0.00397539
0.99296,0.00726431,null,null,null
-0.0342097,null,-0.160147,null,null
0.464175,null,null,0.0160536,null
0.000709121,null,null,null,-0.00462856
0.99296,0.00726431,null,null,null
-0.0342097,null,-0.160147,null,null
0.464175,null,null,0.0160536,null
0.000709121,null,null,null,-0.00462856
0.99296,0.00726431,null,null,null
-0.0342097,null,-0.160147,null,null
0.464175,null,null,0.0160536,null
0.000709121,null,null,null,-0.00462856
0.992974,0.00886559,null,null,null
-0.0542695,null,-0.186941,null,null
0.378925,null,null,-0.0616046,null
0.00228735,null,null,null,-0.000419761
0.993008,0.00487487,null,null,null
-0.038789,null,-0.143526,null,null
0.388354,null,null,-0.0413842,null
0.00511629,null,null,null,-0.001808
0.99308,0.000119479,null,null,null
-0.0235675,null,-0.16105,null,null
0.432354,null,null,-0.0220714,null
0.0013681,null,null,null,-0.00600554
0.99308,0.000119479,null,null,null
-0.0235675,null,-0.16105,null,null
0.432354,null,null,-0.0220714,null
0.0013681,null,null,null,-0.00600554
0.992982,-9.719e-06,null,null,null
-0.0684064,null,-0.136717,null,null
0.4267,null,null,-0.0678776,null
0.00465781,null,null,null,-0.0036012
0.992868,-0.00605509,null,null,null
-0.0482661,null,-0.13867,null,null
0.40019,null,null,-0.0554852,null
-0.00334051,null,null,null,-0.000739978
0.992868,-0.00605509,null,null,null
-0.0482661,null,-0.13867,null,null
0.40019,null,null,-0.0554852,null
-0.00334051,null,null,null,-0.000739978
0.992719,-0.00267299,null,null,null
-0.0997576,null,-0.195587,null,null
0.385553,null,null,-0.0443962,null
-0.00359886,null,null,null,-0.00109362
0.992719,-0.00267299,null,null,null
-0.0997576,null,-0.195587,null,null
0.385553,null,null,-0.0443962,null
-0.00359886,null,null,null,-0.00109362
0.992719,-0.00267299,null,null,null
-0.0997576,null,-0.195587,null,null
0.385553,null,null,-0.0443962,null
-0.00359886,null,null,null,-0.00109362
0.99282,-0.00490939,null,null,null
-0.0683309,null,-0.167864,null,null
0.396873,null,null,0.0343284,null
-0.00206925,null,null,null,-0.00424814
0.992892,-0.0017371,null,null,null
-0.0586154,null,-0.145246,null,null
0.373589,null,null,0.0209464,null
0.00205214,null,null,null,0.00207845
0.992961,-0.00244399,null,null,null
-0.0667652,null,-0.118335,null,null
0.341537,null,null,-0.0175795,null
-0.00398545,null,null,null,-0.000831071
0.99318,-0.00146673,null,null,null
-0.0858555,null,-0.120755,null,null
0.3325,null,null,-0.0594989,null
-0.0019309,null,null,null,-0.00313736
0.993015,-0.00203326,null,null,null
-0.041653,null,-0.0532014,null,null
0.363662,null,null,-0.122945,null
0.00315728,null,null,null,-0.00332819
0.993015,-0.00203326,null,null,null
-0.041653,null,-0.0532014,null,null
0.363662,null,null,-0.122945,null
0.00315728,null,null,null,-0.00332819
0.993084,0.00264126,null,null,null
-0.0796527,null,-0.03399,null,null
0.346505,null,null,-0.0613597,null
0.00347429,null,null,null,-0.00337528
0.992903,0.0039918,null,null,null
-0.109801,null,0.0389255,null,null
0.351871,null,null,-0.0799804,null
0.0044043,null,null,null,-0.00109416
0.992926,0.00093453,null,null,null
-0.0951031,null,0.027319,null,null
0.36584,null,null,-0.106556,null
0.00525374,null,null,null,-0.00421096
0.992919,0.00260171,null,null,null
-0.116932,null,-0.0106877,null,null
0.321757,null,null,-0.0377446,null
0.000623735,null,null,null,-0.000134564
0.992919,0.00260171,null,null,null
-0.116932,null,-0.0106877,null,null
0.321757,null,null,-0.0377446,null
0.000623735,null,null,null,-0.000134564
0.992738,0.00756509,null,null,null
-0.0750695,null,-0.0120997,null,null
0.357295,null,null,-0.0725455,null
0.0024189,null,null,null,0.00361205
0.992865,0.0100847,null,null,null
-0.122065,null,-0.00993196,null,null
0.37373,null,null,-0.0476333,null
0.00294986,null,null,null,-0.00410861
0.992816,0.00340234,null,null,null
-0.105815,null,-0.0940376,null,null
0.393749,null,null,0.0383867,null
-0.00316138,null,null,null,-0.00419381
0.992816,0.00340234,null,null,null
-0.105815,null,-0.0940376,null,null
0.393749,null,null,0.0383867,null
-0.00316138,null,null,null,-0.00419381
0.992926,0.00176769,null,null,null
-0.131383,null,-0.0700869,null,null
0.322629,null,null,0.0528814,null
1.78503e-05,null,null,null,0.00202805
0.992892,-0.0058166,null,null,null
-0.109498,null,-0.0495106,null,null
0.382155,null,null,0.0391955,null
-0.00187323,null,null,null,-0.000664954
0.992971,-0.0105302,null,null,null
-0.155934,null,-0.0603062,null,null
0.374053,null,null,0.0654186,null
0.00257768,null,null,null,0.000771735
0.992801,-0.00887788,null,null,null
-0.153757,null,-0.0287722,null,null
0.339168,null,null,0.149079,null
-0.000644519,null,null,null,-0.000160918
0.992826,-0.0172056,null,null,null
-0.077383,null,0.0502671,null,null
0.322049,null,null,0.129041,null
-0.00459645,null,null,null,1.62773e-05
0.992712,-0.0165798,null,null,null
-0.081739,null,0.065496,null,null
0.349315,null,null,0.193635,null
0.0028484,null,null,null,0.00453431
0.992687,-0.0126894,null,null,null
-0.050564,null,0.0646271,null,null
0.330274,null,null,0.244163,null
-0.00314387,null,null,null,0.00715071
0.992829,-0.0086516,null,null,null
-0.0329417,null,0.0636946,null,null
0.32033,null,null,0.24058,null
-0.00419969,null,null,null,0.00107355
0.992714,-0.0090268,null,null,null
-0.00642659,null,0.0651496,null,null
0.311258,null,null,0.239679,null
0.000550553,null,null,null,0.000698006
0.99271,-0.0141122,null,null,null
-0.0418167,null,-0.00880115,null,null
0.354256,null,null,0.21486,null
0.00367986,null,null,null,-0.00455393
0.992859,-0.00992844,null,null,null
-0.0748981,null,0.0351326,null,null
0.318656,null,null,0.1804,null
0.00393749,null,null,null,0.00320061
0.992889,-0.00751115,null,null,null
-0.0529306,null,0.0366773,null,null
0.313041,null,null,0.114104,null
0.00283156,null,null,null,0.00406964
0.992692,-0.0125134,null,null,null
-0.0215214,null,-0.0287601,null,null
0.334246,null,null,0.106282,null
-0.00322627,null,null,null,0.00906231
0.992692,-0.0125134,null,null,null
-0.0215214,null,-0.0287601,null,null
0.334246,null,null,0.106282,null
-0.00322627,null,null,null,0.00906231
0.992876,-0.0124967,null,null,null
-0.0132845,null,0.031935,null,null
0.313397,null,null,0.124747,null
-0.00682069,null,null,null,0.00831024
0.992876,-0.0124967,null,null,null
-0.0132845,null,0.031935,null,null
0.313397,null,null,0.124747,null
-0.00682069,null,null,null,0.00831024
0.992714,-0.0163484,null,null,null
-0.0917116,null,0.00878895,null,null
0.334349,null,null,0.10575,null
-5.94669e-05,null,null,null,0.00284116
0.992991,-0.01419,null,null,null
-0.0224873,null,0.048572,null,null
0.318553,null,null,0.0772073,null
-0.0054755,null,null,null,0.00122294
0.992977,-0.014309,null,null,null
-0.043508,null,0.0730774,null,null
0.34824,null,null,0.0627392,null
0.00106535,null,null,null,-0.00119567
0.992868,-0.015724,null,null,null
-0.0133485,null,0.0678083,null,null
0.306275,null,null,0.0944041,null
0.00145064,null,null,null,0.0043521
0.99306,-0.0105516,null,null,null
0.0062093,null,-0.0332514,null,null
0.277154,null,null,0.0411183,null
-4.24695e-05,null,null,null,-0.00228611
0.99306,-0.0105516,null,null,null
0.0062093,null,-0.0332514,null,null
0.277154,null,null,0.0411183,null
-4.24695e-05,null,null,null,-0.00228611
0.99304,-0.00836838,null,null,null
-0.0152023,null,-0.0537909,null,null
0.328892,null,null,0.0988498,null
0.0030687,null,null,null,0.00454154
0.993005,-0.00647717,null,null,null
-0.0770961,null,0.00503069,null,null
0.278725,null,null,0.0546564,null
0.00468285,null,null,null,-0.00340231
0.992936,-0.00512377,null,null,null
-0.0690431,null,-0.0229675,null,null
0.25236,null,null,0.095212,null
0.00178755,null,null,null,0.00151983
0.992736,-0.00709978,null,null,null
-0.0103574,null,0.0809996,null,null
0.268686,null,null,0.130513,null
0.00593086,null,null,null,-0.0053288
0.992736,-0.00709978,null,null,null
-0.0103574,null,0.0809996,null,null
0.268686,null,null,0.130513,null
0.00593086,null,null,null,-0.0053288
0.992815,-0.0091165,null,null,null
-0.0208753,null,0.0436728,null,null
0.274215,null,null,0.212436,null
0.0042449,null,null,null,-0.00173132
0.992886,-0.00827657,null,null,null
-0.0487498,null,0.045575,null,null
0.262238,null,null,0.170921,null
0.00137679,null,null,null,0.00170181
0.992886,-0.00827657,null,null,null
-0.0487498,null,0.045575,null,null
0.262238,null,null,0.170921,null
0.00137679,null,null,null,0.00170181
0.992886,-0.00827657,null,null,null
-0.0487498,null,0.045575,null,null
0.262238,null,null,0.170921,null
0.00137679,null,null,null,0.00170181
0.992859,-0.010494,null,null,null
0.012854,null,-0.0113446,null,null
0.278744,null,null,0.174224,null
0.000280715,null,null,null,-0.00154286
0.992951,-0.0154131,null,null,null
-0.0588298,null,-0.0152179,null,null
0.2745,null,null,0.184784,null
0.00393379,null,null,null,0.000503489
0.992951,-0.0154131,null,null,null
-0.0588298,null,-0.0152179,null,null
0.2745,null,null,0.184784,null
0.00393379,null,null,null,0.000503489
0.992851,-0.0128615,null,null,null
-0.0704845,null,-0.0237415,null,null
0.250399,null,null,0.195384,null
0.00285854,null,null,null,0.0015702
0.992827,-0.0166194,null,null,null
-0.0212534,null,9.81532e-05,null,null
0.316546,null,null,0.184367,null
0.00857479,null,null,null,-0.00850611
0.992827,-0.0166194,null,null,null
-0.0212534,null,9.81532e-05,null,null
0.316546,null,null,0.184367,null
0.00857479,null,null,null,-0.00850611
0.992905,-0.0155185,null,null,null
-0.0133258,null,0.0102947,null,null
0.32796,null,null,0.248615,null
0.0047619,null,null,null,0.00330529
0.99279,-0.0191201,null,null,null
0.0428335,null,0.0210191,null,null
0.192763,null,null,0.15767,null
0.00898656,null,null,null,0.00660466
0.992831,-0.0187131,null,null,null
0.0244898,null,0.00922308,null,null
0.244255,null,null,0.16544,null
0.00500416,null,null,null,0.00561821
0.992831,-0.0187131,null,null,null
0.0244898,null,0.00922308,null,null
0.244255,null,null,0.16544,null
0.00500416,null,null,null,0.00561821
0.992753,-0.0190002,null,null,null
0.0338766,null,0.05636,null,null
0.22487,null,null,0.153295,null
0.00868936,null,null,null,0.000232992
0.99271,-0.016635,null,null,null
-0.0394494,null,0.0736746,null,null
0.30695,null,null,0.198344,null
0.00468607,null,null,null,0.00052306
0.9927,-0.0179366,null,null,null
0.0102484,null,0.0709456,null,null
0.304453,null,null,0.21086,null
0.00568721,null,null,null,-0.00505245
0.992781,-0.0197564,null,null,null
-0.0191931,null,0.0540906,null,null
0.328249,null,null,0.205149,null
0.00342069,null,null,null,-0.00776669
0.992901,-0.0197182,null,null,null
-0.0720288,null,0.0301261,null,null
0.257799,null,null,0.130158,null
0.00331803,null,null,null,0.000130995
0.992901,-0.0197182,null,null,null
-0.0720288,null,0.0301261,null,null
0.257799,null,null,0.130158,null
0.00331803,null,null,null,0.000130995
0.992448,-0.0275191,null,null,null
-0.0398444,null,0.0268996,null,null
0.237134,null,null,0.136274,null
0.004822,null,null,null,-0.00188344
0.992615,-0.0259043,null,null,null
-0.0267705,null,0.0158203,null,null
0.265025,null,null,0.127645,null
0.00525579,null,null,null,-0.0039275
0.992707,-0.0192504,null,null,null
-0.0317065,null,0.0653148,null,null
0.214811,null,null,0.16461,null
0.00780968,null,null,null,0.00217214
0.992815,-0.0105706,null,null,null
0.0127032,null,0.0253522,null,null
0.218326,null,null,0.182914,null
0.00156115,null,null,null,-0.00138074
0.992815,-0.0105706,null,null,null
0.0127032,null,0.0253522,null,null
0.218326,null,null,0.182914,null
0.00156115,null,null,null,-0.00138074
0.992815,-0.0105706,null,null,null
0.0127032,null,0.0253522,null,null
0.218326,null,null,0.182914,null
0.00156115,null,null,null,-0.00138074
0.99275,-0.0166086,null,null,null
-0.0327654,null,0.0591751,null,null
0.185451,null,null,0.218391,null
-0.00343626,null,null,null,-0.00290931
0.992797,-0.0134694,null,null,null
0.0220648,null,0.0740474,null,null
0.222394,null,null,0.0894487,null
-0.0030365,null,null,null,0.0050764
0.992919,-0.0141479,null,null,null
-0.0450398,null,0.0886725,null,null
0.218109,null,null,0.152554,null
-0.00161981,null,null,null,0.00180761
0.992956,-0.0149145,null,null,null
-0.00350052,null,0.0770663,null,null
0.321576,null,null,0.140398,null
-0.000119326,null,null,null,-0.00506812
0.993008,-0.0100879,null,null,null
-0.0152252,null,0.0534919,null,null
0.403555,null,null,0.159574,null
-0.00360439,null,null,null,0.00264515
0.992924,-0.010778,null,null,null
0.0189201,null,0.0682602,null,null
0.364376,null,null,0.238789,null
-0.000795349,null,null,null,0.001214
0.992897,-0.00644835,null,null,null
-0.0658312,null,0.0673437,null,null
0.298438,null,null,0.137814,null
0.000407751,null,null,null,-0.00411237
0.992958,0.0014766,null,null,null
0.0386869,null,0.0121916,null,null
0.389558,null,null,0.170843,null
0.002228,null,null,null,-0.000727595
0.993059,0.00368955,null,null,null
0.0495919,null,-0.0314589,null,null
0.312075,null,null,0.094066,null
0.00364366,null,null,null,-0.00105699
0.992958,4.77854e-05,null,null,null
-0.0147694,null,-0.0993831,null,null
0.359947,null,null,0.129419,null
0.00256275,null,null,null,-0.00294784
0.993086,-0.00346378,null,null,null
0.0277974,null,-0.126752,null,null
0.375396,null,null,0.121073,null
0.00282747,null,null,null,0.0020079
0.993084,-0.00964405,null,null,null
0.0123541,null,-0.09283,null,null
0.359601,null,null,0.16078,null
0.00321294,null,null,null,-0.000332165
0.993066,-0.00628649,null,null,null
-0.0109409,null,-0.0921581,null,null
0.379361,null,null,0.243475,null
-0.000938007,null,null,null,-0.00265204
0.993066,-0.00628649,null,null,null
-0.0109409,null,-0.0921581,null,null
0.379361,null,null,0.243475,null
-0.000938007,null,null,null,-0.00265204
0.992962,-0.00241275,null,null,null
-0.00688448,null,-0.127906,null,null
0.418507,null,null,0.227107,null
-0.00611811,null,null,null,-0.000352345
0.992944,-0.00814622,null,null,null
-0.0164556,null,-0.111192,null,null
0.414034,null,null,0.20627,null
-0.00208479,null,null,null,-0.00494996
0.99306,-0.00410559,null,null,null
-0.00397134,null,-0.124958,null,null
0.380478,null,null,0.249647,null
-0.0055596,null,null,null,-0.00348794
0.99306,-0.00410559,null,null,null
-0.00397134,null,-0.124958,null,null
0.380478,null,null,0.249647,null
-0.0055596,null,null,null,-0.00348794
0.993026,-0.00684694,null,null,null
-0.0889456,null,-0.144895,null,null
0.34846,null,null,0.285599,null
-0.00427895,null,null,null,-0.00149011
0.993175,-0.00153962,null,null,null
-0.0786667,null,-0.194259,null,null
0.36704,null,null,0.306385,null
-0.0050902,null,null,null,-0.00078219
0.993021,-0.00202219,null,null,null
-0.0242986,null,-0.213886,null,null
0.315455,null,null,0.273512,null
-0.0050868,null,null,null,0.00297301
0.99289,-0.002687,null,null,null
-0.0536124,null,-0.173936,null,null
0.343319,null,null,0.299577,null
-0.0022315,null,null,null,-0.000215191
0.992825,-0.00951025,null,null,null
-0.040433,null,-0.191725,null,null
0.327865,null,null,0.311274,null
2.3429e-05,null,null,null,0.000937093
0.992805,-0.00998936,null,null,null
-0.0192491,null,-0.0966758,null,null
0.317834,null,null,0.261719,null
-0.000638085,null,null,null,0.00416712
0.992805,-0.0104824,null,null,null
-0.0878306,null,-0.176979,null,null
0.333054,null,null,0.204038,null
-0.0017953,null,null,null,0.00545661
0.992805,-0.0104824,null,null,null
-0.0878306,null,-0.176979,null,null
0.333054,null,null,0.204038,null
-0.0017953,null,null,null,0.00545661
0.992595,-0.0103027,null,null,null
-0.10002,null,-0.133618,null,null
0.336232,null,null,0.165768,null
-0.000462131,null,null,null,-0.000199085
0.992595,-0.0103027,null,null,null
-0.10002,null,-0.133618,null,null
0.336232,null,null,0.165768,null
-0.000462131,null,null,null,-0.000199085
0.992818,-0.005461,null,null,null
-0.0543534,null,-0.159075,null,null
0.419162,null,null,0.181517,null
-0.00571411,null,null,null,-0.0016816
0.992818,-0.005461,null,null,null
-0.0543534,null,-0.159075,null,null
0.419162,null,null,0.181517,null
-0.00571411,null,null,null,-0.0016816
0.992769,-0.0111399,null,null,null
-0.0614935,null,-0.156055,null,null
0.337734,null,null,0.217413,null
-0.00321612,null,null,null,-0.00188006
0.992846,-0.00754194,null,null,null
-0.101844,null,-0.137107,null,null
0.363024,null,null,0.233251,null
-0.00281464,null,null,null,-4.48546e-05
0.992938,-0.00220718,null,null,null
-0.113291,null,-0.0589165,null,null
0.350685,null,null,0.191415,null
-0.000712448,null,null,null,0.00515822
0.992939,-0.00677222,null,null,null
-0.0927079,null,-0.110501,null,null
0.4379,null,null,0.152558,null
0.00142746,null,null,null,0.00331421
0.99274,-0.00721629,null,null,null
-0.149824,null,-0.0482861,null,null
0.447638,null,null,0.163667,null
0.00130197,null,null,null,-0.00414642
0.992926,-0.00738129,null,null,null
-0.101131,null,-0.10541,null,null
0.390681,null,null,0.23422,null
-0.000494338,null,null,null,-0.00586884
0.992942,-0.00747397,null,null,null
-0.0948714,null,-0.084961,null,null
0.371965,null,null,0.250244,null
0.00394641,null,null,null,-0.00634809
0.992979,-0.00241986,null,null,null
-0.0724989,null,-0.0957881,null,null
0.351948,null,null,0.257276,null
-0.00205095,null,null,null,-0.0016125
0.992958,-0.00620412,null,null,null
-0.0206596,null,-0.109711,null,null
0.376717,null,null,0.289942,null
-0.000103962,null,null,null,-0.00550816
0.993076,-0.00767954,null,null,null
-0.0108572,null,-0.0786412,null,null
0.351709,null,null,0.252221,null
0.00269659,null,null,null,-0.00534074
0.992871,-0.0110892,null,null,null
0.011789,null,-0.0997518,null,null
0.34782,null,null,0.256273,null
-0.00579135,null,null,null,-0.00369405
0.992871,-0.0110892,null,null,null
0.011789,null,-0.0997518,null,null
0.34782,null,null,0.256273,null
-0.00579135,null,null,null,-0.00369405
0.99281,-0.00989561,null,null,null
0.029725,null,-0.105395,null,null
0.303219,null,null,0.203055,null
-0.00355076,null,null,null,-0.00165931
0.992846,-0.0117718,null,null,null
0.0283871,null,-0.0345678,null,null
0.371675,null,null,0.183798,null
0.000145836,null,null,null,-0.00212831
0.992777,-0.0151095,null,null,null
-0.06712,null,-0.0959999,null,null
0.376269,null,null,0.115603,null
-0.00117665,null,null,null,-0.00344194
0.99275,-0.015755,null,null,null
-0.0642355,null,-0.125564,null,null
0.355496,null,null,0.0678383,null
-0.000602908,null,null,null,0.004918
0.992656,-0.0177913,null,null,null
-0.107004,null,-0.0485811,null,null
0.327926,null,null,-0.0163419,null
-5.54465e-05,null,null,null,-0.00146345
0.992656,-0.0177913,null,null,null
-0.107004,null,-0.0485811,null,null
0.327926,null,null,-0.0163419,null
-5.54465e-05,null,null,null,-0.00146345
0.992684,-0.0166021,null,null,null
-0.0229081,null,-0.0681407,null,null
0.340341,null,null,0.00193128,null
-0.00113682,null,null,null,0.00372359
0.992675,-0.0197514,null,null,null
-0.061634,null,-0.0618254,null,null
0.377312,null,null,0.0527351,null
0.00107742,null,null,null,-0.0010932
0.992781,-0.0240369,null,null,null
-0.0943571,null,-0.104841,null,null
0.395137,null,null,0.0864147,null
0.00533361,null,null,null,-0.00231097
0.992751,-0.0234367,null,null,null
-0.137616,null,-0.124356,null,null
0.394631,null,null,0.0375766,null
0.00765561,null,null,null,0.0035915
0.992751,-0.0234367,null,null,null
-0.137616,null,-0.124356,null,null
0.394631,null,null,0.0375766,null
0.00765561,null,null,null,0.0035915
0.992835,-0.0235945,null,null,null
-0.0916805,null,-0.0723658,null,null
0.381259,null,null,0.210205,null
0.00280432,null,null,null,-0.00401161
0.992749,-0.0209619,null,null,null
-0.110582,null,-0.0499641,null,null
0.347144,null,null,0.2054,null
0.00138585,null,null,null,0.00313005
0.992796,-0.0220021,null,null,null
-0.0987242,null,-0.00337971,null,null
0.284929,null,null,0.249445,null
-0.00378583,null,null,null,0.00521019
0.99273,-0.0243415,null,null,null
-0.114908,null,0.00586785,null,null
0.257606,null,null,0.245182,null
-0.000914481,null,null,null,-6.0441e-05
0.992594,-0.0247061,null,null,null
-0.0997274,null,0.065162,null,null
0.285385,null,null,0.283585,null
-0.00319213,null,null,null,0.00272384
0.992751,-0.0210849,null,null,null
-0.0819685,null,0.0139754,null,null
0.319452,null,null,0.363856,null
-0.00221187,null,null,null,-0.00265314
0.992521,-0.0246099,null,null,null
-0.0538758,null,-0.0628495,null,null
0.258709,null,null,0.363167,null
-0.00015289,null,null,null,-0.00435974
0.992521,-0.0246099,null,null,null
-0.0538758,null,-0.0628495,null,null
0.258709,null,null,0.363167,null
-0.00015289,null,null,null,-0.00435974
0.992549,-0.0234764,null,null,null
-0.0200752,null,-0.0717857,null,null
0.285065,null,null,0.289775,null
0.00508012,null,null,null,-0.00409094
0.992293,-0.0252944,null,null,null
-0.103494,null,-0.0455086,null,null
0.267545,null,null,0.303777,null
0.00391408,null,null,null,0.003468
0.992557,-0.0212504,null,null,null
-0.0811864,null,-0.102233,null,null
0.255109,null,null,0.347179,null
0.00365216,null,null,null,-0.0049335
0.992694,-0.0196666,null,null,null
-0.0496137,null,-0.103121,null,null
0.27632,null,null,0.363918,null
-0.00293523,null,null,null,-0.00756866
0.992854,-0.0163949,null,null,null
-0.0385556,null,-0.0384411,null,null
0.17912,null,null,0.349215,null
-0.00603499,null,null,null,-0.0019731
0.99293,-0.0145836,null,null,null
-0.0788491,null,-0.0373604,null,null
0.259844,null,null,0.329373,null
-0.00661756,null,null,null,0.000260346
0.99293,-0.0145836,null,null,null
-0.0788491,null,-0.0373604,null,null
0.259844,null,null,0.329373,null
-0.00661756,null,null,null,0.000260346
0.992914,-0.00845698,null,null,null
-0.0598876,null,0.0172686,null,null
0.180506,null,null,0.304729,null
0.000204935,null,null,null,-0.00315751
0.992859,-0.011298,null,null,null
-0.102803,null,0.0683059,null,null
0.106127,null,null,0.250055,null
0.000575508,null,null,null,-0.00321221
0.992859,-0.011298,null,null,null
-0.102803,null,0.0683059,null,null
0.106127,null,null,0.250055,null
0.000575508,null,null,null,-0.00321221
0.992668,-0.0193015,null,null,null
-0.120749,null,0.0469859,null,null
0.168164,null,null,0.286955,null
0.00128249,null,null,null,0.0015374
0.99286,-0.0173944,null,null,null
-0.128614,null,0.0595895,null,null
0.228889,null,null,0.254128,null
-0.00211421,null,null,null,-0.00528859
0.992931,-0.0133845,null,null,null
-0.104689,null,0.0753554,null,null
0.26536,null,null,0.222345,null
0.00494295,null,null,null,-0.00190341
0.99289,-0.01579,null,null,null
-0.0770559,null,-0.0179616,null,null
0.228149,null,null,0.301946,null
0.0108044,null,null,null,0.000884636
0.99294,-0.0131065,null,null,null
-0.116126,null,-0.0357654,null,null
0.221064,null,null,0.347535,null
0.00361121,null,null,null,0.00107114
0.992918,-0.01431,null,null,null
-0.0861711,null,-0.0279747,null,null
0.182029,null,null,0.310808,null
0.00959156,null,null,null,-0.00231524
0.992935,-0.0120071,null,null,null
-0.0471905,null,-0.0767162,null,null
0.196929,null,null,0.27953,null
0.00347017,null,null,null,-0.00486055
0.992935,-0.0120071,null,null,null
-0.0471905,null,-0.0767162,null,null
0.196929,null,null,0.27953,null
0.00347017,null,null,null,-0.00486055
0.992935,-0.0120071,null,null,null
-0.0471905,null,-0.0767162,null,null
0.196929,null,null,0.27953,null
0.00347017,null,null,null,-0.00486055
0.992727,-0.0151701,null,null,null
-0.0312771,null,-0.0486156,null,null
0.15689,null,null,0.278653,null
0.00236282,null,null,null,-0.00409017
0.992727,-0.0151701,null,null,null
-0.0312771,null,-0.0486156,null,null
0.15689,null,null,0.278653,null
0.00236282,null,null,null,-0.00409017
0.992838,-0.00947304,null,null,null
-0.0283491,null,-0.0622086,null,null
0.173754,null,null,0.282814,null
0.000794893,null,null,null,-0.00292006
0.992929,-0.0137624,null,null,null
-0.0467306,null,-0.059058,null,null
0.162685,null,null,0.353818,null
-0.00336064,null,null,null,-0.000242712
0.993055,-0.0166054,null,null,null
-0.0240939,null,-0.109288,null,null
0.194922,null,null,0.293963,null
-0.012466,null,null,null,0.00825188
0.99307,-0.0145929,null,null,null
-0.0649711,null,-0.110075,null,null
0.103282,null,null,0.26057,null
-0.00895335,null,null,null,0.00279283
0.993009,-0.0140663,null,null,null
-0.150309,null,-0.0849015,null,null
0.185364,null,null,0.311649,null
0.00190641,null,null,null,0.00176061
0.993009,-0.0140663,null,null,null
-0.150309,null,-0.0849015,null,null
0.185364,null,null,0.311649,null
0.00190641,null,null,null,0.00176061
0.993009,-0.0140663,null,null,null
-0.150309,null,-0.0849015,null,null
0.185364,null,null,0.311649,null
0.00190641,null,null,null,0.00176061
0.993009,-0.0140663,null,null,null
-0.150309,null,-0.0849015,null,null
0.185364,null,null,0.311649,null
0.00190641,null,null,null,0.00176061
0.993009,-0.0140663,null,null,null
-0.150309,null,-0.0849015,null,null
0.185364,null,null,0.311649,null
0.00190641,null,null,null,0.00176061
0.993045,-0.0182919,null,null,null
-0.0792917,null,-0.104038,null,null
0.0880472,null,null,0.272366,null
-0.00292143,null,null,null,-0.00392055
0.992701,-0.0218144,null,null,null
-0.108729,null,-0.120517,null,null
0.108865,null,null,0.252568,null
-0.00101816,null,null,null,-0.00374366
0.992861,-0.020157,null,null,null
-0.0567858,null,-0.148255,null,null
0.168674,null,null,0.311856,null
0.000782775,null,null,null,-0.00107928
0.992811,-0.0196286,null,null,null
-0.0624618,null,-0.0920476,null,null
0.158444,null,null,0.299584,null
0.0028057,null,null,null,0.00255151
0.9927,-0.0194179,null,null,null
0.00934875,null,-0.0783306,null,null
0.121402,null,null,0.335831,null
0.0073443,null,null,null,-0.00102393
0.99277,-0.017774,null,null,null
-0.0212839,null,-0.074069,null,null
0.177254,null,null,0.307252,null
5.77435e-05,null,null,null,0.00170166
0.992831,-0.0161703,null,null,null
0.030419,null,-0.0476084,null,null
0.182902,null,null,0.338269,null
0.00383225,null,null,null,0.000908687
0.992641,-0.024623,null,null,null
0.0924192,null,-5.93447e-05,null,null
0.165509,null,null,0.283379,null
0.000303089,null,null,null,-0.00160871
0.992685,-0.0238369,null,null,null
0.126835,null,-0.0203325,null,null
0.111623,null,null,0.22458,null
0.00590955,null,null,null,0.00107239
0.992685,-0.0238369,null,null,null
0.126835,null,-0.0203325,null,null
0.111623,null,null,0.22458,null
0.00590955,null,null,null,0.00107239
0.992521,-0.0241905,null,null,null
0.0438321,null,-0.0342582,null,null
0.103923,null,null,0.276351,null
0.00663356,null,null,null,-0.00337706
0.992578,-0.0204772,null,null,null
0.0702857,null,-0.116175,null,null
0.094433,null,null,0.281781,null
0.000404101,null,null,null,-0.00254664
0.99274,-0.0191744,null,null,null
0.117476,null,-0.143179,null,null
0.0510183,null,null,0.238171,null
0.00328536,null,null,null,-0.00536595
0.992815,-0.0134876,null,null,null
0.0455173,null,-0.137675,null,null
0.0682795,null,null,0.316094,null
-0.000597593,null,null,null,-0.00407726
0.992815,-0.0134876,null,null,null
0.0455173,null,-0.137675,null,null
0.0682795,null,null,0.316094,null
-0.000597593,null,null,null,-0.00407726
0.992855,-0.0096028,null,null,null
0.0573111,null,-0.166866,null,null
0.0496501,null,null,0.311749,null
0.000897618,null,null,null,-0.00628677
0.992781,-0.0128815,null,null,null
0.0904128,null,-0.234244,null,null
0.0326605,null,null,0.286694,null
0.0002086,null,null,null,-0.00639786
0.992709,-0.0113923,null,null,null
0.082321,null,-0.198991,null,null
0.059875,null,null,0.360365,null
0.00226392,null,null,null,-0.00649674
0.992709,-0.0113923,null,null,null
0.082321,null,-0.198991,null,null
0.059875,null,null,0.360365,null
0.00226392,null,null,null,-0.00649674
0.992568,-0.0124189,null,null,null
0.0720193,null,-0.211025,null,null
0.100569,null,null,0.369849,null
0.00366741,null,null,null,-0.00177662
0.99265,-0.00833494,null,null,null
0.0146213,null,-0.215861,null,null
0.0341409,null,null,0.376486,null
0.00147385,null,null,null,-0.00361586
0.992889,-0.00986266,null,null,null
0.109353,null,-0.153768,null,null
0.0094704,null,null,0.367333,null
0.00254228,null,null,null,-0.00212324
0.992973,-0.00924996,null,null,null
0.0565349,null,-0.162061,null,null
0.0414831,null,null,0.329375,null
0.00256231,null,null,null,-0.00199475
0.992899,-0.00432776,null,null,null
0.0634857,null,-0.177118,null,null
0.0922094,null,null,0.381246,null
-0.00205531,null,null,null,0.00152882
0.992991,-0.00824399,null,null,null
0.114904,null,-0.201139,null,null
0.0454491,null,null,0.35088,null
0.000145501,null,null,null,0.00527447
0.992958,-0.00018576,null,null,null
0.139504,null,-0.162741,null,null
-0.0401577,null,null,0.343236,null
-0.000131376,null,null,null,0.00253806
0.992986,-0.00150976,null,null,null
0.0444683,null,-0.151266,null,null
0.0183022,null,null,0.316244,null
0.00223319,null,null,null,0.00114205
0.992962,-0.00404001,null,null,null
0.039734,null,-0.116039,null,null
0.115326,null,null,0.376375,null
0.0007658,null,null,null,-0.00350337
0.992932,-0.00158974,null,null,null
0.0571384,null,-0.150136,null,null
0.0592572,null,null,0.392631,null
0.00387714,null,null,null,0.00732915
0.992932,-0.00158974,null,null,null
0.0571384,null,-0.150136,null,null
0.0592572,null,null,0.392631,null
0.00387714,null,null,null,0.00732915
0.992856,-0.000364255,null,null,null
0.00624936,null,-0.245071,null,null
0.0020943,null,null,0.374698,null
0.00233579,null,null,null,-0.000803034
0.99282,-0.00491372,null,null,null
0.0517581,null,-0.219745,null,null
0.047137,null,null,0.3437,null
0.00281401,null,null,null,0.0067579
0.99282,-0.00491372,null,null,null
0.0517581,null,-0.219745,null,null
0.047137,null,null,0.3437,null
0.00281401,null,null,null,0.0067579
0.99282,-0.00491372,null,null,null
0.0517581,null,-0.219745,null,null
0.047137,null,null,0.3437,null
0.00281401,null,null,null,0.0067579
0.99282,-0.00491372,null,null,null
0.0517581,null,-0.219745,null,null
0.047137,null,null,0.3437,null
0.00281401,null,null,null,0.0067579
0.99282,-0.00491372,null,null,null
0.0517581,null,-0.219745,null,null
0.047137,null,null,0.3437,null
0.00281401,null,null,null,0.0067579
0.99282,-0.00491372,null,null,null
0.0517581,null,-0.219745,null,null
0.047137,null,null,0.3437,null
0.00281401,null,null,null,0.0067579
0.992833,-0.00234695,null,null,null
0.107556,null,-0.226539,null,null
0.0729222,null,null,0.371734,null
0.00399845,null,null,null,0.00327259
0.992833,-0.00234695,null,null,null
0.107556,null,-0.226539,null,null
0.0729222,null,null,0.371734,null
0.00399845,null,null,null,0.00327259
0.992857,0.00341754,null,null,null
0.0871349,null,-0.266605,null,null
0.048026,null,null,0.270039,null
-0.000128473,null,null,null,0.0056552
0.992903,0.00496525,null,null,null
0.0860656,null,-0.234309,null,null
0.109319,null,null,0.392792,null
-0.00254729,null,null,null,0.00114225
0.992927,0.00689978,null,null,null
0.126549,null,-0.189701,null,null
0.0525049,null,null,0.314116,null
-0.00513811,null,null,null,-0.000808215
0.993012,0.00804781,null,null,null
0.0371864,null,-0.198165,null,null
0.0565636,null,null,0.308381,null
-0.00358896,null,null,null,-0.00200229
0.993012,0.00804781,null,null,null
0.0371864,null,-0.198165,null,null
0.0565636,null,null,0.308381,null
-0.00358896,null,null,null,-0.00200229
0.993012,0.00804781,null,null,null
0.0371864,null,-0.198165,null,null
0.0565636,null,null,0.308381,null
-0.00358896,null,null,null,-0.00200229
0.992974,0.00886601,null,null,null
0.0900676,null,-0.233517,null,null
-0.00588156,null,null,0.29286,null
-0.00615615,null,null,null,-8.97506e-05
0.992974,0.00886601,null,null,null
0.0900676,null,-0.233517,null,null
-0.00588156,null,null,0.29286,null
-0.00615615,null,null,null,-8.97506e-05
0.992973,0.00409715,null,null,null
0.0691794,null,-0.220616,null,null
-0.0272807,null,null,0.216186,null
0.000842048,null,null,null,1.48484e-05
0.993106,0.00253006,null,null,null
0.118892,null,-0.310345,null,null
0.0207689,null,null,0.24399,null
-0.00483161,null,null,null,0.00238361
0.993106,0.00253006,null,null,null
0.118892,null,-0.310345,null,null
0.0207689,null,null,0.24399,null
-0.00483161,null,null,null,0.00238361
0.993106,0.00253006,null,null,null
0.118892,null,-0.310345,null,null
0.0207689,null,null,0.24399,null
-0.00483161,null,null,null,0.00238361
0.992947,0.00201159,null,null,null
0.0809422,null,-0.25202,null,null
-0.00813801,null,null,0.322962,null
-0.00417149,null,null,null,-0.0017478
0.99298,-0.0026192,null,null,null
0.11582,null,-0.250837,null,null
-0.0121662,null,null,0.303044,null
-0.00312734,null,null,null,-0.00660134
0.992971,-0.00766747,null,null,null
0.0348972,null,-0.14245,null,null
-0.048976,null,null,0.31685,null
-0.0094677,null,null,null,-0.00204554
0.9931,-0.00581089,null,null,null
0.0157739,null,-0.13298,null,null
-0.0223625,null,null,0.348466,null
-0.00857318,null,null,null,0.00214551
0.992918,-0.00422032,null,null,null
0.0933576,null,-0.0849387,null,null
-0.0120872,null,null,0.341425,null
-0.00978065,null,null,null,0.000964576
0.992918,-0.00422032,null,null,null
0.0933576,null,-0.0849387,null,null
-0.0120872,null,null,0.341425,null
-0.00978065,null,null,null,0.000964576
0.992769,-0.00993395,null,null,null
0.0675239,null,-0.0975295,null,null
0.0236705,null,null,0.31417,null
-0.00813024,null,null,null,0.00212512
0.992769,-0.00993395,null,null,null
0.0675239,null,-0.0975295,null,null
0.0236705,null,null,0.31417,null
-0.00813024,null,null,null,0.00212512
0.99289,-0.00745875,null,null,null
0.033466,null,-0.120184,null,null
0.00280089,null,null,0.34127,null
-0.00868915,null,null,null,0.00369582
0.993006,-0.0058493,null,null,null
0.0123345,null,-0.165137,null,null
0.0512845,null,null,0.350353,null
-0.0063308,null,null,null,0.00311841
0.993006,-0.0058493,null,null,null
0.0123345,null,-0.165137,null,null
0.0512845,null,null,0.350353,null
-0.0063308,null,null,null,0.00311841
0.993006,-0.0058493,null,null,null
0.0123345,null,-0.165137,null,null
0.0512845,null,null,0.350353,null
-0.0063308,null,null,null,0.00311841
0.992986,-0.00910675,null,null,null
-0.104129,null,-0.159686,null,null
0.0673823,null,null,0.326305,null
-0.00480148,null,null,null,-0.000562517
0.993044,-0.00869733,null,null,null
-0.0625417,null,-0.121122,null,null
0.0341449,null,null,0.353194,null
-0.00431965,null,null,null,0.00062712
0.993044,-0.00869733,null,null,null
-0.0625417,null,-0.121122,null,null
0.0341449,null,null,0.353194,null
-0.00431965,null,null,null,0.00062712
0.993035,-0.00575511,null,null,null
-0.0515762,null,-0.167086,null,null
0.0183115,null,null,0.319175,null
-0.00074006,null,null,null,-0.0014837
0.9929,-0.00602434,null,null,null
-0.0918556,null,-0.151278,null,null
0.031718,null,null,0.31412,null
0.00515935,null,null,null,-0.00403984
0.992954,-0.00633811,null,null,null
-0.149243,null,-0.163002,null,null
0.0369965,null,null,0.318305,null
0.00295569,null,null,null,-0.00235164
0.992854,-0.00958005,null,null,null
-0.13196,null,-0.189878,null,null
0.0408291,null,null,0.279015,null
0.00671958,null,null,null,0.00307909
0.992914,-0.011458,null,null,null
-0.10768,null,-0.204942,null,null
-0.0208132,null,null,0.27308,null
0.000971184,null,null,null,0.00472182
0.992919,-0.00887138,null,null,null
-0.0783311,null,-0.249861,null,null
-0.00448351,null,null,0.296457,null
0.00590455,null,null,null,0.000822753
0.992879,-0.00756655,null,null,null
-0.138856,null,-0.243116,null,null
-0.132831,null,null,0.292602,null
0.00426578,null,null,null,-0.0025887
0.992826,-0.0090448,null,null,null
-0.153329,null,-0.278263,null,null
-0.0750956,null,null,0.286144,null
-3.63651e-05,null,null,null,0.00138672
0.992834,-0.0193296,null,null,null
-0.0589298,null,-0.316528,null,null
-0.033704,null,null,0.327051,null
0.00329234,null,null,null,-0.000515858
0.992834,-0.0157521,null,null,null
-0.0806228,null,-0.285955,null,null
-0.0719859,null,null,0.323395,null
0.00364366,null,null,null,0.00125061
0.99299,-0.0142445,null,null,null
-0.0805537,null,-0.260217,null,null
0.0571468,null,null,0.395738,null
0.00370723,null,null,null,0.00797166
0.992965,-0.0117764,null,null,null
-0.0482921,null,-0.210726,null,null
0.154155,null,null,0.403801,null
0.0056214,null,null,null,0.00586336
0.99295,-0.00902674,null,null,null
-0.023591,null,-0.213604,null,null
0.147397,null,null,0.396626,null
0.00695298,null,null,null,0.0047648
0.993011,-0.00731809,null,null,null
-0.0421281,null,-0.198758,null,null
0.0919749,null,null,0.375639,null
0.00285074,null,null,null,0.00745481
0.992885,-0.00377739,null,null,null
-0.0316445,null,-0.252733,null,null
0.110786,null,null,0.392871,null
0.00208729,null,null,null,0.00815878
0.992885,-0.00377739,null,null,null
-0.0316445,null,-0.252733,null,null
0.110786,null,null,0.392871,null
0.00208729,null,null,null,0.00815878
0.992885,-0.00377739,null,null,null
-0.0316445,null,-0.252733,null,null
0.110786,null,null,0.392871,null
0.00208729,null,null,null,0.00815878
0.992934,-0.00777379,null,null,null
-0.00263534,null,-0.20902,null,null
0.168069,null,null,0.378279,null
0.00131569,null,null,null,0.00335884
0.992934,-0.00777379,null,null,null
-0.00263534,null,-0.20902,null,null
0.168069,null,null,0.378279,null
0.00131569,null,null,null,0.00335884
0.992838,-0.011684,null,null,null
0.000316884,null,-0.191452,null,null
0.185499,null,null,0.390371,null
0.00138354,null,null,null,0.0013275
0.992888,-0.0096527,null,null,null
0.022209,null,-0.165336,null,null
0.214561,null,null,0.391049,null
-0.00149489,null,null,null,0.00181653
0.992871,-0.0133709,null,null,null
-0.0478955,null,-0.152721,null,null
0.149675,null,null,0.44982,null
-0.00404438,null,null,null,-0.00432765
0.99285,-0.0169845,null,null,null
-0.0718608,null,-0.21246,null,null
0.117696,null,null,0.396701,null
-0.00418375,null,null,null,-0.00251604
0.99294,-0.0134261,null,null,null
-0.113057,null,-0.121809,null,null
0.141244,null,null,0.389657,null
-0.000379379,null,null,null,-0.00531953
0.992931,-0.0133976,null,null,null
-0.0491827,null,-0.0556639,null,null
0.0850387,null,null,0.426095,null
-0.0016605,null,null,null,0.00182457
0.992982,-0.0157818,null,null,null
-0.0905874,null,-0.0308279,null,null
0.0291427,null,null,0.394433,null
0.00547765,null,null,null,0.00138599
0.993041,-0.010332,null,null,null
-0.0446526,null,-0.115504,null,null
0.0447765,null,null,0.370926,null
-0.00412234,null,null,null,0.00302341
0.992984,-0.0147688,null,null,null
-0.0287242,null,-0.092801,null,null
0.0485705,null,null,0.365404,null
0.000540859,null,null,null,-0.000100737
0.992984,-0.0147688,null,null,null
-0.0287242,null,-0.092801,null,null
0.0485705,null,null,0.365404,null
0.000540859,null,null,null,-0.000100737
0.992908,-0.015528,null,null,null
-0.00862771,null,-0.110014,null,null
0.071383,null,null,0.340985,null
0.00576301,null,null,null,-0.00207992
0.99279,-0.0221072,null,null,null
-0.000232636,null,-0.114754,null,null
0.0661863,null,null,0.292871,null
0.00530382,null,null,null,0.00289605
0.992648,-0.0243196,null,null,null
-0.015549,null,-0.159276,null,null
0.104119,null,null,0.31473,null
0.00802779,null,null,null,-0.00303895
0.992584,-0.02776,null,null,null
-0.0167097,null,-0.199164,null,null
0.0712965,null,null,0.334409,null
0.00385617,null,null,null,0.00167118
0.99281,-0.0170701,null,null,null
-0.0138003,null,-0.23422,null,null
0.0355641,null,null,0.407595,null
0.00454374,null,null,null,0.00226241
0.99271,-0.0174284,null,null,null
0.0451944,null,-0.214409,null,null
0.03649,null,null,0.316871,null
-0.0043964,null,null,null,0.00102004
0.992834,-0.0123857,null,null,null
-0.0463524,null,-0.244533,null,null
0.1009,null,null,0.318393,null
-0.00415981,null,null,null,-0.00264775
0.992918,-0.0148299,null,null,null
-0.0175614,null,-0.23912,null,null
0.0819395,null,null,0.254391,null
-0.00770511,null,null,null,0.00297094
0.992799,-0.0144572,null,null,null
0.025052,null,-0.24509,null,null
0.0867607,null,null,0.235881,null
-0.00403279,null,null,null,0.00459655
0.992781,-0.0234186,null,null,null
-0.00727484,null,-0.209456,null,null
0.132867,null,null,0.270606,null
0.00360589,null,null,null,-0.007374
0.992823,-0.0204619,null,null,null
-0.0025767,null,-0.199586,null,null
0.191886,null,null,0.281828,null
0.00356977,null,null,null,0.00121162
0.99309,-0.0152561,null,null,null
-0.0253334,null,-0.147175,null,null
0.195276,null,null,0.236531,null
0.000858221,null,null,null,-0.0032225
0.99309,-0.0152561,null,null,null
-0.0253334,null,-0.147175,null,null
0.195276,null,null,0.236531,null
0.000858221,null,null,null,-0.0032225
0.993043,-0.0187189,null,null,null
-0.0657268,null,-0.0858664,null,null
0.184884,null,null,0.366368,null
0.0054042,null,null,null,0.00444501
0.992999,-0.0156799,null,null,null
-0.0565333,null,-0.141865,null,null
0.14778,null,null,0.320656,null
0.00194674,null,null,null,0.00466122
0.992888,-0.017268,null,null,null
-0.0920996,null,-0.203003,null,null
0.136789,null,null,0.327912,null
0.00784995,null,null,null,0.00255631
0.992888,-0.017268,null,null,null
-0.0920996,null,-0.203003,null,null
0.136789,null,null,0.327912,null
0.00784995,null,null,null,0.00255631
0.992736,-0.0203363,null,null,null
-0.0602463,null,-0.1703,null,null
0.141176,null,null,0.423916,null
-0.00299574,null,null,null,0.00645115
0.992736,-0.0203363,null,null,null
-0.0602463,null,-0.1703,null,null
0.141176,null,null,0.423916,null
-0.00299574,null,null,null,0.00645115
0.992472,-0.0249831,null,null,null
-0.05742,null,-0.169204,null,null
0.127699,null,null,0.330191,null
0.00156879,null,null,null,0.00374546
0.992544,-0.0252104,null,null,null
-0.0620477,null,-0.13222,null,null
0.0769301,null,null,0.288995,null
-5.92639e-05,null,null,null,-0.00216126
0.992659,-0.027665,null,null,null
-0.0987438,null,-0.189855,null,null
0.160678,null,null,0.302959,null
0.000466512,null,null,null,0.00043756
0.992659,-0.027665,null,null,null
-0.0987438,null,-0.189855,null,null
0.160678,null,null,0.302959,null
0.000466512,null,null,null,0.00043756
0.992557,-0.0304874,null,null,null
-0.116084,null,-0.241205,null,null
0.182964,null,null,0.227008,null
0.00250268,null,null,null,-0.00214881
0.99266,-0.027945,null,null,null
-0.128988,null,-0.186718,null,null
0.0863321,null,null,0.327887,null
-0.00461208,null,null,null,0.000644043
0.992661,-0.0240965,null,null,null
-0.250754,null,-0.193491,null,null
0.0787826,null,null,0.3145,null
0.00229758,null,null,null,0.00240704
0.99231,-0.0329101,null,null,null
-0.256906,null,-0.23641,null,null
0.0345344,null,null,0.249751,null
-0.000853001,null,null,null,-0.000808866
0.992345,-0.0294217,null,null,null
-0.274274,null,-0.237831,null,null
0.0268374,null,null,0.237052,null
-0.00217034,null,null,null,8.53599e-05
0.992345,-0.0294217,null,null,null
-0.274274,null,-0.237831,null,null
0.0268374,null,null,0.237052,null
-0.00217034,null,null,null,8.53599e-05
0.992474,-0.027459,null,null,null
-0.213576,null,-0.271703,null,null
0.0520922,null,null,0.237425,null
-0.00532425,null,null,null,0.00213858
0.992344,-0.0275681,null,null,null
-0.179437,null,-0.294855,null,null
0.0635744,null,null,0.21733,null
-0.00604043,null,null,null,-0.00375104
0.992687,-0.022208,null,null,null
-0.16373,null,-0.332512,null,null
0.038655,null,null,0.153493,null
-0.00469025,null,null,null,-0.00350313
0.99255,-0.0243689,null,null,null
-0.146138,null,-0.372638,null,null
0.0486465,null,null,0.185581,null
-0.00733145,null,null,null,0.00632532
0.992595,-0.0206572,null,null,null
-0.159917,null,-0.342935,null,null
0.0253318,null,null,0.180739,null
-0.00437653,null,null,null,0.00495994
0.992921,-0.0141227,null,null,null
-0.135887,null,-0.34597,null,null
0.03338,null,null,0.190525,null
-0.000457184,null,null,null,0.00573533
0.99304,-0.00957209,null,null,null
-0.165816,null,-0.29195,null,null
0.0576401,null,null,0.148852,null
-0.00142158,null,null,null,-0.00122967
0.993096,-0.0022845,null,null,null
-0.172492,null,-0.316785,null,null
0.0736849,null,null,0.127057,null
-0.00105553,null,null,null,0.00402829
0.993119,-0.00395543,null,null,null
-0.208021,null,-0.307711,null,null
0.0528551,null,null,0.18098,null
0.00211726,null,null,null,0.000148775
0.993119,-0.00395543,null,null,null
-0.208021,null,-0.307711,null,null
0.0528551,null,null,0.18098,null
0.00211726,null,null,null,0.000148775
0.993146,0.00301786,null,null,null
-0.161205,null,-0.32199,null,null
0.0595861,null,null,0.180682,null
-0.00226999,null,null,null,0.00599811
0.99297,0.00110669,null,null,null
-0.174345,null,-0.290464,null,null
0.0885495,null,null,0.128655,null
0.00463541,null,null,null,0.00285162
0.993081,-0.00345585,null,null,null
-0.199831,null,-0.286044,null,null
0.11214,null,null,0.0882726,null
0.00589059,null,null,null,-0.0012196
0.992986,-0.0034424,null,null,null
-0.171755,null,-0.27465,null,null
0.0351859,null,null,0.097497,null
0.000498475,null,null,null,0.00145528
0.993147,0.00219058,null,null,null
-0.143868,null,-0.277221,null,null
0.0303418,null,null,0.160995,null
-0.000113793,null,null,null,0.00511087
0.993076,-0.00190225,null,null,null
-0.151415,null,-0.277803,null,null
0.0569749,null,null,0.15631,null
-0.00379786,null,null,null,0.000374274
0.993097,-0.00366046,null,null,null
-0.156345,null,-0.310845,null,null
0.0484733,null,null,0.183249,null
-0.00461808,null,null,null,0.000948846
0.993094,-0.00205036,null,null,null
-0.122989,null,-0.229772,null,null
0.0925815,null,null,0.131926,null
-0.00177669,null,null,null,-0.0014501
0.993094,-0.00205036,null,null,null
-0.122989,null,-0.229772,null,null
0.0925815,null,null,0.131926,null
-0.00177669,null,null,null,-0.0014501
0.993094,-0.00205036,null,null,null
-0.122989,null,-0.229772,null,null
0.0925815,null,null,0.131926,null
-0.00177669,null,null,null,-0.0014501
0.993094,-0.00205036,null,null,null
-0.122989,null,-0.229772,null,null
0.0925815,null,null,0.131926,null
-0.00177669,null,null,null,-0.0014501
0.993094,-0.00205036,null,null,null
-0.122989,null,-0.229772,null,null
0.0925815,null,null,0.131926,null
-0.00177669,null,null,null,-0.0014501
0.993146,-0.00290619,null,null,null
-0.112701,null,-0.258383,null,null
0.102333,null,null,0.115504,null
0.00469332,null,null,null,-0.0070391
0.99325,-0.00367559,null,null,null
-0.102541,null,-0.218293,null,null
0.149537,null,null,0.142699,null
0.00537605,null,null,null,0.000161186
0.993271,-0.00133292,null,null,null
-0.0577071,null,-0.222027,null,null
0.212757,null,null,0.0705379,null
-0.000893985,null,null,null,0.00282967
0.993194,0.00309984,null,null,null
-0.0712494,null,-0.282763,null,null
0.171123,null,null,0.082208,null
0.00111273,null,null,null,0.000119304
0.993194,0.00309984,null,null,null
-0.0712494,null,-0.282763,null,null
0.171123,null,null,0.082208,null
0.00111273,null,null,null,0.000119304
0.993194,0.00309984,null,null,null
-0.0712494,null,-0.282763,null,null
0.171123,null,null,0.082208,null
0.00111273,null,null,null,0.000119304
0.993208,0.00616369,null,null,null
-0.133928,null,-0.24468,null,null
0.1718,null,null,0.114816,null
0.00203794,null,null,null,0.00347734
0.993274,0.00947719,null,null,null
-0.122415,null,-0.173319,null,null
0.191056,null,null,0.124716,null
0.00363995,null,null,null,0.00136804
0.99321,0.00591505,null,null,null
-0.098379,null,-0.160355,null,null
0.211105,null,null,0.204522,null
-0.00175524,null,null,null,0.0070579
0.993304,0.00446802,null,null,null
-0.101358,null,-0.147325,null,null
0.192445,null,null,0.126943,null
0.00220771,null,null,null,0.00649804
0.993304,0.00446802,null,null,null
-0.101358,null,-0.147325,null,null
0.192445,null,null,0.126943,null
0.00220771,null,null,null,0.00649804
0.993304,0.00446802,null,null,null
-0.101358,null,-0.147325,null,null
0.192445,null,null,0.126943,null
0.00220771,null,null,null,0.00649804
0.993152,0.00298985,null,null,null
-0.203615,null,-0.13444,null,null
0.217931,null,null,0.157575,null
-0.0050048,null,null,null,-0.000960321
0.993152,0.00298985,null,null,null
-0.203615,null,-0.13444,null,null
0.217931,null,null,0.157575,null
-0.0050048,null,null,null,-0.000960321
0.99301,-0.00461066,null,null,null
-0.216616,null,-0.106024,null,null
0.263603,null,null,0.138653,null
0.00077909,null,null,null,0.000276172
0.993084,0.00046299,null,null,null
-0.197843,null,-0.173385,null,null
0.192504,null,null,0.13417,null
-0.00378639,null,null,null,-0.000265249
0.993043,0.00260995,null,null,null
-0.260451,null,-0.164124,null,null
0.188125,null,null,0.121413,null
-0.00329334,null,null,null,-0.000869736
0.992965,0.000556327,null,null,null
-0.238553,null,-0.15399,null,null
0.080508,null,null,0.0511013,null
-0.00286973,null,null,null,-0.000940387
0.992964,-0.00182769,null,null,null
-0.28775,null,-0.180702,null,null
0.117999,null,null,0.0265945,null
0.0014354,null,null,null,0.00444829
0.993065,1.79335e-05,null,null,null
-0.204266,null,-0.281825,null,null
0.147643,null,null,0.0801584,null
-0.00399317,null,null,null,0.00576597
0.992923,0.00376847,null,null,null
-0.204916,null,-0.258295,null,null
0.192905,null,null,0.0382389,null
0.00133179,null,null,null,-0.00269229
0.992923,0.00376847,null,null,null
-0.204916,null,-0.258295,null,null
0.192905,null,null,0.0382389,null
0.00133179,null,null,null,-0.00269229
0.993064,0.0102735,null,null,null
-0.210724,null,-0.252446,null,null
0.170714,null,null,0.0572555,null
0.00124874,null,null,null,-0.00507725
0.992874,0.00708435,null,null,null
-0.174712,null,-0.284321,null,null
0.154495,null,null,0.0521806,null
-0.00222539,null,null,null,-0.00576682
0.993102,0.006193,null,null,null
-0.162656,null,-0.309711,null,null
0.163519,null,null,0.104287,null
-0.000490699,null,null,null,-0.00151644
0.992986,0.00665876,null,null,null
-0.137966,null,-0.292605,null,null
0.128751,null,null,0.0342597,null
-0.000302259,null,null,null,0.00222664
0.993076,0.00151079,null,null,null
-0.150487,null,-0.307818,null,null
0.125865,null,null,0.0376655,null
-0.000219758,null,null,null,0.00216521
0.99292,-0.00115879,null,null,null
-0.156811,null,-0.311499,null,null
0.0666759,null,null,0.0830903,null
0.00295588,null,null,null,-0.00329067
0.993029,-0.00504199,null,null,null
-0.173304,null,-0.27212,null,null
0.0978202,null,null,0.0322691,null
-0.00105314,null,null,null,0.00153645
0.993029,-0.00504199,null,null,null
-0.173304,null,-0.27212,null,null
0.0978202,null,null,0.0322691,null
-0.00105314,null,null,null,0.00153645
0.993029,-0.00504199,null,null,null
-0.173304,null,-0.27212,null,null
0.0978202,null,null,0.0322691,null
-0.00105314,null,null,null,0.00153645
0.992888,-0.0015077,null,null,null
-0.099274,null,-0.287467,null,null
0.0436145,null,null,0.0188991,null
0.00327368,null,null,null,0.00704096
0.992862,-0.00104421,null,null,null
-0.108744,null,-0.29536,null,null
0.0209631,null,null,-0.0397469,null
0.0029416,null,null,null,0.00794256
0.992862,-0.00104421,null,null,null
-0.108744,null,-0.29536,null,null
0.0209631,null,null,-0.0397469,null
0.0029416,null,null,null,0.00794256
0.993019,0.000492196,null,null,null
-0.0934941,null,-0.308744,null,null
-0.00952841,null,null,0.0100398,null
-0.00582405,null,null,null,0.00595484
0.993019,0.000492196,null,null,null
-0.0934941,null,-0.308744,null,null
-0.00952841,null,null,0.0100398,null
-0.00582405,null,null,null,0.00595484
0.993061,-0.00231695,null,null,null
-0.0829594,null,-0.315433,null,null
-0.0667975,null,null,0.0509509,null
-0.00162564,null,null,null,0.00439458
0.99282,-0.00735485,null,null,null
-0.069149,null,-0.193846,null,null
-0.0941834,null,null,0.0753708,null
-0.00191449,null,null,null,-0.00050024
0.992721,-0.000537911,null,null,null
-0.0365641,null,-0.253279,null,null
-0.118217,null,null,0.109991,null
-0.0023354,null,null,null,-0.00120079
0.992746,-0.00107023,null,null,null
-0.0235355,null,-0.285751,null,null
-0.15852,null,null,0.101439,null
-0.000427592,null,null,null,0.00117999
0.992669,0.00663712,null,null,null
-0.0213873,null,-0.275039,null,null
-0.0925474,null,null,0.146955,null
0.00215628,null,null,null,-0.0022309
0.99277,0.0106119,null,null,null
-0.05668,null,-0.311349,null,null
-0.0899418,null,null,0.168661,null
0.00253404,null,null,null,-0.000282346
0.992855,0.00884384,null,null,null
-0.048239,null,-0.344845,null,null
-0.114806,null,null,0.14874,null
-0.000897945,null,null,null,-0.00186745
0.992925,0.0113039,null,null,null
-0.0381252,null,-0.278768,null,null
-0.0569882,null,null,0.12227,null
0.000395589,null,null,null,-0.000100645
0.99295,0.0133386,null,null,null
-0.0427004,null,-0.213895,null,null
-0.0342564,null,null,0.0526923,null
0.00231583,null,null,null,0.0038767
0.992818,0.016202,null,null,null
-0.0111435,null,-0.22754,null,null
-0.0221998,null,null,0.0684256,null
-0.00505019,null,null,null,0.00513988
0.992818,0.016202,null,null,null
-0.0111435,null,-0.22754,null,null
-0.0221998,null,null,0.0684256,null
-0.00505019,null,null,null,0.00513988
0.992912,0.013592,null,null,null
-0.0274315,null,-0.23309,null,null
-0.0247905,null,null,-0.00801479,null
-0.00512385,null,null,null,0.00950116
0.992936,0.00908271,null,null,null
-0.0718608,null,-0.274313,null,null
-0.0615325,null,null,-0.00838905,null
-0.000703665,null,null,null,0.0121872
0.992924,0.00300834,null,null,null
-0.0718951,null,-0.296036,null,null
-0.0915943,null,null,0.0196245,null
-0.00137371,null,null,null,0.00931906
0.993038,0.00427133,null,null,null
-0.105251,null,-0.296154,null,null
-0.0807239,null,null,-0.00213371,null
0.000246507,null,null,null,0.00494005
0.99299,-0.00255407,null,null,null
-0.0879654,null,-0.233809,null,null
-0.131078,null,null,0.00689514,null
-0.000947199,null,null,null,0.00272244
0.992845,-0.00479276,null,null,null
-0.123351,null,-0.234374,null,null
-0.124938,null,null,-0.0279299,null
-0.00270575,null,null,null,0.001705
0.992845,-0.00479276,null,null,null
-0.123351,null,-0.234374,null,null
-0.124938,null,null,-0.0279299,null
-0.00270575,null,null,null,0.001705
0.9928,-0.0111059,null,null,null
-0.118116,null,-0.312123,null,null
-0.0790002,null,null,0.0302112,null
0.00149439,null,null,null,0.00443713
0.9928,-0.0111059,null,null,null
-0.118116,null,-0.312123,null,null
-0.0790002,null,null,0.0302112,null
0.00149439,null,null,null,0.00443713
0.992829,-0.0126326,null,null,null
0.00585043,null,-0.336231,null,null
-0.130624,null,null,0.0397365,null
-0.000233635,null,null,null,-0.000543633
0.992815,-0.0160451,null,null,null
-0.00900633,null,-0.293789,null,null
-0.0510419,null,null,0.0191821,null
0.00248114,null,null,null,-0.00136094
0.992786,-0.0186713,null,null,null
0.0294286,null,-0.259934,null,null
-0.0877312,null,null,-0.0281657,null
-4.85499e-05,null,null,null,-0.000495385
0.992786,-0.0186713,null,null,null
0.0294286,null,-0.259934,null,null
-0.0877312,null,null,-0.0281657,null
-4.85499e-05,null,null,null,-0.000495385
0.992811,-0.0169594,null,null,null
-0.0681443,null,-0.242391,null,null
-0.0590258,null,null,0.063691,null
-0.00352585,null,null,null,-0.000796099
0.993088,-0.00665541,null,null,null
-0.0911681,null,-0.267531,null,null
-0.137494,null,null,0.0385325,null
-0.00289309,null,null,null,-0.00569664
0.993088,-0.00665541,null,null,null
-0.0911681,null,-0.267531,null,null
-0.137494,null,null,0.0385325,null
-0.00289309,null,null,null,-0.00569664
0.993064,-0.00790529,null,null,null
-0.077929,null,-0.199889,null,null
-0.132697,null,null,0.0376225,null
-0.00564252,null,null,null,-0.00295009
0.993004,-0.00736775,null,null,null
-0.148269,null,-0.192002,null,null
-0.0822714,null,null,0.0481058,null
-0.0035529,null,null,null,0.00329456
0.993004,-0.00736775,null,null,null
-0.148269,null,-0.192002,null,null
-0.0822714,null,null,0.0481058,null
-0.0035529,null,null,null,0.00329456
0.992766,-0.00381726,null,null,null
-0.152526,null,-0.148326,null,null
-0.00544645,null,null,0.0219065,null
-0.00186542,null,null,null,-0.00137437
0.992766,-0.00381726,null,null,null
-0.152526,null,-0.148326,null,null
-0.00544645,null,null,0.0219065,null
-0.00186542,null,null,null,-0.00137437
0.99286,-0.00269934,null,null,null
-0.168485,null,-0.139598,null,null
-0.0107206,null,null,0.048721,null
-0.00454074,null,null,null,0.00327823
0.992908,-0.00524617,null,null,null
-0.253036,null,-0.186929,null,null
0.0708317,null,null,0.0955118,null
-0.000410346,null,null,null,-0.000456741
0.992906,-0.00834569,null,null,null
-0.218394,null,-0.150536,null,null
0.00709791,null,null,0.0918551,null
0.0016626,null,null,null,0.00145931
0.992923,-0.0049437,null,null,null
-0.209299,null,-0.161408,null,null
0.0257078,null,null,0.125584,null
0.00552406,null,null,null,0.00267519
0.992977,-0.00635365,null,null,null
-0.10211,null,-0.150171,null,null
-0.00815096,null,null,0.0850507,null
-0.00158231,null,null,null,-0.0019407
0.992954,0.00159738,null,null,null
-0.145177,null,-0.102691,null,null
-0.0454355,null,null,0.0688909,null
0.00418021,null,null,null,0.00832029
0.992954,0.00159738,null,null,null
-0.145177,null,-0.102691,null,null
-0.0454355,null,null,0.0688909,null
0.00418021,null,null,null,0.00832029
0.993075,0.00106998,null,null,null
-0.159216,null,-0.0509122,null,null
-0.0218563,null,null,0.0919153,null
0.00623727,null,null,null,0.00133662
0.993208,0.00612226,null,null,null
-0.153604,null,-0.0239095,null,null
-0.0587683,null,null,0.0918704,null
0.00732163,null,null,null,0.00299884
0.993149,0.0080336,null,null,null
-0.154145,null,0.0325376,null,null
0.0256427,null,null,0.0659764,null
0.00546006,null,null,null,-0.00241165
0.993146,0.0065333,null,null,null
-0.143985,null,-0.00307761,null,null
0.00944322,null,null,0.121495,null
-0.000632051,null,null,null,-0.0039084
0.992956,0.0101026,null,null,null
-0.111106,null,-0.00220495,null,null
0.0205348,null,null,0.097721,null
0.000932075,null,null,null,0.000476274
0.992901,0.0127653,null,null,null
-0.113085,null,0.050455,null,null
-0.0292524,null,null,0.134543,null
-0.0049841,null,null,null,5.86969e-05
0.992879,0.0175794,null,null,null
-0.11996,null,0.0518024,null,null
0.0136998,null,null,0.0964721,null
-0.00165638,null,null,null,-0.0016279
0.992879,0.0175794,null,null,null
-0.11996,null,0.0518024,null,null
0.0136998,null,null,0.0964721,null
-0.00165638,null,null,null,-0.0016279
0.992815,0.0188945,null,null,null
-0.187506,null,0.0203386,null,null
-0.0210984,null,null,0.0769369,null
0.0010235,null,null,null,0.000640848
0.992815,0.0232831,null,null,null
-0.116044,null,0.0155965,null,null
-0.0143999,null,null,0.0708154,null
0.00170781,null,null,null,0.00318829
0.992709,0.0226664,null,null,null
-0.146321,null,0.00908685,null,null
-0.00584449,null,null,0.149702,null
0.0044481,null,null,null,-0.000729504
0.992821,0.0199327,null,null,null
-0.153256,null,0.00634336,null,null
-0.00852955,null,null,0.117524,null
0.00515451,null,null,null,0.000303292
0.992821,0.0199327,null,null,null
-0.153256,null,0.00634336,null,null
-0.00852955,null,null,0.117524,null
0.00515451,null,null,null,0.000303292
0.992954,0.0181802,null,null,null
-0.189163,null,-0.0135008,null,null
-0.0489541,null,null,0.0997945,null
-8.27089e-05,null,null,null,0.00100032
0.992995,0.0179603,null,null,null
-0.215369,null,0.02744,null,null
-0.120061,null,null,0.114198,null
0.00330832,null,null,null,-0.000723123
0.99299,0.0117783,null,null,null
-0.259723,null,0.0797985,null,null
-0.0597003,null,null,0.167484,null
0.00270818,null,null,null,-0.00135746
0.992836,0.0170559,null,null,null
-0.199283,null,0.0387487,null,null
-0.0630089,null,null,0.158752,null
0.001397,null,null,null,0.000107104
0.992777,0.0148096,null,null,null
-0.215474,null,0.0480386,null,null
-0.103658,null,null,0.159881,null
0.0066271,null,null,null,-0.00129019
0.992766,0.0112088,null,null,null
-0.23378,null,0.0947595,null,null
-0.130995,null,null,0.143657,null
0.00813685,null,null,null,-0.00329574
0.992989,0.00163596,null,null,null
-0.246906,null,0.114466,null,null
-0.164632,null,null,0.122086,null
0.0115709,null,null,null,-0.00362906
0.992914,0.00599898,null,null,null
-0.178621,null,0.132167,null,null
-0.19161,null,null,0.130529,null
-0.00110106,null,null,null,0.000120365
0.992842,0.00348989,null,null,null
-0.249642,null,0.0713555,null,null
-0.202649,null,null,0.114096,null
-0.00336192,null,null,null,0.00127119
0.992932,0.00607843,null,null,null
-0.31357,null,0.167788,null,null
-0.198395,null,null,0.146194,null
-0.00362726,null,null,null,0.0027206
0.992927,0.00636795,null,null,null
-0.283209,null,0.09661,null,null
-0.171165,null,null,0.121696,null
0.00050174,null,null,null,-0.00834734
0.992979,0.00646014,null,null,null
-0.351261,null,0.15726,null,null
-0.155259,null,null,0.0940396,null
-0.000986064,null,null,null,-0.000944852
0.992875,0.0014854,null,null,null
-0.307553,null,0.144569,null,null
-0.142606,null,null,0.0550078,null
-0.00341255,null,null,null,0.00222813
0.992806,0.00278449,null,null,null
-0.335813,null,0.130809,null,null
-0.0943573,null,null,0.0728971,null
0.000534774,null,null,null,-0.000213106
0.992806,0.00278449,null,null,null
-0.335813,null,0.130809,null,null
-0.0943573,null,null,0.0728971,null
0.000534774,null,null,null,-0.000213106
0.992806,0.00278449,null,null,null
-0.335813,null,0.130809,null,null
-0.0943573,null,null,0.0728971,null
0.000534774,null,null,null,-0.000213106
0.992859,-0.000920884,null,null,null
-0.298822,null,0.184339,null,null
-0.15404,null,null,0.0677153,null
-0.00272517,null,null,null,-0.000443206
0.992856,-0.00327806,null,null,null
-0.35002,null,0.122374,null,null
-0.170657,null,null,0.0899202,null
-0.00463528,null,null,null,0.000401243
0.99294,-0.0017757,null,null,null
-0.317783,null,0.173322,null,null
-0.156756,null,null,0.0939181,null
-0.00522756,null,null,null,-0.0039923
0.992991,-0.00687018,null,null,null
-0.303189,null,0.153725,null,null
-0.160375,null,null,0.0786793,null
-2.85936e-05,null,null,null,0.00279078
0.992954,-0.00726859,null,null,null
-0.35034,null,0.152555,null,null
-0.21203,null,null,0.0466805,null
0.00618355,null,null,null,0.00014142
0.992953,-0.00220166,null,null,null
-0.326575,null,0.133915,null,null
-0.120218,null,null,0.0221994,null
9.36345e-05,null,null,null,-0.00670516
0.992953,-0.00220166,null,null,null
-0.326575,null,0.133915,null,null
-0.120218,null,null,0.0221994,null
9.36345e-05,null,null,null,-0.00670516
0.99276,-0.00222006,null,null,null
-0.330931,null,0.154336,null,null
-0.192984,null,null,0.0258225,null
0.00246868,null,null,null,-0.00669559
0.99276,-0.00222006,null,null,null
-0.330931,null,0.154336,null,null
-0.192984,null,null,0.0258225,null
0.00246868,null,null,null,-0.00669559
0.992771,-0.00363357,null,null,null
-0.327529,null,0.0787756,null,null
-0.194354,null,null,0.0262798,null
0.00223594,null,null,null,-0.00113298
0.992771,-0.00363357,null,null,null
-0.327529,null,0.0787756,null,null
-0.194354,null,null,0.0262798,null
0.00223594,null,null,null,-0.00113298
0.992886,-9.098e-05,null,null,null
-0.304379,null,0.118057,null,null
-0.220265,null,null,0.0434974,null
0.00198475,null,null,null,0.00242229
0.99296,-0.00363026,null,null,null
-0.366988,null,0.153634,null,null
-0.194087,null,null,0.0514368,null
-0.0047126,null,null,null,0.00238199
0.992851,-0.00331568,null,null,null
-0.310824,null,0.177606,null,null
-0.208767,null,null,0.0462547,null
0.00294067,null,null,null,-0.0012277
0.992916,-0.00312257,null,null,null
-0.328119,null,0.217695,null,null
-0.231776,null,null,0.0697879,null
-0.00200779,null,null,null,0.00345562
0.992816,-0.0034464,null,null,null
-0.317543,null,0.279436,null,null
-0.213625,null,null,0.070776,null
0.000376243,null,null,null,0.00140399
0.9927,-0.00116798,null,null,null
-0.274058,null,0.208184,null,null
-0.229283,null,null,0.093168,null
-0.00220541,null,null,null,-0.00278417
0.992712,0.00434348,null,null,null
-0.301684,null,0.248714,null,null
-0.251802,null,null,0.0629342,null
0.00169643,null,null,null,-0.00270871
0.992765,-0.000425091,null,null,null
-0.212799,null,0.218731,null,null
-0.317789,null,null,0.032064,null
-0.000618435,null,null,null,0.00209739
0.992905,0.00332681,null,null,null
-0.209101,null,0.213726,null,null
-0.283294,null,null,-0.078037,null
-0.000651523,null,null,null,0.00135204
0.993034,0.00689861,null,null,null
-0.27744,null,0.182009,null,null
-0.284662,null,null,-0.0565309,null
0.00237606,null,null,null,-0.00161445
0.992929,0.00750969,null,null,null
-0.211413,null,0.129039,null,null
-0.230211,null,null,-0.0678167,null
0.00136799,null,null,null,-0.00808897
0.992862,0.00719354,null,null,null
-0.173294,null,0.0876833,null,null
-0.232191,null,null,-0.0731271,null
-0.00127376,null,null,null,-0.00429733
0.992862,0.00719354,null,null,null
-0.173294,null,0.0876833,null,null
-0.232191,null,null,-0.0731271,null
-0.00127376,null,null,null,-0.00429733
0.992783,0.0114473,null,null,null
-0.194394,null,0.159458,null,null
-0.161172,null,null,-0.103644,null
0.00330586,null,null,null,-0.00407214
0.992835,0.0078385,null,null,null
-0.156172,null,0.162142,null,null
-0.171274,null,null,-0.093122,null
0.00212295,null,null,null,-0.00358189
0.99283,0.00304206,null,null,null
-0.160001,null,0.197073,null,null
-0.171453,null,null,-0.050903,null
-0.00222735,null,null,null,-0.00361363
0.992877,0.00654064,null,null,null
-0.174036,null,0.186711,null,null
-0.147204,null,null,-0.117487,null
0.00365643,null,null,null,-0.00341449
0.992862,0.00298476,null,null,null
-0.148929,null,0.230178,null,null
-0.213574,null,null,-0.14053,null
0.00105101,null,null,null,-0.00293048
0.992712,0.00744131,null,null,null
-0.148765,null,0.2133,null,null
-0.19506,null,null,-0.142219,null
0.00637556,null,null,null,0.00303596
0.992804,0.0100316,null,null,null
-0.122776,null,0.167365,null,null
-0.14207,null,null,-0.150321,null
-0.00048153,null,null,null,-0.000890165
0.992804,0.0100316,null,null,null
-0.122776,null,0.167365,null,null
-0.14207,null,null,-0.150321,null
-0.00048153,null,null,null,-0.000890165
0.992825,0.00538603,null,null,null
-0.13279,null,0.136947,null,null
-0.18032,null,null,-0.211059,null
-0.00138,null,null,null,0.00206634
0.99285,0.00150596,null,null,null
-0.136101,null,0.10101,null,null
-0.160425,null,null,-0.241423,null
-0.00520689,null,null,null,-0.00378715
0.99285,0.00150596,null,null,null
-0.136101,null,0.10101,null,null
-0.160425,null,null,-0.241423,null
-0.00520689,null,null,null,-0.00378715
0.992847,0.00216815,null,null,null
-0.157565,null,0.0928626,null,null
-0.123637,null,null,-0.167801,null
-0.00287297,null,null,null,0.000354631
0.992903,0.00332384,null,null,null
-0.171352,null,0.0887689,null,null
-0.0913446,null,null,-0.121033,null
-0.00504803,null,null,null,-0.003516
0.993034,0.00357619,null,null,null
-0.216554,null,0.106021,null,null
-0.114974,null,null,-0.163111,null
0.00295536,null,null,null,0.00328765
0.993075,0.00705251,null,null,null
-0.196529,null,0.0285014,null,null
-0.135466,null,null,-0.205601,null
-0.000381784,null,null,null,0.00225778
0.993076,0.00935159,null,null,null
-0.196935,null,0.045375,null,null
-0.083113,null,null,-0.116867,null
0.000905743,null,null,null,0.0100607
0.993027,0.0121429,null,null,null
-0.175425,null,0.150308,null,null
-0.168501,null,null,-0.184985,null
-0.00235516,null,null,null,0.00135612
0.992874,0.0181074,null,null,null
-0.171854,null,0.121037,null,null
-0.177368,null,null,-0.232802,null
-0.000773961,null,null,null,0.0011624
0.992951,0.0170513,null,null,null
-0.156048,null,0.145675,null,null
-0.236448,null,null,-0.158603,null
-0.00186854,null,null,null,-0.00234952
0.993124,0.0132563,null,null,null
-0.21305,null,0.190672,null,null
-0.216358,null,null,-0.200958,null
0.00286436,null,null,null,-0.0013059
0.993124,0.0132563,null,null,null
-0.21305,null,0.190672,null,null
-0.216358,null,null,-0.200958,null
0.00286436,null,null,null,-0.0013059
0.993041,0.0167759,null,null,null
-0.206093,null,0.197204,null,null
-0.257281,null,null,-0.172245,null
0.0055493,null,null,null,0.00141934
0.993019,0.0140518,null,null,null
-0.157461,null,0.201289,null,null
-0.211671,null,null,-0.172136,null
0.00320495,null,null,null,0.00508254
0.992816,0.0156666,null,null,null
-0.158104,null,0.196827,null,null
-0.14385,null,null,-0.190578,null
0.000193032,null,null,null,0.0024347
0.992991,0.0142931,null,null,null
-0.136731,null,0.24133,null,null
-0.16847,null,null,-0.143475,null
0.00739994,null,null,null,-0.000793087
0.992895,0.0136149,null,null,null
-0.132596,null,0.233691,null,null
-0.193268,null,null,-0.166728,null
0.00750219,null,null,null,-0.000232903
0.992862,0.0104697,null,null,null
-0.149641,null,0.232459,null,null
-0.23387,null,null,-0.217999,null
0.00477496,null,null,null,0.00158193
0.992989,0.0150041,null,null,null
-0.123478,null,0.234441,null,null
-0.233877,null,null,-0.151936,null
0.000752186,null,null,null,0.001133
0.992971,0.0121087,null,null,null
-0.131236,null,0.256055,null,null
-0.294947,null,null,-0.137394,null
-0.00224531,null,null,null,-0.00192557
0.993093,0.00619767,null,null,null
-0.122366,null,0.251202,null,null
-0.292986,null,null,-0.169579,null
-0.000909186,null,null,null,-0.00113387
0.9931,0.0022812,null,null,null
-0.118912,null,0.313046,null,null
-0.269675,null,null,-0.125281,null
0.00449201,null,null,null,-0.00238744
0.993038,-0.00295065,null,null,null
-0.0554695,null,0.288341,null,null
-0.224988,null,null,-0.118397,null
0.00206685,null,null,null,-0.00144654
0.993038,-0.00295065,null,null,null
-0.0554695,null,0.288341,null,null
-0.224988,null,null,-0.118397,null
0.00206685,null,null,null,-0.00144654
0.993041,-0.000311229,null,null,null
-0.0581141,null,0.270707,null,null
-0.202116,null,null,-0.109981,null
0.00275627,null,null,null,0.00732365
0.99302,0.00066909,null,null,null
-0.0534068,null,0.313487,null,null
-0.205943,null,null,-0.0888136,null
-0.0003756,null,null,null,0.000569064
0.99302,0.00066909,null,null,null
-0.0534068,null,0.313487,null,null
-0.205943,null,null,-0.0888136,null
-0.0003756,null,null,null,0.000569064
0.99302,0.00066909,null,null,null
-0.0534068,null,0.313487,null,null
-0.205943,null,null,-0.0888136,null
-0.0003756,null,null,null,0.000569064
0.993015,0.00301172,null,null,null
-0.104649,null,0.296894,null,null
-0.254435,null,null,-0.142639,null
-0.0020995,null,null,null,0.00283649
0.99316,0.00612501,null,null,null
-0.0706627,null,0.299573,null,null
-0.294737,null,null,-0.0857192,null
0.000325716,null,null,null,0.00229717
0.993162,0.00199189,null,null,null
-0.0674674,null,0.267974,null,null
-0.2852,null,null,-0.0438135,null
-0.000718151,null,null,null,0.00153609
0.993024,-0.00380846,null,null,null
-0.0888579,null,0.271707,null,null
-0.237875,null,null,-0.00899378,null
-0.00114935,null,null,null,-0.00150451
0.993132,-0.0060625,null,null,null
-0.101069,null,0.281555,null,null
-0.190636,null,null,-0.027966,null
-0.00384172,null,null,null,-0.00131124
0.993145,-0.0057535,null,null,null
-0.0683773,null,0.268551,null,null
-0.261698,null,null,0.00204617,null
-0.00165519,null,null,null,0.00303894
0.99298,-0.00406679,null,null,null
-0.0590441,null,0.214304,null,null
-0.229586,null,null,-0.0285891,null
-0.00109563,null,null,null,0.00506194
0.993141,-0.00468915,null,null,null
-0.0210145,null,0.226015,null,null
-0.225956,null,null,-0.0581591,null
0.00293181,null,null,null,-0.00546763
0.993208,-0.0049648,null,null,null
-0.0115664,null,0.212657,null,null
-0.276856,null,null,-0.12867,null
0.00149586,null,null,null,-0.000417165
0.992991,-0.00343126,null,null,null
-0.0590526,null,0.279238,null,null
-0.255714,null,null,-0.0449056,null
-0.000405847,null,null,null,0.000199117
0.993012,-0.00250644,null,null,null
-0.0538931,null,0.292953,null,null
-0.275894,null,null,-0.0970159,null
0.000150511,null,null,null,0.000363781
0.992973,-0.00254659,null,null,null
-0.117026,null,0.28429,null,null
-0.222323,null,null,-0.138135,null
0.000500496,null,null,null,-0.00322346
0.992892,-0.0030466,null,null,null
-0.15529,null,0.306204,null,null
-0.182828,null,null,-0.0860409,null
-0.00308139,null,null,null,-0.000225179
0.99297,-0.00382859,null,null,null
-0.075767,null,0.243675,null,null
-0.237031,null,null,-0.1187,null
0.0049697,null,null,null,-0.000719566
0.99291,-0.0021069,null,null,null
-0.0777656,null,0.265761,null,null
-0.237382,null,null,-0.146506,null
0.00109943,null,null,null,-0.00143309
0.99305,-0.00563559,null,null,null
-0.098327,null,0.251897,null,null
-0.170121,null,null,-0.177894,null
0.0081766,null,null,null,-0.00169205
0.99305,-0.00563559,null,null,null
-0.098327,null,0.251897,null,null
-0.170121,null,null,-0.177894,null
0.0081766,null,null,null,-0.00169205
0.992874,-0.0068625,null,null,null
-0.154265,null,0.310385,null,null
-0.186586,null,null,-0.198423,null
0.0062945,null,null,null,-0.00237704
0.993069,-0.00730961,null,null,null
-0.0953065,null,0.29954,null,null
-0.156815,null,null,-0.256302,null
0.00400001,null,null,null,-0.00137821
0.993123,-0.00191058,null,null,null
-0.0534051,null,0.162594,null,null
-0.15865,null,null,-0.177169,null
0.00352308,null,null,null,-0.00313598
0.992927,-0.000284001,null,null,null
0.00309148,null,0.208584,null,null
-0.141594,null,null,-0.157731,null
0.000477691,null,null,null,0.00163929
0.993131,0.000612405,null,null,null
-0.017431,null,0.242446,null,null
-0.181969,null,null,-0.212411,null
0.000591012,null,null,null,-0.000864234
0.993031,0.00050357,null,null,null
-0.0030843,null,0.196149,null,null
-0.123948,null,null,-0.154924,null
0.005284,null,null,null,-0.00437176
0.993171,0.00102203,null,null,null
-0.0341993,null,0.282924,null,null
-0.195311,null,null,-0.126836,null
0.00531789,null,null,null,0.00068914
0.993091,-0.00170177,null,null,null
0.0249535,null,0.278269,null,null
-0.145979,null,null,-0.109193,null
0.00100199,null,null,null,-0.000921419
0.993091,-0.00170177,null,null,null
0.0249535,null,0.278269,null,null
-0.145979,null,null,-0.109193,null
0.00100199,null,null,null,-0.000921419
0.993091,-0.00170177,null,null,null
0.0249535,null,0.278269,null,null
-0.145979,null,null,-0.109193,null
0.00100199,null,null,null,-0.000921419
0.993152,-0.00877374,null,null,null
0.103182,null,0.283015,null,null
-0.133069,null,null,-0.116203,null
0.000826258,null,null,null,-0.00248189
0.993152,-0.00877374,null,null,null
0.103182,null,0.283015,null,null
-0.133069,null,null,-0.116203,null
0.000826258,null,null,null,-0.00248189
0.993128,-0.0119295,null,null,null
0.11351,null,0.284954,null,null
-0.0138093,null,null,-0.0776849,null
0.004209,null,null,null,0.000916168
0.993004,-0.00928826,null,null,null
0.15088,null,0.272694,null,null
-0.0702455,null,null,-0.0752508,null
0.00347411,null,null,null,-0.000160741
0.993004,-0.00928826,null,null,null
0.15088,null,0.272694,null,null
-0.0702455,null,null,-0.0752508,null
0.00347411,null,null,null,-0.000160741
0.992919,-0.0068981,null,null,null
0.0557459,null,0.250785,null,null
-0.013064,null,null,-0.111275,null
0.000841774,null,null,null,-0.00204929
0.992932,-0.00870615,null,null,null
-0.000864154,null,0.212446,null,null
0.0426648,null,null,-0.0844987,null
0.00234293,null,null,null,-0.00102107
0.993021,-0.0058189,null,null,null
-0.0175101,null,0.207544,null,null
0.0255534,null,null,-0.142995,null
-0.00110581,null,null,null,-0.00395149
0.992871,-0.00832553,null,null,null
0.0302085,null,0.185521,null,null
0.0253859,null,null,-0.164617,null
-0.00273737,null,null,null,-0.00633356
0.993039,-0.0072658,null,null,null
0.0360705,null,0.269134,null,null
0.0526366,null,null,-0.152539,null
-0.00300864,null,null,null,-0.00278352
0.993066,-0.00325015,null,null,null
0.0181877,null,0.243283,null,null
0.0799095,null,null,-0.0595715,null
-0.00585472,null,null,null,-0.00228752
0.993064,0.00237275,null,null,null
0.00811583,null,0.172178,null,null
0.0652755,null,null,-0.0942218,null
-0.00868598,null,null,null,-0.000676711
0.992804,0.00376771,null,null,null
0.00543859,null,0.293394,null,null
0.0701826,null,null,-0.0872528,null
-0.003319,null,null,null,-0.00540923
0.992994,0.000811416,null,null,null
-0.0248804,null,0.275636,null,null
0.0246526,null,null,-0.09601,null
-0.000712345,null,null,null,-0.00267177
0.992994,0.000811416,null,null,null
-0.0248804,null,0.275636,null,null
0.0246526,null,null,-0.09601,null
-0.000712345,null,null,null,-0.00267177
0.992968,0.00313268,null,null,null
-0.0364939,null,0.241029,null,null
0.136043,null,null,-0.0719405,null
-5.67468e-05,null,null,null,0.00175889
0.993015,0.00574268,null,null,null
-0.0160975,null,0.215026,null,null
0.131065,null,null,-0.137109,null
-0.000918519,null,null,null,-0.000604629
0.993036,0.00345328,null,null,null
-0.0723169,null,0.220468,null,null
0.052694,null,null,-0.0701757,null
-0.00621921,null,null,null,0.000527526
0.993036,-0.000888955,null,null,null
-0.0242834,null,0.257749,null,null
0.098881,null,null,-0.0684386,null
-0.00272486,null,null,null,-0.00494399
0.99305,0.00292294,null,null,null
0.0623535,null,0.22023,null,null
0.122009,null,null,-0.0490712,null
-0.00311892,null,null,null,0.00422555
0.993051,0.00233127,null,null,null
0.0703142,null,0.230356,null,null
0.118736,null,null,-0.0347568,null
-0.000705694,null,null,null,0.00234293
0.992968,0.00235329,null,null,null
0.0925261,null,0.218661,null,null
0.126154,null,null,-0.0798984,null
0.00262313,null,null,null,0.000875806
0.9928,0.00376665,null,null,null
0.11274,null,0.221895,null,null
0.093639,null,null,-0.126226,null
0.00190641,null,null,null,0.00284639
0.9928,0.00376665,null,null,null
0.11274,null,0.221895,null,null
0.093639,null,null,-0.126226,null
0.00190641,null,null,null,0.00284639
0.99294,0.00208886,null,null,null
0.110272,null,0.211241,null,null
0.116721,null,null,-0.0412959,null
0.00195931,null,null,null,-0.000136108
0.992985,0.00199179,null,null,null
0.108079,null,0.120755,null,null
0.0787158,null,null,-0.122028,null
0.00500937,null,null,null,0.0022813
0.993019,-0.000541471,null,null,null
0.0999216,null,0.137533,null,null
0.0691574,null,null,-0.139091,null
0.0017605,null,null,null,-5.02169e-05
0.993009,4.77758e-05,null,null,null
0.0796173,null,0.143233,null,null
0.0125055,null,null,-0.117601,null
0.00301721,null,null,null,0.000808733
0.992969,-0.00109457,null,null,null
0.116863,null,0.182515,null,null
0.0843159,null,null,-0.0920283,null
0.00193384,null,null,null,-0.00138881
0.992969,-0.00109457,null,null,null
0.116863,null,0.182515,null,null
0.0843159,null,null,-0.0920283,null
0.00193384,null,null,null,-0.00138881
0.992969,-0.00109457,null,null,null
0.116863,null,0.182515,null,null
0.0843159,null,null,-0.0920283,null
0.00193384,null,null,null,-0.00138881
0.993061,-0.0056666,null,null,null
0.0924749,null,0.160307,null,null
0.0934864,null,null,-0.114627,null
0.00111332,null,null,null,-0.00180704
0.99301,0.00040623,null,null,null
0.100657,null,0.1784,null,null
0.0773031,null,null,-0.16034,null
0.00495513,null,null,null,-0.00675901
0.992896,0.00306962,null,null,null
0.174546,null,0.164805,null,null
0.0629131,null,null,-0.107568,null
0.00388141,null,null,null,-0.00189096
0.992896,0.00306962,null,null,null
0.174546,null,0.164805,null,null
0.0629131,null,null,-0.107568,null
0.00388141,null,null,null,-0.00189096
0.992986,0.00158085,null,null,null
0.178008,null,0.17448,null,null
0.0612847,null,null,-0.0939185,null
0.00353501,null,null,null,-0.00568491
0.992927,0.00380566,null,null,null
0.177936,null,0.21755,null,null
0.065377,null,null,-0.00588187,null
-0.00120153,null,null,null,-0.000959233
0.99304,0.00491945,null,null,null
0.148547,null,0.175494,null,null
0.0722459,null,null,-0.0256583,null
0.00053051,null,null,null,-0.0023672
0.993114,0.0083601,null,null,null
0.156566,null,0.205583,null,null
0.0519796,null,null,-0.0243466,null
-0.0036834,null,null,null,-0.00195029
0.99305,0.00558279,null,null,null
0.142091,null,0.219594,null,null
-0.013424,null,null,-0.0677176,null
0.00252564,null,null,null,0.00358466
0.99315,0.00885538,null,null,null
0.0758208,null,0.140614,null,null
-0.0280752,null,null,-0.0575175,null
0.000496074,null,null,null,0.00339854
0.99313,0.00961338,null,null,null
0.0548727,null,0.153498,null,null
-0.00274452,null,null,-0.0939722,null
-0.00587721,null,null,null,-0.00110268
0.992926,0.0174741,null,null,null
0.0184992,null,0.12106,null,null
0.036238,null,null,-0.0189214,null
0.00286029,null,null,null,-0.000532548
0.992854,0.0172651,null,null,null
0.0666077,null,0.125354,null,null
0.0392725,null,null,-0.0530378,null
-0.00337845,null,null,null,0.00151898
0.992794,0.014085,null,null,null
0.00805369,null,0.139354,null,null
0.0971763,null,null,-0.0510191,null
-0.000647517,null,null,null,-0.00176284
0.99304,0.0101804,null,null,null
0.0378184,null,0.119163,null,null
0.154454,null,null,-0.0745384,null
-0.00121347,null,null,null,-0.00249906
0.993024,0.00925839,null,null,null
0.0284964,null,0.123282,null,null
0.130802,null,null,-0.110362,null
0.0031954,null,null,null,-0.00140385
0.99275,0.0127016,null,null,null
0.0411765,null,0.159884,null,null
0.185807,null,null,-0.0858599,null
0.0041291,null,null,null,-0.00357131
0.99303,0.015867,null,null,null
0.00233818,null,0.140839,null,null
0.196826,null,null,-0.0851563,null
0.00195596,null,null,null,-0.000723603
0.992941,0.0159345,null,null,null
0.0517269,null,0.193768,null,null
0.139124,null,null,-0.101041,null
0.000655961,null,null,null,-0.0021974
0.99277,0.01717,null,null,null
-0.0111013,null,0.202294,null,null
0.12616,null,null,-0.14228,null
-0.0028543,null,null,null,-0.00355204
0.99284,0.0195815,null,null,null
0.122506,null,0.138341,null,null
0.130344,null,null,-0.17171,null
0.00386169,null,null,null,0.00254502
0.99279,0.0181917,null,null,null
0.0812048,null,0.196628,null,null
0.207714,null,null,-0.101874,null
-0.00130955,null,null,null,0.000200319
0.992655,0.0170618,null,null,null
0.0483156,null,0.222281,null,null
0.257756,null,null,-0.0896689,null
-0.000788056,null,null,null,-0.000135044
0.992768,0.0130688,null,null,null
0.0725166,null,0.153021,null,null
0.251594,null,null,-0.0582654,null
0.000338757,null,null,null,-0.00904231
0.992844,0.0138176,null,null,null
0.111904,null,0.118358,null,null
0.241553,null,null,-0.0463591,null
0.00088582,null,null,null,-0.00278128
0.992756,0.0103626,null,null,null
0.0749475,null,0.137105,null,null
0.149155,null,null,-0.0770041,null
-0.00160534,null,null,null,-0.00230006
0.99289,0.00529334,null,null,null
0.100998,null,0.203389,null,null
0.214731,null,null,-0.0551125,null
0.00393137,null,null,null,-0.00510551
0.99287,0.000309366,null,null,null
0.0827858,null,0.170893,null,null
0.178888,null,null,-0.13651,null
0.00185418,null,null,null,-0.00280985
0.99271,-0.00670471,null,null,null
0.0831584,null,0.137586,null,null
0.160518,null,null,-0.118159,null
-0.00123083,null,null,null,-0.00386993
0.992809,-0.012428,null,null,null
0.0935189,null,0.175154,null,null
0.233444,null,null,-0.154688,null
-0.000276261,null,null,null,-0.0067176
0.992995,-0.00877555,null,null,null
0.13336,null,0.186,null,null
0.299113,null,null,-0.0791361,null
1.2587e-05,null,null,null,-0.00360719
0.992995,-0.00877555,null,null,null
0.13336,null,0.186,null,null
0.299113,null,null,-0.0791361,null
1.25873e-05,null,null,null,-0.00360719
0.992996,-0.0057421,null,null,null
0.0880685,null,0.228921,null,null
0.239044,null,null,-0.109593,null
-0.00584166,null,null,null,0.0026898
0.992999,-0.00269172,null,null,null
0.108148,null,0.202436,null,null
0.239475,null,null,-0.154984,null
0.00262985,null,null,null,0.0012127
0.993069,-0.0026167,null,null,null
0.133967,null,0.19146,null,null
0.339861,null,null,-0.0937272,null
-0.000325788,null,null,null,-0.000683659
0.992929,-0.00722195,null,null,null
0.167593,null,0.202069,null,null
0.31675,null,null,-0.0454759,null
-0.0028675,null,null,null,-0.00326245
0.993049,-0.00670244,null,null,null
0.218587,null,0.143483,null,null
0.332176,null,null,-0.0674246,null
0.00438349,null,null,null,-0.00114315
0.993094,-0.0100223,null,null,null
0.231265,null,0.163481,null,null
0.33108,null,null,-0.0590185,null
0.00473751,null,null,null,0.00409668
0.993065,-0.00906078,null,null,null
0.209221,null,0.128873,null,null
0.3379,null,null,-0.0866501,null
0.00227245,null,null,null,0.00384226
0.993023,-0.00857005,null,null,null
0.22929,null,0.160086,null,null
0.360227,null,null,-0.0423531,null
0.00147116,null,null,null,0.00989353
0.993053,-0.0086446,null,null,null
0.275981,null,0.188551,null,null
0.374018,null,null,-0.0730905,null
0.00148634,null,null,null,0.0056866
0.993123,-0.00747099,null,null,null
0.335508,null,0.222589,null,null
0.278961,null,null,-0.113226,null
-0.00864992,null,null,null,0.00390235
0.993176,-0.00908961,null,null,null
0.316106,null,0.262785,null,null
0.219762,null,null,-0.15129,null
-0.00351833,null,null,null,0.00384222
0.993169,-0.011742,null,null,null
0.272078,null,0.232654,null,null
0.227554,null,null,-0.111631,null
0.00186014,null,null,null,0.000405231
0.9929,-0.00929615,null,null,null
0.16546,null,0.37951,null,null
0.234003,null,null,-0.115239,null
0.0034803,null,null,null,-0.000416762
0.9929,-0.00929615,null,null,null
0.16546,null,0.37951,null,null
0.234003,null,null,-0.115239,null
0.0034803,null,null,null,-0.000416762
0.992873,-0.0049566,null,null,null
0.120065,null,0.333499,null,null
0.273502,null,null,-0.0465807,null
0.00560779,null,null,null,-0.00142025
0.993034,-0.00381123,null,null,null
0.121834,null,0.334145,null,null
0.30874,null,null,-0.125899,null
0.00545745,null,null,null,0.000387819
0.992835,-0.00582059,null,null,null
0.0580451,null,0.300199,null,null
0.323285,null,null,-0.0719562,null
0.00348853,null,null,null,-0.00132022
0.992904,-0.00682769,null,null,null
0.0503195,null,0.258424,null,null
0.316777,null,null,-0.12204,null
0.00346964,null,null,null,-0.00236795
0.993062,-0.00489601,null,null,null
0.045912,null,0.324734,null,null
0.300322,null,null,-0.0986947,null
0.000637726,null,null,null,-0.00240308
0.993302,-0.00712057,null,null,null
0.0384996,null,0.233864,null,null
0.326412,null,null,-0.052456,null
0.00374669,null,null,null,-0.00486422
0.993109,-0.0120493,null,null,null
0.0460646,null,0.318122,null,null
0.359904,null,null,-0.0911199,null
0.00290514,null,null,null,0.000202493
0.993075,-0.00984056,null,null,null
0.00451372,null,0.298254,null,null
0.357894,null,null,-0.0761074,null
0.00655581,null,null,null,-0.00120839
0.993031,-0.00967807,null,null,null
-0.0533144,null,0.276546,null,null
0.318356,null,null,-0.0759049,null
0.000488068,null,null,null,0.00227384
0.993116,-0.00876534,null,null,null
-0.0864566,null,0.31051,null,null
0.358624,null,null,-0.0744925,null
0.00274824,null,null,null,-0.00165914
0.993029,-0.00762964,null,null,null
-0.059187,null,0.364991,null,null
0.343854,null,null,-0.0606436,null
0.000911143,null,null,null,-0.00249876
0.993003,-0.00794554,null,null,null
-0.0848592,null,0.355521,null,null
0.347029,null,null,-0.076185,null
-0.00379434,null,null,null,-0.00120703
0.992854,-0.014556,null,null,null
-0.0714073,null,0.359239,null,null
0.321556,null,null,-0.106269,null
0.00335194,null,null,null,-0.00681342
0.992806,-0.0170746,null,null,null
-0.0957126,null,0.311471,null,null
0.393874,null,null,-0.042499,null
-0.000409917,null,null,null,-0.00136356
0.992853,-0.0223983,null,null,null
-0.0268269,null,0.325291,null,null
0.34269,null,null,-0.0690489,null
-0.000243249,null,null,null,0.00128648
0.99258,-0.0274309,null,null,null
-0.107684,null,0.328248,null,null
0.315455,null,null,0.0323406,null
-0.00769725,null,null,null,0.000378268
0.992733,-0.0188164,null,null,null
-0.13052,null,0.329568,null,null
0.302167,null,null,-0.0178365,null
-0.00496646,null,null,null,0.00653822
0.992795,-0.016465,null,null,null
-0.146473,null,0.375709,null,null
0.247134,null,null,0.0148767,null
-0.0038663,null,null,null,0.00170764
0.992795,-0.016465,null,null,null
-0.146473,null,0.375709,null,null
0.247134,null,null,0.0148767,null
-0.0038663,null,null,null,0.00170764
0.992826,-0.0146389,null,null,null
-0.124927,null,0.468135,null,null
0.224276,null,null,0.0543088,null
-1.97849e-05,null,null,null,-3.36146e-05
0.99289,-0.0113218,null,null,null
-0.054618,null,0.49105,null,null
0.304822,null,null,0.0508049,null
0.00024602,null,null,null,0.003503
0.99289,-0.0113218,null,null,null
-0.054618,null,0.49105,null,null
0.304822,null,null,0.0508049,null
0.00024602,null,null,null,0.003503
0.99289,-0.0113218,null,null,null
-0.054618,null,0.49105,null,null
0.304822,null,null,0.0508049,null
0.00024602,null,null,null,0.003503
0.992954,0.000173246,null,null,null
-0.142096,null,0.452043,null,null
0.21574,null,null,0.128092,null
0.000545414,null,null,null,-0.00127232
0.993023,0.00307004,null,null,null
-0.196235,null,0.359382,null,null
0.191581,null,null,0.160044,null
0.0023669,null,null,null,-0.00156754
0.993056,0.00605102,null,null,null
-0.146769,null,0.423069,null,null
0.201486,null,null,0.127431,null
0.00115118,null,null,null,0.00113519
0.993066,0.00582716,null,null,null
-0.0904357,null,0.395693,null,null
0.20891,null,null,0.0202508,null
0.0042223,null,null,null,0.00519584
0.992835,0.0140248,null,null,null
-0.0781216,null,0.392259,null,null
0.228174,null,null,-0.0185048,null
0.00323029,null,null,null,0.00511858
0.992827,0.0157573,null,null,null
-0.0412576,null,0.402374,null,null
0.224621,null,null,-0.0495452,null
-0.00577203,null,null,null,0.00698196
0.992827,0.0157573,null,null,null
-0.0412576,null,0.402374,null,null
0.224621,null,null,-0.0495452,null
-0.00577203,null,null,null,0.00698196
0.992971,0.0121822,null,null,null
-0.0132694,null,0.400904,null,null
0.246481,null,null,-0.00863299,null
0.00175698,null,null,null,2.09741e-06
0.993047,0.00271246,null,null,null
-0.0587585,null,0.358351,null,null
0.245629,null,null,-0.0274489,null
0.000335225,null,null,null,-0.000260394
0.993043,0.00899714,null,null,null
-0.0442847,null,0.386704,null,null
0.303784,null,null,-0.0719125,null
-0.0062829,null,null,null,-0.00314586
0.993216,0.00128056,null,null,null
-0.0703606,null,0.395546,null,null
0.28288,null,null,0.0425401,null
-0.00226596,null,null,null,0.00150251
0.993267,0.000360406,null,null,null
-0.0912191,null,0.322462,null,null
0.243021,null,null,0.0679877,null
1.76875e-05,null,null,null,-0.00404707
0.993284,0.00262555,null,null,null
-0.0652779,null,0.333009,null,null
0.31363,null,null,0.0550151,null
-0.00423429,null,null,null,-0.00297936
0.993282,0.00256859,null,null,null
-0.0290029,null,0.311401,null,null
0.288405,null,null,0.0618023,null
0.00228782,null,null,null,0.00320762
0.993282,0.00256859,null,null,null
-0.0290029,null,0.311401,null,null
0.288405,null,null,0.0618023,null
0.00228782,null,null,null,0.00320762
0.993129,0.00091364,null,null,null
0.0418043,null,0.238231,null,null
0.194233,null,null,0.0822946,null
0.00734096,null,null,null,0.00359686
0.993194,-0.00457414,null,null,null
0.0982723,null,0.225306,null,null
0.213261,null,null,0.0195101,null
-0.000211339,null,null,null,0.00734871
0.993167,-0.00634493,null,null,null
0.12411,null,0.249447,null,null
0.172911,null,null,-0.000734235,null
0.00468829,null,null,null,4.69926e-05
0.993138,-0.00180769,null,null,null
0.107562,null,0.202653,null,null
0.202704,null,null,0.0526901,null
-0.00335978,null,null,null,0.00145203
0.99312,0.00166355,null,null,null
0.113299,null,0.174377,null,null
0.30107,null,null,0.0989508,null
0.0038994,null,null,null,0.00300514
0.993244,-0.00295919,null,null,null
0.165561,null,0.235296,null,null
0.298681,null,null,0.0839031,null
-0.00407777,null,null,null,0.00559646
0.993155,0.000576059,null,null,null
0.0973141,null,0.199701,null,null
0.271885,null,null,0.149471,null
0.000333101,null,null,null,0.00349906
0.993155,0.000576059,null,null,null
0.0973141,null,0.199701,null,null
0.271885,null,null,0.149471,null
0.000333101,null,null,null,0.00349906
0.993152,0.00434471,null,null,null
0.128048,null,0.219721,null,null
0.31843,null,null,0.140854,null
-0.00474716,null,null,null,-0.00081377
0.993073,0.00418243,null,null,null
0.127862,null,0.237195,null,null
0.304414,null,null,0.0605743,null
-0.00372135,null,null,null,0.00116167
0.993073,0.00418243,null,null,null
0.127862,null,0.237195,null,null
0.304414,null,null,0.0605743,null
-0.00372135,null,null,null,0.00116167
0.993073,0.00418243,null,null,null
0.127862,null,0.237195,null,null
0.304414,null,null,0.0605743,null
-0.00372135,null,null,null,0.00116167
0.993114,0.00748618,null,null,null
0.13332,null,0.252446,null,null
0.319099,null,null,0.118596,null
-0.00560057,null,null,null,0.00554964
0.99301,-0.000216261,null,null,null
0.116154,null,0.254721,null,null
0.290473,null,null,0.198134,null
0.000368308,null,null,null,0.00535775
0.993096,0.00402875,null,null,null
0.105413,null,0.183099,null,null
0.314449,null,null,0.196586,null
0.00457203,null,null,null,-0.000395434
0.992956,-0.00209924,null,null,null
0.0491178,null,0.139043,null,null
0.310511,null,null,0.241618,null
0.00370776,null,null,null,0.000115838
0.993086,-0.00317518,null,null,null
0.0319505,null,0.151298,null,null
0.262149,null,null,0.212736,null
0.00426813,null,null,null,-0.00190974
0.993067,-0.00117298,null,null,null
0.00173331,null,0.157641,null,null
0.270844,null,null,0.196768,null
0.00225232,null,null,null,-0.00261915
0.992964,0.00104933,null,null,null
0.086543,null,0.147629,null,null
0.315837,null,null,0.119318,null
-0.0010364,null,null,null,-0.0025637
0.992964,0.00104933,null,null,null
0.086543,null,0.147629,null,null
0.315837,null,null,0.119318,null
-0.0010364,null,null,null,-0.0025637
0.993074,-0.00082484,null,null,null
0.059147,null,0.117307,null,null
0.275597,null,null,0.145923,null
0.00222887,null,null,null,0.00140494
0.993121,0.00301257,null,null,null
-0.01915,null,0.0857941,null,null
0.287264,null,null,0.101987,null
-0.00177716,null,null,null,-0.00606327
0.99303,0.00463651,null,null,null
-0.0195558,null,0.10004,null,null
0.285112,null,null,0.0515552,null
0.00129887,null,null,null,-0.00360256
0.992958,0.00741229,null,null,null
-0.0908863,null,0.0378991,null,null
0.264078,null,null,0.0385387,null
-0.000322555,null,null,null,-0.00266031
0.993043,0.0101986,null,null,null
-0.0664454,null,0.0321275,null,null
0.276004,null,null,0.0964948,null
-0.00108305,null,null,null,0.00368963
0.992766,0.0186169,null,null,null
-0.0582606,null,-0.0195525,null,null
0.238652,null,null,0.0947401,null
-0.00186998,null,null,null,0.00473641
0.992945,0.0138443,null,null,null
-0.0745689,null,-0.0370692,null,null
0.24189,null,null,0.0403533,null
-0.0069373,null,null,null,1.20239e-05
0.99286,0.0216146,null,null,null
0.00234491,null,0.0173309,null,null
0.30984,null,null,0.0257629,null
0.000966284,null,null,null,0.0020592
0.992973,0.0227914,null,null,null
-0.0860529,null,-0.0303857,null,null
0.303616,null,null,0.0245771,null
-0.00500266,null,null,null,0.00100163
0.992871,0.0212143,null,null,null
-0.039934,null,-0.0576713,null,null
0.217086,null,null,0.00860855,null
-0.00901638,null,null,null,0.00804829
0.993117,0.0109952,null,null,null
-0.035975,null,-0.0584079,null,null
0.285903,null,null,0.0107419,null
-0.00647393,null,null,null,0.00517231
0.993117,0.0109952,null,null,null
-0.035975,null,-0.0584079,null,null
0.285903,null,null,0.0107419,null
-0.00647393,null,null,null,0.00517231
0.993111,0.00722929,null,null,null
0.0255742,null,-0.0702994,null,null
0.276417,null,null,-0.0942555,null
-0.00301959,null,null,null,0.0011321
0.993094,0.0023478,null,null,null
-0.0113003,null,-0.0337211,null,null
0.226556,null,null,-0.0998996,null
0.00367099,null,null,null,0.00122079
0.993064,0.00425917,null,null,null
-0.0623465,null,-0.0187791,null,null
0.238925,null,null,-0.0934584,null
-0.000109195,null,null,null,0.00548522
0.993265,0.000348399,null,null,null
-0.017238,null,0.0106804,null,null
0.189581,null,null,-0.00763796,null
0.00752696,null,null,null,0.000574382
0.9932,-0.00262018,null,null,null
-0.0688002,null,0.0130133,null,null
0.190655,null,null,0.0256182,null
0.00485543,null,null,null,-0.00281864
0.993165,-0.00440801,null,null,null
-0.0329946,null,0.000858545,null,null
0.214828,null,null,-0.011863,null
0.000816236,null,null,null,-0.0047016
0.99293,-0.00597857,null,null,null
-0.0125405,null,-0.0299551,null,null
0.148363,null,null,-0.00331987,null
0.000450857,null,null,null,-0.0086882
0.993012,-0.0047162,null,null,null
-0.039679,null,0.0195062,null,null
0.140445,null,null,0.0374751,null
0.000118351,null,null,null,-0.00524985
0.992931,-0.00621486,null,null,null
-0.089746,null,0.00574866,null,null
0.189367,null,null,-0.0335555,null
0.00589179,null,null,null,0.000665972
0.992875,-0.0128601,null,null,null
-0.085242,null,0.010111,null,null
0.210652,null,null,0.0547844,null
0.00349756,null,null,null,-0.0027025
0.992903,-0.0110405,null,null,null
-0.103148,null,-0.0158105,null,null
0.247011,null,null,0.0884221,null
-0.00139478,null,null,null,0.000389359
0.992903,-0.0110405,null,null,null
-0.103148,null,-0.0158105,null,null
0.247011,null,null,0.0884221,null
-0.00139478,null,null,null,0.000389359
0.993014,-0.0140374,null,null,null
-0.0875723,null,-0.0332093,null,null
0.284519,null,null,0.0544557,null
0.00366905,null,null,null,-0.000659126
0.992909,-0.0167355,null,null,null
-0.108821,null,-0.0823599,null,null
0.165365,null,null,0.0799064,null
0.00174653,null,null,null,0.00227292
0.992903,-0.0165011,null,null,null
-0.104133,null,-0.0682336,null,null
0.225206,null,null,0.0763095,null
0.0011915,null,null,null,0.000649404
0.992903,-0.0165011,null,null,null
-0.104133,null,-0.0682336,null,null
0.225206,null,null,0.0763095,null
0.0011915,null,null,null,0.000649404
0.992916,-0.0138172,null,null,null
-0.0733444,null,-0.104325,null,null
0.154214,null,null,0.0357517,null
0.00309379,null,null,null,-0.000948895
0.992901,-0.0181414,null,null,null
0.00015348,null,-0.147849,null,null
0.207228,null,null,0.0361031,null
0.000644151,null,null,null,-0.000520369
0.992875,-0.0193003,null,null,null
-0.0598151,null,-0.106002,null,null
0.205605,null,null,0.0413485,null
0.00105436,null,null,null,0.00184166
0.993027,-0.0164435,null,null,null
-0.0399594,null,-0.0857215,null,null
0.218271,null,null,0.0823978,null
-0.00419089,null,null,null,0.00652084
0.992942,-0.0180445,null,null,null
-0.122688,null,-0.130276,null,null
0.247345,null,null,0.04087,null
0.000963331,null,null,null,-0.000261211
0.993016,-0.0113227,null,null,null
-0.0857912,null,-0.117734,null,null
0.258521,null,null,0.0266136,null
0.00358896,null,null,null,-0.0018825
0.992944,-0.0124771,null,null,null
-0.0919984,null,-0.0635181,null,null
0.206065,null,null,0.0680415,null
-0.00139505,null,null,null,-0.00269169
0.992944,-0.0124771,null,null,null
-0.0919984,null,-0.0635181,null,null
0.206065,null,null,0.0680415,null
-0.00139505,null,null,null,-0.00269169
0.99309,-0.00719239,null,null,null
-0.177354,null,-0.0373405,null,null
0.258545,null,null,0.0859375,null
0.00192395,null,null,null,-0.00544883
0.99309,-0.00719239,null,null,null
-0.177354,null,-0.0373405,null,null
0.258545,null,null,0.0859375,null
0.00192395,null,null,null,-0.00544883
0.993129,-0.00832444,null,null,null
-0.165569,null,-0.0162461,null,null
0.25518,null,null,0.096927,null
-0.00170934,null,null,null,-0.00363545
0.993025,-0.00890685,null,null,null
-0.167504,null,-0.0363426,null,null
0.300526,null,null,0.0959501,null
-0.00122723,null,null,null,-0.00235423
0.993025,-0.00890685,null,null,null
-0.167504,null,-0.0363426,null,null
0.300526,null,null,0.0959501,null
-0.00122723,null,null,null,-0.00235423
0.992977,-0.00618191,null,null,null
-0.205778,null,-0.0812911,null,null
0.268149,null,null,0.108116,null
-0.0015355,null,null,null,-0.000926196
0.99293,-0.00713483,null,null,null
-0.216502,null,-0.0634059,null,null
0.284498,null,null,0.0447384,null
0.000539347,null,null,null,-0.00163164
0.99298,-0.00663531,null,null,null
-0.225716,null,-0.0519176,null,null
0.321235,null,null,0.0571196,null
0.00122619,null,null,null,7.68186e-05
0.992958,-0.00534439,null,null,null
-0.237066,null,-0.0800524,null,null
0.312505,null,null,0.102237,null
-0.00311948,null,null,null,0.00490194
0.993066,0.000890044,null,null,null
-0.264097,null,-0.0733707,null,null
0.266194,null,null,0.0404514,null
-0.00111348,null,null,null,-0.00241381
0.993066,0.000890044,null,null,null
-0.264097,null,-0.0733707,null,null
0.266194,null,null,0.0404514,null
-0.00111348,null,null,null,-0.00241381
0.993111,0.0034559,null,null,null
-0.20557,null,-0.131574,null,null
0.210929,null,null,0.00188986,null
-0.00171076,null,null,null,0.00197629
0.992953,0.00123146,null,null,null
-0.202105,null,-0.103834,null,null
0.161726,null,null,0.0551701,null
0.00117423,null,null,null,0.00242487
0.992855,0.00581705,null,null,null
-0.0814042,null,-0.0620116,null,null
0.168161,null,null,0.0725117,null
0.0053175,null,null,null,0.000644469
0.99276,0.00774761,null,null,null
-0.101473,null,-0.0911319,null,null
0.208394,null,null,0.0422747,null
0.00873132,null,null,null,-0.00212511
0.99283,0.00809354,null,null,null
-0.0597393,null,-0.126989,null,null
0.171222,null,null,0.069728,null
0.00436824,null,null,null,0.000583743
0.992875,0.00644992,null,null,null
-0.0633799,null,-0.142822,null,null
0.165403,null,null,0.0593881,null
0.00541431,null,null,null,-0.00759216
0.992875,0.00644992,null,null,null
-0.0633799,null,-0.142822,null,null
0.165403,null,null,0.0593881,null
0.00541431,null,null,null,-0.00759216
0.99289,0.00621297,null,null,null
-0.0547453,null,-0.161133,null,null
0.174166,null,null,0.0678629,null
0.00612633,null,null,null,-0.00562954
0.992899,0.00749483,null,null,null
-0.0132229,null,-0.139694,null,null
0.1257,null,null,0.019017,null
0.00371259,null,null,null,0.00290469
0.992915,0.0084574,null,null,null
0.0695333,null,-0.104922,null,null
0.0936664,null,null,0.0241803,null
0.00548679,null,null,null,0.00298649
0.992794,0.0118491,null,null,null
0.0512784,null,-0.0987715,null,null
0.179688,null,null,0.0555988,null
0.00553295,null,null,null,0.00389679
0.992883,0.01086,null,null,null
0.0649283,null,-0.0595324,null,null
0.155545,null,null,0.033886,null
0.00154247,null,null,null,0.00389694
0.992944,0.00503011,null,null,null
0.0114688,null,-0.0612654,null,null
0.153141,null,null,0.101034,null
0.00731119,null,null,null,-0.0015076
0.993004,0.00684527,null,null,null
0.0227984,null,-0.163581,null,null
0.119846,null,null,0.0908256,null
-0.00590595,null,null,null,0.00736524
0.993135,0.00410085,null,null,null
0.0363113,null,-0.102465,null,null
0.0486499,null,null,0.0687925,null
-0.00193404,null,null,null,0.000818191
0.993094,0.00781589,null,null,null
0.0639987,null,-0.10096,null,null
0.0349661,null,null,0.119037,null
-0.000980324,null,null,null,-0.00038801
0.993041,0.000807972,null,null,null
0.128219,null,-0.0928831,null,null
0.0260276,null,null,0.0916774,null
-0.000700492,null,null,null,-0.00385868
0.993056,-0.000943321,null,null,null
0.104279,null,-0.10886,null,null
0.00696094,null,null,0.130209,null
0.000239699,null,null,null,-0.00704135
0.992716,0.00248207,null,null,null
0.0883526,null,-0.0359011,null,null
0.017862,null,null,0.144001,null
-0.0019415,null,null,null,-0.00372846
0.99281,-0.00448605,null,null,null
0.124368,null,-0.0612581,null,null
0.00902466,null,null,0.168774,null
0.00582421,null,null,null,-0.00309949
0.992799,-0.00759067,null,null,null
0.16418,null,-0.0912164,null,null
0.0469104,null,null,0.195886,null
0.00631004,null,null,null,0.000636544
0.992792,-0.0037397,null,null,null
0.115166,null,-0.0484686,null,null
0.0705947,null,null,0.227525,null
0.00274733,null,null,null,0.00152451
0.992529,-0.000801176,null,null,null
0.115542,null,-0.0708903,null,null
0.0792311,null,null,0.18927,null
-0.000248974,null,null,null,0.000287555
0.992685,-0.00426378,null,null,null
0.167964,null,-0.0998611,null,null
0.0572871,null,null,0.129939,null
-0.00212024,null,null,null,0.00281304
0.992729,-0.00874898,null,null,null
0.170322,null,-0.0302179,null,null
0.023015,null,null,0.174317,null
-0.0047421,null,null,null,0.00328344
0.992772,-0.00494624,null,null,null
0.122189,null,-0.00673008,null,null
0.0097015,null,null,0.280873,null
-0.00615304,null,null,null,0.0047247
0.992855,-0.00232471,null,null,null
0.130646,null,-0.00713866,null,null
0.0473021,null,null,0.233226,null
0.00219507,null,null,null,-0.0022332
0.992853,-0.000813666,null,null,null
0.126736,null,-0.03535,null,null
0.0408976,null,null,0.20324,null
-0.00177863,null,null,null,0.000933148
0.992904,0.000852995,null,null,null
0.196879,null,-0.00974538,null,null
0.055977,null,null,0.152919,null
0.0020404,null,null,null,-0.00283046
0.992962,-0.00139314,null,null,null
0.202114,null,-0.0293118,null,null
0.0579101,null,null,0.120753,null
-0.00019815,null,null,null,-0.000814904
0.99301,-0.00512833,null,null,null
0.16011,null,-0.0489284,null,null
0.0694811,null,null,0.127761,null
-0.00341975,null,null,null,-0.000921366
0.992934,-0.0051233,null,null,null
0.165782,null,-0.0477844,null,null
0.104908,null,null,0.206396,null
-0.000601087,null,null,null,-0.000605545
0.992819,-0.00415771,null,null,null
0.172325,null,-0.066711,null,null
0.0766228,null,null,0.161076,null
-0.000281686,null,null,null,-0.00456224
0.992819,-0.00415771,null,null,null
0.172325,null,-0.066711,null,null
0.0766228,null,null,0.161076,null
-0.000281686,null,null,null,-0.00456224
0.992926,0.00130657,null,null,null
0.151599,null,-0.0664895,null,null
0.051189,null,null,0.177331,null
0.000349238,null,null,null,-0.00252012
0.993003,0.00153462,null,null,null
0.182915,null,-0.106661,null,null
0.0799449,null,null,0.140874,null
0.00480794,null,null,null,-0.0032405
0.992904,-0.00911679,null,null,null
0.190818,null,-0.108604,null,null
0.115742,null,null,0.138346,null
0.00305381,null,null,null,-0.00323364
0.992904,-0.00911679,null,null,null
0.190818,null,-0.108604,null,null
0.115742,null,null,0.138346,null
0.00305381,null,null,null,-0.00323364
0.992904,-0.00911679,null,null,null
0.190818,null,-0.108604,null,null
0.115742,null,null,0.138346,null
0.00305381,null,null,null,-0.00323364
0.992914,-0.00829776,null,null,null
0.167208,null,-0.0853204,null,null
0.05048,null,null,0.119458,null
0.00275876,null,null,null,-0.00169204
0.992859,-0.000925009,null,null,null
0.20275,null,-0.14754,null,null
-0.00103257,null,null,0.144015,null
0.00156341,null,null,null,-1.25256e-05
0.992969,0.00120792,null,null,null
0.200019,null,-0.0801429,null,null
0.0591046,null,null,0.166559,null
-0.00320781,null,null,null,-0.00236479
0.993039,0.00205843,null,null,null
0.177219,null,-0.0953749,null,null
0.0888185,null,null,0.111126,null
-0.00249359,null,null,null,0.00126244
0.993039,0.00205843,null,null,null
0.177219,null,-0.0953749,null,null
0.0888185,null,null,0.111126,null
-0.00249359,null,null,null,0.00126244
0.99313,0.00216281,null,null,null
0.15561,null,-0.059429,null,null
0.114196,null,null,0.177251,null
0.000469727,null,null,null,0.00632009
0.99313,0.00216281,null,null,null
0.15561,null,-0.059429,null,null
0.114196,null,null,0.177251,null
0.000469727,null,null,null,0.00632009
0.992939,0.00431674,null,null,null
0.14464,null,-0.0102123,null,null
0.162791,null,null,0.126991,null
-0.00361926,null,null,null,0.00157567
0.992939,0.00431674,null,null,null
0.14464,null,-0.0102123,null,null
0.162791,null,null,0.126991,null
-0.00361926,null,null,null,0.00157567
0.992968,0.00751435,null,null,null
0.102382,null,-0.0553821,null,null
0.101927,null,null,0.111625,null
-0.00194105,null,null,null,-0.00353035
0.992958,-0.00019584,null,null,null
0.0744014,null,-0.131575,null,null
0.166086,null,null,0.0621284,null
-0.00726835,null,null,null,-0.000902791
0.992862,-0.00304852,null,null,null
0.0802024,null,-0.118188,null,null
0.217279,null,null,0.1302,null
-0.00035341,null,null,null,-0.00533236
0.992931,-0.00348139,null,null,null
0.0714203,null,-0.195494,null,null
0.206156,null,null,0.176355,null
-0.00660294,null,null,null,-0.00585994
0.992945,-0.0083952,null,null,null
0.052684,null,-0.148319,null,null
0.249681,null,null,0.123871,null
0.000804074,null,null,null,-0.00561825
0.992912,-0.00580264,null,null,null
0.0921174,null,-0.189455,null,null
0.17387,null,null,0.0803881,null
0.0041249,null,null,null,0.00254807
0.992864,-0.000209916,null,null,null
0.122442,null,-0.189851,null,null
0.134285,null,null,0.0369049,null
0.00510767,null,null,null,0.00326721
0.992994,-0.00181266,null,null,null
0.0434887,null,-0.153726,null,null
0.154945,null,null,0.0192614,null
0.00372719,null,null,null,3.52796e-06
0.993046,0.00485942,null,null,null
-0.0145499,null,-0.107579,null,null
0.140319,null,null,0.109301,null
0.00662796,null,null,null,9.35046e-06
0.993046,0.00485942,null,null,null
-0.0145499,null,-0.107579,null,null
0.140319,null,null,0.109301,null
0.00662796,null,null,null,9.35046e-06
0.993046,0.00485942,null,null,null
-0.0145499,null,-0.107579,null,null
0.140319,null,null,0.109301,null
0.00662796,null,null,null,9.35046e-06
0.992986,0.0037644,null,null,null
0.0238034,null,-0.0964531,null,null
0.194351,null,null,0.0853694,null
0.00363657,null,null,null,0.00102324
0.992974,0.00460162,null,null,null
0.052514,null,-0.119879,null,null
0.231481,null,null,0.100764,null
0.00662125,null,null,null,-0.0018601
0.99286,0.00574453,null,null,null
0.0131739,null,-0.187195,null,null
0.20162,null,null,0.171621,null
0.0051862,null,null,null,-0.00532643
0.99286,0.00574453,null,null,null
0.0131739,null,-0.187195,null,null
0.20162,null,null,0.171621,null
0.0051862,null,null,null,-0.00532643
0.99288,0.00625476,null,null,null
0.0210278,null,-0.126982,null,null
0.200889,null,null,0.135789,null
0.00144269,null,null,null,-0.00280476
0.992914,0.00421092,null,null,null
0.0093318,null,-0.097991,null,null
0.18394,null,null,0.149943,null
0.00410667,null,null,null,0.00087954
0.992914,0.00421092,null,null,null
0.0093318,null,-0.097991,null,null
0.18394,null,null,0.149943,null
0.00410667,null,null,null,0.00087954
0.992803,0.00980834,null,null,null
-0.0533942,null,-0.130899,null,null
0.155686,null,null,0.195582,null
0.00237025,null,null,null,0.00103684
0.992772,0.00630384,null,null,null
-0.0385155,null,-0.19167,null,null
0.147163,null,null,0.196172,null
0.000580209,null,null,null,3.57571e-05
0.992772,0.00630384,null,null,null
-0.0385155,null,-0.19167,null,null
0.147163,null,null,0.196172,null
0.000580209,null,null,null,3.57571e-05
0.992786,0.00834329,null,null,null
-0.0325746,null,-0.217911,null,null
0.160864,null,null,0.229514,null
-0.0032192,null,null,null,0.00671586
0.992731,0.00734007,null,null,null
-0.0812369,null,-0.315775,null,null
0.134726,null,null,0.208556,null
-0.00187821,null,null,null,0.00625864
0.992733,0.00565376,null,null,null
-0.135484,null,-0.385474,null,null
0.153145,null,null,0.248862,null
-0.0006288,null,null,null,0.00268105
0.992748,0.00764243,null,null,null
-0.0873997,null,-0.265229,null,null
0.153083,null,null,0.273892,null
0.00710335,null,null,null,0.000205015
0.992909,0.0100487,null,null,null
-0.0826849,null,-0.2779,null,null
0.21185,null,null,0.261235,null
0.00346299,null,null,null,0.00155568
0.992875,0.0102587,null,null,null
-0.142514,null,-0.264936,null,null
0.239267,null,null,0.310717,null
0.00278161,null,null,null,0.00477179
0.992896,0.00707815,null,null,null
-0.139671,null,-0.23637,null,null
0.198832,null,null,0.280034,null
0.0027785,null,null,null,-0.00569746
0.992756,0.00438514,null,null,null
-0.0733189,null,-0.286951,null,null
0.205517,null,null,0.228568,null
0.000403779,null,null,null,-0.00869774
0.992791,0.00635891,null,null,null
-0.0339161,null,-0.308805,null,null
0.204716,null,null,0.188197,null
-0.00169265,null,null,null,-0.00149117
0.992776,0.0110161,null,null,null
0.02285,null,-0.260099,null,null
0.255704,null,null,0.173333,null
-0.000622883,null,null,null,0.00517438
0.992776,0.0110161,null,null,null
0.02285,null,-0.260099,null,null
0.255704,null,null,0.173333,null
-0.000622883,null,null,null,0.00517438
0.992855,0.00931748,null,null,null
-0.0122933,null,-0.249227,null,null
0.284004,null,null,0.143326,null
-0.00540005,null,null,null,-0.00201389
0.992635,0.0125365,null,null,null
-0.0180405,null,-0.266545,null,null
0.274357,null,null,0.183581,null
-0.00369621,null,null,null,-0.00182136
0.992812,0.00966954,null,null,null
0.0188791,null,-0.1972,null,null
0.172186,null,null,0.15949,null
-0.00165699,null,null,null,-0.00105097
0.992896,0.0115172,null,null,null
-0.027928,null,-0.240335,null,null
0.210344,null,null,0.135319,null
-0.00291631,null,null,null,0.00668511
0.992779,0.00566875,null,null,null
-0.0689714,null,-0.228829,null,null
0.224135,null,null,0.169944,null
0.00488955,null,null,null,-0.00490565
0.992779,0.00566875,null,null,null
-0.0689714,null,-0.228829,null,null
0.224135,null,null,0.169944,null
0.00488955,null,null,null,-0.00490565
0.992709,0.00623716,null,null,null
-0.092119,null,-0.207981,null,null
0.268498,null,null,0.180416,null
-0.00499364,null,null,null,-0.00330728
0.992801,0.0043735,null,null,null
-0.158354,null,-0.275474,null,null
0.242556,null,null,0.109723,null
0.00121235,null,null,null,-0.00762116
0.993014,0.0042907,null,null,null
-0.231252,null,-0.190053,null,null
0.236049,null,null,0.14317,null
-0.0024235,null,null,null,-0.00117087
0.992942,-0.00798307,null,null,null
-0.227146,null,-0.164981,null,null
0.208954,null,null,0.0943777,null
-0.000886749,null,null,null,0.000779194
0.992903,-0.0095188,null,null,null
-0.211041,null,-0.203751,null,null
0.187664,null,null,0.147864,null
0.000508807,null,null,null,0.00616309
0.992903,-0.0100665,null,null,null
-0.166204,null,-0.26886,null,null
0.137654,null,null,0.151682,null
-0.000229952,null,null,null,0.00283807
0.993017,-0.0101083,null,null,null
-0.187641,null,-0.298779,null,null
0.241044,null,null,0.191403,null
0.00209095,null,null,null,-0.00138131
0.992818,-0.00768274,null,null,null
-0.179904,null,-0.316458,null,null
0.237281,null,null,0.194554,null
-0.00158322,null,null,null,-0.00424006
0.99272,-0.00549965,null,null,null
-0.231789,null,-0.292096,null,null
0.168362,null,null,0.127153,null
-0.00139912,null,null,null,-0.00127659
0.99295,-0.00346013,null,null,null
-0.183365,null,-0.207666,null,null
0.291049,null,null,0.199559,null
-0.000240293,null,null,null,-0.000839924
0.992851,-0.0120069,null,null,null
-0.11072,null,-0.147034,null,null
0.272701,null,null,0.213205,null
0.00478476,null,null,null,0.0016318
0.992748,-0.00813655,null,null,null
-0.18992,null,-0.143966,null,null
0.290953,null,null,0.158824,null
-0.000910092,null,null,null,0.00600624
0.992827,-0.00724116,null,null,null
-0.158535,null,-0.182051,null,null
0.314447,null,null,0.123653,null
0.0050028,null,null,null,0.0118879
0.992901,-0.00487209,null,null,null
-0.126596,null,-0.125417,null,null
0.309875,null,null,0.0958536,null
0.00226324,null,null,null,0.00908678
0.992851,-0.00801574,null,null,null
-0.160573,null,-0.0740885,null,null
0.26571,null,null,0.117616,null
-0.00350256,null,null,null,0.00198361
0.992748,-0.00952476,null,null,null
-0.157431,null,-0.0795269,null,null
0.282253,null,null,0.238943,null
-0.00111494,null,null,null,0.00102742
0.992831,-0.00651065,null,null,null
-0.182977,null,-0.0346705,null,null
0.309096,null,null,0.223934,null
0.00178261,null,null,null,-0.00211701
0.992831,-0.00651065,null,null,null
-0.182977,null,-0.0346705,null,null
0.309096,null,null,0.223934,null
0.00178261,null,null,null,-0.00211701
0.992831,-0.00651065,null,null,null
-0.182977,null,-0.0346705,null,null
0.309096,null,null,0.223934,null
0.00178261,null,null,null,-0.00211701
0.992784,-0.00757517,null,null,null
-0.171196,null,-0.0201805,null,null
0.265732,null,null,0.152019,null
0.00231399,null,null,null,-0.00182605
0.99274,-0.0113545,null,null,null
-0.165435,null,-0.016855,null,null
0.2824,null,null,0.151803,null
0.00360115,null,null,null,0.00272685
0.992674,-0.0158065,null,null,null
-0.23197,null,0.0018448,null,null
0.313429,null,null,0.152951,null
0.00169995,null,null,null,0.00261733
0.99265,-0.0180584,null,null,null
-0.225419,null,0.0462106,null,null
0.342917,null,null,0.109874,null
0.00239345,null,null,null,-0.002557
0.992711,-0.0115066,null,null,null
-0.214725,null,-0.0265048,null,null
0.268589,null,null,0.181516,null
0.000955674,null,null,null,-0.0017632
0.992526,-0.0165211,null,null,null
-0.213833,null,-0.037396,null,null
0.294916,null,null,0.18613,null
-0.000411074,null,null,null,-1.06812e-05
0.992645,-0.017128,null,null,null
-0.249199,null,-0.0445233,null,null
0.287838,null,null,0.148726,null
-0.00509732,null,null,null,0.000887787
0.992645,-0.017128,null,null,null
-0.249199,null,-0.0445233,null,null
0.287838,null,null,0.148726,null
-0.00509732,null,null,null,0.000887787
0.992645,-0.017128,null,null,null
-0.249199,null,-0.0445233,null,null
0.287838,null,null,0.148726,null
-0.00509732,null,null,null,0.000887787
0.992655,-0.0216185,null,null,null
-0.27709,null,0.0189073,null,null
0.255905,null,null,0.165552,null
0.00041435,null,null,null,0.00799615
0.992721,-0.021346,null,null,null
-0.267856,null,0.029394,null,null
0.24818,null,null,0.118336,null
0.00228491,null,null,null,0.00592427
0.992755,-0.0201985,null,null,null
-0.315236,null,0.0245501,null,null
0.24773,null,null,0.166175,null
2.6938e-05,null,null,null,-0.0023625
0.992835,-0.018861,null,null,null
-0.330004,null,-0.0525691,null,null
0.301057,null,null,0.0696631,null
-0.00138506,null,null,null,0.000966729
0.992727,-0.0195951,null,null,null
-0.319153,null,-0.00411309,null,null
0.343048,null,null,0.132445,null
0.0065856,null,null,null,-0.000923786
0.992727,-0.0195951,null,null,null
-0.319153,null,-0.00411309,null,null
0.343048,null,null,0.132445,null
0.0065856,null,null,null,-0.000923786
0.992748,-0.0209325,null,null,null
-0.322701,null,0.0251259,null,null
0.333516,null,null,0.13966,null
0.007328,null,null,null,-0.00345315
0.992806,-0.0206073,null,null,null
-0.336054,null,0.0169041,null,null
0.378949,null,null,0.0893856,null
0.00525806,null,null,null,0.0051668
0.992692,-0.0194191,null,null,null
-0.333676,null,0.0786551,null,null
0.28906,null,null,0.0643894,null
0.0109443,null,null,null,-0.000983792
0.992692,-0.0148516,null,null,null
-0.289544,null,0.107852,null,null
0.282583,null,null,0.0829575,null
0.00631849,null,null,null,0.00196227
0.992889,-0.0134371,null,null,null
-0.324512,null,0.0958584,null,null
0.27558,null,null,0.0699822,null
0.00513177,null,null,null,0.00376592
0.992942,-0.00972556,null,null,null
-0.393905,null,0.0128186,null,null
0.272452,null,null,0.0500105,null
0.00592235,null,null,null,0.00194975
0.992961,-0.00771714,null,null,null
-0.380202,null,0.0546124,null,null
0.238756,null,null,0.0728269,null
0.00021782,null,null,null,0.00735864
0.992961,-0.00771714,null,null,null
-0.380202,null,0.0546124,null,null
0.238756,null,null,0.0728269,null
0.00021782,null,null,null,0.00735864
0.992932,-0.0140058,null,null,null
-0.28983,null,0.103369,null,null
0.224731,null,null,0.0558229,null
0.00127012,null,null,null,0.00211605
0.992936,-0.00854617,null,null,null
-0.33144,null,0.0930167,null,null
0.298536,null,null,0.0464099,null
-0.00138641,null,null,null,-0.00139693
0.992936,-0.00854617,null,null,null
-0.33144,null,0.0930167,null,null
0.298536,null,null,0.0464099,null
-0.00138641,null,null,null,-0.00139693
0.992885,-7.32786e-05,null,null,null
-0.293287,null,0.135534,null,null
0.302277,null,null,0.000471355,null
-0.00860909,null,null,null,0.00143122
0.99314,0.000285912,null,null,null
-0.224969,null,0.113966,null,null
0.298905,null,null,0.0409653,null
-0.00351779,null,null,null,-0.00280079
0.992994,-0.00465361,null,null,null
-0.211596,null,0.089917,null,null
0.304566,null,null,0.00609905,null
-0.00704831,null,null,null,0.00240969
0.992955,-0.00148174,null,null,null
-0.200299,null,0.0858669,null,null
0.308862,null,null,0.012356,null
-0.00298142,null,null,null,-0.00146807
0.992884,0.000124633,null,null,null
-0.224681,null,0.103873,null,null
0.257571,null,null,-0.00932082,null
-0.00600897,null,null,null,-0.00258211
0.993032,0.00126184,null,null,null
-0.196001,null,0.103102,null,null
0.242336,null,null,0.016308,null
-0.00413478,null,null,null,-0.00351524
0.993102,-0.00679737,null,null,null
-0.247371,null,0.169646,null,null
0.214561,null,null,0.0427119,null
-0.00511726,null,null,null,-0.00527613
0.993096,-0.00648539,null,null,null
-0.266993,null,0.164587,null,null
0.217605,null,null,0.0733454,null
-0.00478119,null,null,null,-0.00410224
0.993024,-0.0102566,null,null,null
-0.240314,null,0.18624,null,null
0.212656,null,null,0.0687212,null
-0.00138969,null,null,null,-0.00548719
0.993024,-0.0102566,null,null,null
-0.240314,null,0.18624,null,null
0.212656,null,null,0.0687212,null
-0.00138969,null,null,null,-0.00548719
0.993024,-0.0102566,null,null,null
-0.240314,null,0.18624,null,null
0.212656,null,null,0.0687212,null
-0.00138969,null,null,null,-0.00548719
0.993119,-0.0140877,null,null,null
-0.313177,null,0.225144,null,null
0.181239,null,null,-0.0144014,null
-0.00248467,null,null,null,-0.00219149
0.992909,-0.0170348,null,null,null
-0.229795,null,0.188965,null,null
0.180735,null,null,0.0405426,null
-0.00427155,null,null,null,-0.00807989
0.992909,-0.0170348,null,null,null
-0.229795,null,0.188965,null,null
0.180735,null,null,0.0405426,null
-0.00427155,null,null,null,-0.00807989
0.992821,-0.0248586,null,null,null
-0.267394,null,0.160075,null,null
0.125956,null,null,0.0165014,null
-0.00237935,null,null,null,-0.00351444
0.992821,-0.0248586,null,null,null
-0.267394,null,0.160075,null,null
0.125956,null,null,0.0165014,null
-0.00237935,null,null,null,-0.00351444
0.992415,-0.031056,null,null,null
-0.238019,null,0.194197,null,null
0.109569,null,null,0.0194004,null
-0.00456917,null,null,null,0.0024714
0.992415,-0.031056,null,null,null
-0.238019,null,0.194197,null,null
0.109569,null,null,0.0194004,null
-0.00456917,null,null,null,0.0024714
0.992415,-0.031056,null,null,null
-0.238019,null,0.194197,null,null
0.109569,null,null,0.0194004,null
-0.00456917,null,null,null,0.0024714
0.992415,-0.031056,null,null,null
-0.238019,null,0.194197,null,null
0.109569,null,null,0.0194004,null
-0.00456917,null,null,null,0.0024714
0.992309,-0.0308479,null,null,null
-0.207187,null,0.242613,null,null
0.197454,null,null,-0.0303445,null
-0.00761455,null,null,null,0.002596
0.992259,-0.0342566,null,null,null
-0.277905,null,0.217608,null,null
0.195059,null,null,-0.00763004,null
-0.006189,null,null,null,-0.00107973
0.992356,-0.0334904,null,null,null
-0.288581,null,0.125886,null,null
0.115878,null,null,0.0578795,null
-0.00107407,null,null,null,-0.000327991
0.992287,-0.0366723,null,null,null
-0.289194,null,0.0709386,null,null
0.117216,null,null,0.0955499,null
-0.00578191,null,null,null,0.0015647
0.992441,-0.0290781,null,null,null
-0.282998,null,0.0194219,null,null
0.149594,null,null,0.0435002,null
-0.000846651,null,null,null,0.00251073
0.992605,-0.0266107,null,null,null
-0.289048,null,-0.0263111,null,null
0.156257,null,null,0.0931421,null
0.00609329,null,null,null,-0.00366065
0.992826,-0.0191784,null,null,null
-0.309378,null,-0.00362199,null,null
0.173877,null,null,0.142643,null
0.00668659,null,null,null,0.000904571
0.992686,-0.0265844,null,null,null
-0.315692,null,-0.00775162,null,null
0.121463,null,null,0.112659,null
0.00314844,null,null,null,0.00144183
0.992726,-0.0232316,null,null,null
-0.23023,null,-0.102845,null,null
0.103606,null,null,0.062195,null
0.00537397,null,null,null,-0.00113389
0.992888,-0.0190633,null,null,null
-0.234075,null,-0.0609901,null,null
0.101708,null,null,0.0898054,null
0.00228964,null,null,null,0.000600235
0.992785,-0.0245834,null,null,null
-0.272776,null,-0.0757224,null,null
0.0844432,null,null,0.0585002,null
0.00434894,null,null,null,0.00562405
0.992774,-0.0217834,null,null,null
-0.195241,null,-0.122836,null,null
0.110272,null,null,0.0075433,null
0.00172731,null,null,null,0.00114773
0.992774,-0.0217834,null,null,null
-0.195241,null,-0.122836,null,null
0.110272,null,null,0.0075433,null
0.00172731,null,null,null,0.00114773
0.992764,-0.015067,null,null,null
-0.176231,null,-0.171327,null,null
0.15959,null,null,0.0517406,null
0.00151746,null,null,null,0.0019389
0.992938,-0.00630146,null,null,null
-0.218806,null,-0.0851146,null,null
0.17277,null,null,0.0430636,null
-0.00345481,null,null,null,0.00349214
0.992976,-0.00843054,null,null,null
-0.153751,null,-0.0601569,null,null
0.0203676,null,null,0.0344513,null
-0.00329316,null,null,null,-0.00106672
0.99317,-0.0100567,null,null,null
-0.151791,null,-0.0753759,null,null
0.0456799,null,null,-0.00953913,null
0.00175166,null,null,null,0.00103716
0.993171,-0.00713177,null,null,null
-0.122292,null,-0.0804747,null,null
0.0091246,null,null,-0.0161328,null
-0.000350635,null,null,null,0.00120469
0.993036,-0.00353789,null,null,null
-0.175533,null,-0.130805,null,null
0.0166806,null,null,0.00646525,null
-0.000703342,null,null,null,0.001121
0.993161,0.000534727,null,null,null
-0.150139,null,-0.198906,null,null
0.0689146,null,null,0.0762985,null
0.00332414,null,null,null,0.000836968
0.993075,0.00512354,null,null,null
-0.165002,null,-0.209414,null,null
0.167571,null,null,0.120469,null
0.00169622,null,null,null,-0.00192239
0.993131,0.000893175,null,null,null
-0.150865,null,-0.15,null,null
0.207066,null,null,0.127677,null
-0.000910006,null,null,null,-0.00519201
0.992891,-0.00215805,null,null,null
-0.199296,null,-0.165258,null,null
0.149986,null,null,0.0850763,null
-0.00262257,null,null,null,-0.00170654
0.992995,-0.00628144,null,null,null
-0.174975,null,-0.151264,null,null
0.114921,null,null,0.0581459,null
0.000422552,null,null,null,-0.0056189
0.992995,-0.00628144,null,null,null
-0.174975,null,-0.151264,null,null
0.114921,null,null,0.0581459,null
0.000422552,null,null,null,-0.0056189
0.992904,-0.0077019,null,null,null
-0.226124,null,-0.126804,null,null
0.12672,null,null,0.0750865,null
-0.00156516,null,null,null,-0.00175014
0.992809,-0.00730271,null,null,null
-0.21505,null,-0.181495,null,null
0.092911,null,null,0.0680036,null
-0.00433125,null,null,null,-0.00142954
0.992729,-0.0100892,null,null,null
-0.180275,null,-0.10676,null,null
0.139455,null,null,0.109193,null
-0.000271126,null,null,null,-0.000545294
0.992827,-0.0201704,null,null,null
-0.158974,null,-0.216182,null,null
0.133351,null,null,0.0979365,null
-0.000678419,null,null,null,-0.00333984
0.9927,-0.0222353,null,null,null
-0.0678108,null,-0.201049,null,null
0.179225,null,null,0.0980422,null
-0.00374169,null,null,null,-0.00422795
0.992666,-0.0271374,null,null,null
-0.201775,null,-0.20777,null,null
0.157004,null,null,0.0752546,null
0.00180806,null,null,null,-0.00428572
0.992672,-0.0255571,null,null,null
-0.216372,null,-0.211074,null,null
0.104572,null,null,0.109245,null
-0.000633465,null,null,null,-0.00154436
0.992691,-0.0243158,null,null,null
-0.247037,null,-0.184221,null,null
0.0949046,null,null,0.094119,null
0.00195992,null,null,null,0.00752689
0.992505,-0.0256243,null,null,null
-0.232808,null,-0.21,null,null
0.0865283,null,null,0.10468,null
0.00399961,null,null,null,0.00453096
0.992509,-0.0214958,null,null,null
-0.208053,null,-0.168201,null,null
0.0859095,null,null,0.121928,null
0.0027707,null,null,null,-0.000228198
0.992845,-0.0128778,null,null,null
-0.25522,null,-0.127809,null,null
0.135809,null,null,0.0691574,null
-0.00250669,null,null,null,-0.000336757
0.993076,-0.0118089,null,null,null
-0.2393,null,-0.177198,null,null
0.0623141,null,null,0.134584,null
-0.0011926,null,null,null,0.004712
0.992888,-0.00977643,null,null,null
-0.283541,null,-0.255641,null,null
0.0566108,null,null,0.132651,null
0.000446345,null,null,null,-0.00172212
0.993017,-0.00486631,null,null,null
-0.201541,null,-0.312657,null,null
0.0179041,null,null,0.102632,null
-0.00133717,null,null,null,0.00271019
0.993017,-0.00486631,null,null,null
-0.201541,null,-0.312657,null,null
0.0179041,null,null,0.102632,null
-0.00133717,null,null,null,0.00271019
0.993024,-0.00881719,null,null,null
-0.16504,null,-0.266499,null,null
-0.000665029,null,null,0.102438,null
-0.00490232,null,null,null,0.0033735
0.992861,-0.0113803,null,null,null
-0.131675,null,-0.185037,null,null
0.0173336,null,null,0.0546934,null
-0.00328044,null,null,null,-0.00377076
0.992861,-0.0113803,null,null,null
-0.131675,null,-0.185037,null,null
0.0173336,null,null,0.0546934,null
-0.00328044,null,null,null,-0.00377076
0.992845,-0.0108613,null,null,null
-0.101336,null,-0.218709,null,null
0.085522,null,null,0.0210145,null
-0.00855462,null,null,null,-0.00129135
0.992845,-0.0108613,null,null,null
-0.101336,null,-0.218709,null,null
0.085522,null,null,0.0210145,null
-0.00855462,null,null,null,-0.00129135
0.992923,-0.0105275,null,null,null
-0.230524,null,-0.187299,null,null
0.122488,null,null,-0.0652386,null
0.000205255,null,null,null,0.00144671
0.992945,-0.0123374,null,null,null
-0.240338,null,-0.169424,null,null
0.0243669,null,null,-0.0364037,null
-0.00213859,null,null,null,-0.00215074
0.992945,-0.0123374,null,null,null
-0.240338,null,-0.169424,null,null
0.0243669,null,null,-0.0364037,null
-0.00213859,null,null,null,-0.00215074
0.992945,-0.0123374,null,null,null
-0.240338,null,-0.169424,null,null
0.0243669,null,null,-0.0364037,null
-0.00213859,null,null,null,-0.00215074
0.992988,-0.00787344,null,null,null
-0.222416,null,-0.139519,null,null
0.125999,null,null,-0.0406716,null
0.00258309,null,null,null,-0.000404876
0.993006,-0.00908675,null,null,null
-0.268576,null,-0.0807244,null,null
0.169098,null,null,-0.110266,null
-0.00454913,null,null,null,0.000749171
0.993045,-0.00916782,null,null,null
-0.192891,null,-0.115077,null,null
0.14668,null,null,-0.0759935,null
-0.00519309,null,null,null,0.00154707
0.993045,-0.00916782,null,null,null
-0.192891,null,-0.115077,null,null
0.14668,null,null,-0.0759935,null
-0.00519309,null,null,null,0.00154707
0.99301,-0.00504001,null,null,null
-0.15557,null,-0.0882141,null,null
0.176766,null,null,-0.0649736,null
-0.0019649,null,null,null,0.00102027
0.99301,-0.00504001,null,null,null
-0.15557,null,-0.0882141,null,null
0.176766,null,null,-0.0649736,null
-0.0019649,null,null,null,0.00102027
0.993061,-0.00450704,null,null,null
-0.146144,null,-0.0978337,null,null
0.176155,null,null,-0.0680874,null
-0.00172645,null,null,null,-0.00224338
0.993124,-0.00752635,null,null,null
-0.0856308,null,-0.140354,null,null
0.111025,null,null,-0.0283032,null
0.00579179,null,null,null,-0.00304012
0.993085,0.00637973,null,null,null
-0.0533445,null,-0.167364,null,null
0.155358,null,null,0.00641258,null
-0.000734828,null,null,null,-0.00223513
0.993085,0.00637973,null,null,null
-0.0533445,null,-0.167364,null,null
0.155358,null,null,0.00641258,null
-0.000734828,null,null,null,-0.00223513
0.993131,0.0016292,null,null,null
-0.10948,null,-0.205602,null,null
0.166694,null,null,-0.0639706,null
-0.00253937,null,null,null,-0.00429697
0.993104,0.00528731,null,null,null
-0.124329,null,-0.167021,null,null
0.100361,null,null,-0.0580665,null
-0.00294606,null,null,null,-0.00042413
0.992969,0.0104648,null,null,null
-0.127224,null,-0.0920101,null,null
0.123689,null,null,-0.130796,null
-0.00148286,null,null,null,-0.00295284
0.993156,0.00699261,null,null,null
-0.131476,null,-0.165285,null,null
0.218622,null,null,-0.118053,null
-0.00118121,null,null,null,-0.0014708
0.99306,0.00499435,null,null,null
-0.155019,null,-0.166519,null,null
0.199039,null,null,-0.153805,null
-0.0008352,null,null,null,0.00258965
0.993106,0.00654904,null,null,null
-0.179689,null,-0.202992,null,null
0.188371,null,null,-0.0697125,null
-0.00652548,null,null,null,0.000575926
0.993106,0.00654904,null,null,null
-0.179689,null,-0.202992,null,null
0.188371,null,null,-0.0697125,null
-0.00652548,null,null,null,0.000575926
0.993161,0.00277619,null,null,null
-0.186835,null,-0.196879,null,null
0.177146,null,null,-0.0788995,null
-0.00435856,null,null,null,-0.00129125
0.993,0.00251546,null,null,null
-0.098841,null,-0.176333,null,null
0.112311,null,null,0.0275682,null
6.92914e-05,null,null,null,-0.00343731
0.993096,-0.00180182,null,null,null
-0.125305,null,-0.198225,null,null
0.0911835,null,null,-0.0516751,null
-0.00217797,null,null,null,0.000651285
0.99304,-0.00442097,null,null,null
-0.155847,null,-0.156957,null,null
0.0566162,null,null,-0.101028,null
-0.00308181,null,null,null,0.00140655
0.993125,-0.00170388,null,null,null
-0.091299,null,-0.0804202,null,null
0.0709749,null,null,-0.0941019,null
0.00301418,null,null,null,0.00528481
0.993125,-0.00170388,null,null,null
-0.091299,null,-0.0804202,null,null
0.0709749,null,null,-0.0941019,null
0.00301418,null,null,null,0.00528481
0.993125,-0.00170388,null,null,null
-0.091299,null,-0.0804202,null,null
0.0709749,null,null,-0.0941019,null
0.00301418,null,null,null,0.00528481
0.993179,-0.00449248,null,null,null
-0.0832848,null,-0.0917911,null,null
0.0948332,null,null,-0.0675311,null
0.00725419,null,null,null,0.00133779
0.993116,0.000410634,null,null,null
-0.124009,null,-0.108489,null,null
0.0836978,null,null,-0.035146,null
0.00669294,null,null,null,-0.00238624
0.99314,0.000822879,null,null,null
-0.112598,null,-0.0708047,null,null
0.122001,null,null,-0.0486386,null
0.000922264,null,null,null,0.00104029
0.992999,0.00357501,null,null,null
-0.0965596,null,-0.08227,null,null
0.0726469,null,null,-0.129526,null
-0.000587716,null,null,null,-0.000551437
0.992999,0.00357501,null,null,null
-0.0965596,null,-0.08227,null,null
0.0726469,null,null,-0.129526,null
-0.000587716,null,null,null,-0.000551437
0.992855,0.00562466,null,null,null
-0.0179765,null,-0.120508,null,null
0.0731423,null,null,-0.0950809,null
0.00244981,null,null,null,-0.00126221
0.993009,0.00504426,null,null,null
-0.0310305,null,-0.0406123,null,null
0.0443099,null,null,-0.0462933,null
-0.00273314,null,null,null,0.00293342
0.993046,0.00800049,null,null,null
-0.0126604,null,-0.121388,null,null
0.0968909,null,null,-0.0807571,null
-0.00436955,null,null,null,0.0026609
0.993,0.0107536,null,null,null
-0.0824615,null,-0.122492,null,null
0.0738889,null,null,-0.0894981,null
-0.00297655,null,null,null,0.000229388
0.992797,0.0141595,null,null,null
-0.0378233,null,-0.144209,null,null
0.102815,null,null,-0.117944,null
0.00288944,null,null,null,0.0027574
0.99266,0.0192646,null,null,null
-0.0840236,null,-0.200835,null,null
0.0208741,null,null,-0.214778,null
0.00114961,null,null,null,0.000776469
0.99266,0.0192646,null,null,null
-0.0840236,null,-0.200835,null,null
0.0208741,null,null,-0.214778,null
0.00114961,null,null,null,0.000776469
0.992716,0.0213321,null,null,null
-0.112926,null,-0.256189,null,null
0.0847141,null,null,-0.225798,null
0.00257817,null,null,null,-0.0095316
0.992445,0.0254506,null,null,null
-0.150061,null,-0.2249,null,null
0.129621,null,null,-0.193374,null
0.000145415,null,null,null,-0.00410636
0.992309,0.0257348,null,null,null
-0.160365,null,-0.20977,null,null
0.14285,null,null,-0.198009,null
0.000569678,null,null,null,-0.00117258
0.992634,0.0219921,null,null,null
-0.146868,null,-0.299963,null,null
0.202891,null,null,-0.227085,null
0.00212432,null,null,null,0.000367549
0.992634,0.0219921,null,null,null
-0.146868,null,-0.299963,null,null
0.202891,null,null,-0.227085,null
0.00212432,null,null,null,0.000367549
0.992725,0.0173669,null,null,null
-0.0884763,null,-0.289407,null,null
0.169629,null,null,-0.256196,null
0.00464306,null,null,null,0.00193588
0.992725,0.0173669,null,null,null
-0.0884763,null,-0.289407,null,null
0.169629,null,null,-0.256196,null
0.00464306,null,null,null,0.00193588
0.992811,0.0162215,null,null,null
-0.0934907,null,-0.240649,null,null
0.157456,null,null,-0.300985,null
0.00149301,null,null,null,0.0030471
0.99282,0.0142737,null,null,null
-0.0854827,null,-0.227321,null,null
0.177388,null,null,-0.303534,null
0.0014127,null,null,null,0.00126153
0.99282,0.0142737,null,null,null
-0.0854827,null,-0.227321,null,null
0.177388,null,null,-0.303534,null
0.0014127,null,null,null,0.00126153
0.99288,0.0114393,null,null,null
-0.0984056,null,-0.180634,null,null
0.2162,null,null,-0.282674,null
0.0060425,null,null,null,0.000438723
0.992784,0.00722593,null,null,null
-0.136866,null,-0.17983,null,null
0.144772,null,null,-0.335829,null
0.0031745,null,null,null,-0.00167468
0.992971,0.00501994,null,null,null
-0.14605,null,-0.223335,null,null
0.186837,null,null,-0.33285,null
0.000292184,null,null,null,-0.000254046
0.992871,-0.00280921,null,null,null
-0.141783,null,-0.206355,null,null
0.12001,null,null,-0.367755,null
0.00202366,null,null,null,-0.0043827
0.99282,-0.00531256,null,null,null
-0.16002,null,-0.155209,null,null
0.0756742,null,null,-0.396321,null
0.00129884,null,null,null,0.00307034
0.992748,-0.00907245,null,null,null
-0.235371,null,-0.130856,null,null
0.0724475,null,null,-0.38715,null
-0.00248682,null,null,null,0.00244276
0.992961,-0.00759643,null,null,null
-0.176575,null,-0.26609,null,null
0.0421824,null,null,-0.323864,null
0.00209502,null,null,null,0.00404244
0.992838,-0.00254712,null,null,null
-0.171561,null,-0.212888,null,null
0.0224975,null,null,-0.309468,null
0.00356241,null,null,null,0.000163499
0.992958,0.00237984,null,null,null
-0.180985,null,-0.169559,null,null
0.0538377,null,null,-0.32182,null
0.00506103,null,null,null,-0.00111761
0.993073,0.00218889,null,null,null
-0.177825,null,-0.132041,null,null
0.0542681,null,null,-0.29276,null
0.00140828,null,null,null,0.00564626
0.993073,0.00218889,null,null,null
-0.177825,null,-0.132041,null,null
0.0542681,null,null,-0.29276,null
0.00140828,null,null,null,0.00564626
0.992914,0.00610755,null,null,null
-0.237788,null,-0.0163508,null,null
0.020549,null,null,-0.21707,null
-0.000764934,null,null,null,0.00505006
0.992914,0.00610755,null,null,null
-0.237788,null,-0.0163508,null,null
0.020549,null,null,-0.21707,null
-0.000764934,null,null,null,0.00505006
0.993091,0.000659884,null,null,null
-0.223986,null,-0.101068,null,null
0.0229253,null,null,-0.178382,null
-0.00372459,null,null,null,-6.34546e-05
0.993077,0.00568122,null,null,null
-0.239948,null,-0.0695881,null,null
-0.0590688,null,null,-0.11459,null
-0.00358245,null,null,null,-0.00473406
0.993077,0.00568122,null,null,null
-0.239948,null,-0.0695881,null,null
-0.0590688,null,null,-0.11459,null
-0.00358245,null,null,null,-0.00473406
0.992958,0.003792,null,null,null
-0.251245,null,-0.0637655,null,null
-0.115237,null,null,-0.130391,null
-0.00947749,null,null,null,-0.000112086
0.99302,0.00473184,null,null,null
-0.282481,null,0.026929,null,null
-0.120414,null,null,-0.155684,null
-0.00571844,null,null,null,-0.00186355
0.99305,-6.2408e-06,null,null,null
-0.2221,null,0.110692,null,null
-0.140549,null,null,-0.193796,null
0.000322658,null,null,null,-0.00238489
0.992951,-0.00675282,null,null,null
-0.235361,null,0.0520529,null,null
-0.110097,null,null,-0.12588,null
-2.0284e-05,null,null,null,0.00340625
0.992951,-0.00675282,null,null,null
-0.235361,null,0.0520529,null,null
-0.110097,null,null,-0.12588,null
-2.0284e-05,null,null,null,0.00340625
0.992995,-0.012734,null,null,null
-0.236219,null,0.0269554,null,null
-0.154732,null,null,-0.116379,null
0.00371331,null,null,null,-0.00411877
0.992961,-0.00945985,null,null,null
-0.22624,null,0.077384,null,null
-0.120446,null,null,-0.15889,null
-0.000781404,null,null,null,-0.00250358
0.993053,-0.0125486,null,null,null
-0.30128,null,0.0698346,null,null
-0.125176,null,null,-0.114683,null
-0.000761241,null,null,null,-0.00551879
0.992803,-0.0214541,null,null,null
-0.385734,null,0.144391,null,null
-0.159928,null,null,-0.174363,null
0.0038174,null,null,null,-0.000199282
0.99283,-0.0237766,null,null,null
-0.327791,null,0.143302,null,null
-0.0933321,null,null,-0.161637,null
0.00302064,null,null,null,-0.00639205
0.992675,-0.026301,null,null,null
-0.304694,null,0.0683489,null,null
-0.106317,null,null,-0.173168,null
0.00374454,null,null,null,-0.00535413
0.992609,-0.0250865,null,null,null
-0.238728,null,0.0240922,null,null
-0.102455,null,null,-0.155435,null
0.00998521,null,null,null,-0.00754974
0.99227,-0.0316382,null,null,null
-0.203613,null,0.0189394,null,null
-0.089653,null,null,-0.130526,null
0.00176366,null,null,null,-0.0005383
0.99227,-0.0316382,null,null,null
-0.203613,null,0.0189394,null,null
-0.089653,null,null,-0.130526,null
0.00176366,null,null,null,-0.0005383
0.992182,-0.035516,null,null,null
-0.204706,null,0.0353114,null,null
-0.100245,null,null,-0.18733,null
0.00116452,null,null,null,0.00336805
0.992182,-0.035516,null,null,null
-0.204706,null,0.0353114,null,null
-0.100245,null,null,-0.18733,null
0.00116452,null,null,null,0.00336805
0.992339,-0.0297714,null,null,null
-0.271238,null,0.0210718,null,null
-0.101814,null,null,-0.198195,null
0.00283782,null,null,null,-0.000926281
0.992339,-0.0297714,null,null,null
-0.271238,null,0.0210718,null,null
-0.101814,null,null,-0.198195,null
0.00283782,null,null,null,-0.000926281
0.992452,-0.0279147,null,null,null
-0.309563,null,0.0701704,null,null
-0.1105,null,null,-0.154193,null
-0.000250881,null,null,null,0.00745814
0.992619,-0.0225261,null,null,null
-0.365368,null,0.109004,null,null
-0.0924725,null,null,-0.152897,null
-0.00342834,null,null,null,0.0070905
0.992386,-0.0208434,null,null,null
-0.361456,null,0.065236,null,null
-0.122165,null,null,-0.179028,null
-0.00718876,null,null,null,0.00289455
0.992618,-0.0163902,null,null,null
-0.339361,null,0.0926409,null,null
-0.166362,null,null,-0.10931,null
-0.00891365,null,null,null,-0.00408915
0.992559,-0.0166085,null,null,null
-0.280109,null,0.0836875,null,null
-0.221081,null,null,-0.0959258,null
-0.00133986,null,null,null,-0.000617007
0.992559,-0.0166085,null,null,null
-0.280109,null,0.0836875,null,null
-0.221081,null,null,-0.0959258,null
-0.00133986,null,null,null,-0.000617007
0.99268,-0.0155494,null,null,null
-0.263034,null,0.144476,null,null
-0.184255,null,null,-0.139319,null
0.00209193,null,null,null,0.00333249
0.99268,-0.0155494,null,null,null
-0.263034,null,0.144476,null,null
-0.184255,null,null,-0.139319,null
0.00209193,null,null,null,0.00333249
0.992672,-0.0104067,null,null,null
-0.320962,null,0.0662094,null,null
-0.139543,null,null,-0.0665608,null
-0.00182321,null,null,null,1.83494e-05
0.992607,-0.00964551,null,null,null
-0.330128,null,0.112185,null,null
-0.148657,null,null,-0.0782638,null
0.000391734,null,null,null,-0.0019196
0.99281,-0.00538259,null,null,null
-0.408068,null,0.140973,null,null
-0.136936,null,null,-0.0585086,null
0.00182914,null,null,null,-0.00377897
0.992961,-0.00434478,null,null,null
-0.386191,null,0.148688,null,null
-0.129056,null,null,-0.00461833,null
-0.000341505,null,null,null,-0.00539779
0.992786,-0.00680255,null,null,null
-0.413361,null,0.212769,null,null
-0.151931,null,null,-0.0367325,null
0.00453871,null,null,null,-0.00176181
0.992899,-0.00200789,null,null,null
-0.482826,null,0.134577,null,null
-0.195355,null,null,-0.0790151,null
0.0044848,null,null,null,-0.00386902
0.992748,0.00061643,null,null,null
-0.428,null,0.12797,null,null
-0.175101,null,null,-0.129019,null
-0.00100512,null,null,null,0.000856729
0.992707,-0.00817091,null,null,null
-0.42771,null,0.178487,null,null
-0.201767,null,null,-0.0368812,null
-0.00369149,null,null,null,-0.00100074
0.992739,-0.00894479,null,null,null
-0.375299,null,0.0903097,null,null
-0.213246,null,null,-0.0633949,null
-0.00289398,null,null,null,-0.00217226
0.992739,-0.00894479,null,null,null
-0.375299,null,0.0903097,null,null
-0.213246,null,null,-0.0633949,null
-0.00289398,null,null,null,-0.00217226
0.99275,-0.00509165,null,null,null
-0.377216,null,0.0919308,null,null
-0.245429,null,null,-0.0314076,null
-0.00271623,null,null,null,0.00228125
0.992919,-0.00610834,null,null,null
-0.39714,null,0.0739252,null,null
-0.230726,null,null,-0.0326201,null
-0.0056596,null,null,null,-0.00226379
0.992784,-0.00657041,null,null,null
-0.376529,null,0.0564809,null,null
-0.179634,null,null,-0.0298388,null
-0.00528089,null,null,null,-0.000471334
0.992784,-0.00657041,null,null,null
-0.376529,null,0.0564809,null,null
-0.179634,null,null,-0.0298388,null
-0.00528089,null,null,null,-0.000471334
0.992876,-0.000789521,null,null,null
-0.353844,null,0.0013109,null,null
-0.151294,null,null,-0.0547448,null
-0.00653379,null,null,null,-0.00311676
0.992831,-0.00258927,null,null,null
-0.33441,null,0.0443976,null,null
-0.272701,null,null,-0.061655,null
-0.00416607,null,null,null,-0.00394985
0.993,0.000143869,null,null,null
-0.295133,null,0.0858962,null,null
-0.2927,null,null,-0.0799509,null
-0.00155314,null,null,null,0.0021888
0.993067,0.00145059,null,null,null
-0.264684,null,0.127391,null,null
-0.289585,null,null,-0.107065,null
0.000526123,null,null,null,0.00424971
0.993216,-0.00132644,null,null,null
-0.299746,null,0.0760332,null,null
-0.235959,null,null,-0.13531,null
0.000195862,null,null,null,0.000424381
0.993121,-0.00805329,null,null,null
-0.349341,null,0.0913224,null,null
-0.289034,null,null,-0.184729,null
0.000945437,null,null,null,-0.00521199
0.993121,-0.00805329,null,null,null
-0.349341,null,0.0913224,null,null
-0.289034,null,null,-0.184729,null
0.000945437,null,null,null,-0.00521199
0.993232,-0.00587821,null,null,null
-0.340901,null,0.0561502,null,null
-0.341841,null,null,-0.160869,null
0.00172313,null,null,null,-0.00278519
0.993232,-0.00587821,null,null,null
-0.340901,null,0.0561502,null,null
-0.341841,null,null,-0.160869,null
0.00172313,null,null,null,-0.00278519
0.993209,-0.00834965,null,null,null
-0.34706,null,0.0658649,null,null
-0.314123,null,null,-0.17337,null
-0.000110987,null,null,null,-0.00122945
0.993045,-0.0103393,null,null,null
-0.319636,null,0.0764919,null,null
-0.259302,null,null,-0.143454,null
0.00348496,null,null,null,0.000583065
0.992985,-0.00504354,null,null,null
-0.315252,null,0.0975396,null,null
-0.25919,null,null,-0.146342,null
0.000861635,null,null,null,0.00121155
0.992731,-0.00746529,null,null,null
-0.275882,null,0.103784,null,null
-0.256031,null,null,-0.132785,null
-0.00245306,null,null,null,0.00185713
0.992769,-0.0122709,null,null,null
-0.302724,null,0.0976994,null,null
-0.260091,null,null,-0.159192,null
-0.00396181,null,null,null,-0.0030332
0.992869,-0.00654078,null,null,null
-0.289592,null,0.115227,null,null
-0.253419,null,null,-0.13273,null
9.57133e-05,null,null,null,-0.00278283
0.992879,-0.00884084,null,null,null
-0.363045,null,0.171269,null,null
-0.262241,null,null,-0.137939,null
0.00149186,null,null,null,0.00338574
0.992879,-0.00884084,null,null,null
-0.363045,null,0.171269,null,null
-0.262241,null,null,-0.137939,null
0.00149186,null,null,null,0.00338574
0.992939,-0.0131608,null,null,null
-0.345311,null,0.212201,null,null
-0.256891,null,null,-0.101974,null
-0.00131049,null,null,null,-0.00295704
0.992939,-0.0131608,null,null,null
-0.345311,null,0.212201,null,null
-0.256891,null,null,-0.101974,null
-0.00131049,null,null,null,-0.00295704
0.992939,-0.0131608,null,null,null
-0.345311,null,0.212201,null,null
-0.256891,null,null,-0.101974,null
-0.00131049,null,null,null,-0.00295704
0.992909,-0.0167416,null,null,null
-0.302255,null,0.235449,null,null
-0.286183,null,null,-0.138135,null
-0.00338679,null,null,null,0.00151278
0.992909,-0.0167416,null,null,null
-0.302255,null,0.235449,null,null
-0.286183,null,null,-0.138135,null
-0.00338679,null,null,null,0.00151278
0.993041,-0.0132696,null,null,null
-0.270576,null,0.27789,null,null
-0.313671,null,null,-0.186419,null
0.00158156,null,null,null,-4.54021e-05
0.993041,-0.0132696,null,null,null
-0.270576,null,0.27789,null,null
-0.313671,null,null,-0.186419,null
0.00158156,null,null,null,-4.54021e-05
0.99289,-0.0117922,null,null,null
-0.211684,null,0.260757,null,null
-0.264756,null,null,-0.159883,null
-0.00176051,null,null,null,0.00250434
0.99301,-0.00720505,null,null,null
-0.196421,null,0.235533,null,null
-0.31177,null,null,-0.16378,null
-0.0021543,null,null,null,0.00904709
0.99298,-0.00852738,null,null,null
-0.208984,null,0.280367,null,null
-0.31629,null,null,-0.22515,null
0.00244671,null,null,null,0.00453128
0.99298,-0.00852738,null,null,null
-0.208984,null,0.280367,null,null
-0.31629,null,null,-0.22515,null
0.00244671,null,null,null,0.00453128
0.99301,-0.00195571,null,null,null
-0.199305,null,0.202594,null,null
-0.267834,null,null,-0.186966,null
-0.00721223,null,null,null,0.00378454
0.993216,0.000472809,null,null,null
-0.18607,null,0.216755,null,null
-0.210004,null,null,-0.153175,null
0.00241066,null,null,null,0.000691754
0.993216,0.000472809,null,null,null
-0.18607,null,0.216755,null,null
-0.210004,null,null,-0.153175,null
0.00241066,null,null,null,0.000691754
0.993102,0.00454202,null,null,null
-0.125817,null,0.290905,null,null
-0.252706,null,null,-0.147737,null
0.00444483,null,null,null,-0.00308014
0.993011,0.00382416,null,null,null
-0.0864026,null,0.241281,null,null
-0.217976,null,null,-0.156446,null
0.00454123,null,null,null,0.00129927
0.993004,0.00204468,null,null,null
-0.0591261,null,0.258281,null,null
-0.239207,null,null,-0.18709,null
-0.000572361,null,null,null,-0.0058229
0.993004,0.00204468,null,null,null
-0.0591261,null,0.258281,null,null
-0.239207,null,null,-0.18709,null
-0.000572361,null,null,null,-0.0058229
0.992955,-0.00400941,null,null,null
-0.137754,null,0.243104,null,null
-0.238242,null,null,-0.17919,null
0.00115215,null,null,null,-0.00740936
0.993038,-0.000443205,null,null,null
-0.147278,null,0.27908,null,null
-0.324304,null,null,-0.174376,null
-0.00144634,null,null,null,-0.0035798
0.992944,-0.00349246,null,null,null
-0.0975786,null,0.227545,null,null
-0.296309,null,null,-0.219875,null
-0.0019421,null,null,null,-0.00626415
0.993045,-0.00436319,null,null,null
-0.0654789,null,0.266093,null,null
-0.331587,null,null,-0.187817,null
0.00273223,null,null,null,0.00469147
0.993005,-0.0100364,null,null,null
-0.0937633,null,0.277456,null,null
-0.284704,null,null,-0.26795,null
0.000951471,null,null,null,0.000414575
0.992932,-0.00962984,null,null,null
-0.0626291,null,0.263906,null,null
-0.251785,null,null,-0.268314,null
-0.00506721,null,null,null,0.000721281
0.992989,-0.00660188,null,null,null
-0.0297423,null,0.247251,null,null
-0.257226,null,null,-0.2726,null
-0.00772882,null,null,null,-1.90809e-05
0.992896,-0.00660469,null,null,null
0.00586503,null,0.2616,null,null
-0.262763,null,null,-0.341801,null
-0.00172897,null,null,null,-0.00241165
0.992896,-0.00660469,null,null,null
0.00586503,null,0.2616,null,null
-0.262763,null,null,-0.341801,null
-0.00172897,null,null,null,-0.00241165
0.992985,0.000909516,null,null,null
0.0763185,null,0.258761,null,null
-0.259313,null,null,-0.330863,null
-0.00215324,null,null,null,-0.00350389
0.992691,-0.00625151,null,null,null
0.0655499,null,0.260427,null,null
-0.239077,null,null,-0.24621,null
0.00191201,null,null,null,-0.00558914
0.992705,-0.00251477,null,null,null
0.00161539,null,0.238364,null,null
-0.234141,null,null,-0.252115,null
0.00424303,null,null,null,-0.000343051
0.992705,-0.00251477,null,null,null
0.00161539,null,0.238364,null,null
-0.234141,null,null,-0.252115,null
0.00424303,null,null,null,-0.000343051
0.992705,-0.00251477,null,null,null
0.00161539,null,0.238364,null,null
-0.234141,null,null,-0.252115,null
0.00424303,null,null,null,-0.000343051
0.992705,-0.00251477,null,null,null
0.00161539,null,0.238364,null,null
-0.234141,null,null,-0.252115,null
0.00424303,null,null,null,-0.000343051
0.992775,-0.00291379,null,null,null
-0.0395806,null,0.219515,null,null
-0.190014,null,null,-0.256968,null
0.00133311,null,null,null,-0.000607205
0.992874,-0.00114621,null,null,null
-0.00248465,null,0.254354,null,null
-0.142614,null,null,-0.196433,null
0.000383039,null,null,null,0.00189463
0.992883,-0.00268313,null,null,null
0.0376182,null,0.288811,null,null
-0.112979,null,null,-0.189396,null
0.000779147,null,null,null,-0.00509044
0.99288,-0.00242166,null,null,null
0.02174,null,0.322914,null,null
-0.132162,null,null,-0.187023,null
0.000692566,null,null,null,0.00161084
0.992807,-0.00338879,null,null,null
0.0487451,null,0.239711,null,null
-0.139019,null,null,-0.134621,null
-0.00346559,null,null,null,0.000699321
0.992951,-0.00598455,null,null,null
0.0518284,null,0.261622,null,null
-0.129761,null,null,-0.141322,null
0.000930826,null,null,null,-0.00217311
0.992974,-0.00532949,null,null,null
0.0479715,null,0.278732,null,null
-0.232756,null,null,-0.186439,null
0.00220395,null,null,null,-0.000745626
0.992974,-0.00532949,null,null,null
0.0479715,null,0.278732,null,null
-0.232756,null,null,-0.186439,null
0.00220395,null,null,null,-0.000745626
0.993069,-0.00666402,null,null,null
0.0194124,null,0.288684,null,null
-0.145918,null,null,-0.170249,null
0.00182048,null,null,null,0.00581554
0.99308,-0.00804667,null,null,null
0.0266219,null,0.238021,null,null
-0.173657,null,null,-0.235485,null
0.00161407,null,null,null,-0.00158131
0.992992,-0.00209164,null,null,null
0.0818713,null,0.190332,null,null
-0.163799,null,null,-0.209528,null
0.00384135,null,null,null,-0.00212475
0.992904,0.00278128,null,null,null
-0.0193042,null,0.134675,null,null
-0.130367,null,null,-0.221576,null
0.0125339,null,null,null,-8.44574e-05
0.993099,0.00267241,null,null,null
0.0193583,null,0.242599,null,null
-0.170714,null,null,-0.273586,null
0.0051283,null,null,null,-6.82988e-05
0.993141,0.00166404,null,null,null
-0.0465817,null,0.252057,null,null
-0.141789,null,null,-0.299001,null
0.000672037,null,null,null,0.0050418
0.993104,0.000259499,null,null,null
-0.0105092,null,0.193081,null,null
-0.111026,null,null,-0.325511,null
-0.000989094,null,null,null,0.00654331
0.993165,0.00174476,null,null,null
0.0100728,null,0.286857,null,null
-0.216358,null,null,-0.31774,null
-0.00231316,null,null,null,0.000747606
0.993055,-0.00497268,null,null,null
0.0157681,null,0.220645,null,null
-0.232245,null,null,-0.329301,null
0.00192004,null,null,null,0.00214355
0.992984,-0.00374027,null,null,null
0.0400542,null,0.225848,null,null
-0.209765,null,null,-0.312113,null
0.00153844,null,null,null,0.00533208
0.992904,0.00588581,null,null,null
0.0985135,null,0.206462,null,null
-0.149405,null,null,-0.288496,null
0.00024971,null,null,null,0.000422917
0.992839,0.00568141,null,null,null
0.0955221,null,0.230148,null,null
-0.179926,null,null,-0.28851,null
-0.00197554,null,null,null,0.0035073
0.992981,0.0101893,null,null,null
0.171841,null,0.190436,null,null
-0.21816,null,null,-0.232954,null
-0.00307176,null,null,null,-0.000518207
0.992739,0.00581524,null,null,null
0.166941,null,0.18493,null,null
-0.21948,null,null,-0.270547,null
0.00365409,null,null,null,0.00157829
0.992916,0.00559678,null,null,null
0.118258,null,0.153095,null,null
-0.170941,null,null,-0.298038,null
0.000452037,null,null,null,-0.00694568
0.992916,0.00559678,null,null,null
0.118258,null,0.153095,null,null
-0.170941,null,null,-0.298038,null
0.000452037,null,null,null,-0.00694568
0.992833,0.0119889,null,null,null
0.10171,null,0.156938,null,null
-0.168041,null,null,-0.326713,null
0.00337602,null,null,null,0.00485994
0.992692,0.0111801,null,null,null
0.0928758,null,0.126856,null,null
-0.0595526,null,null,-0.358872,null
0.00101848,null,null,null,-0.000114057
0.992637,0.0156808,null,null,null
0.144352,null,0.162384,null,null
0.0563302,null,null,-0.316875,null
0.00136854,null,null,null,0.00335215
0.992771,0.0126525,null,null,null
0.0606409,null,0.136793,null,null
0.0212154,null,null,-0.326053,null
0.00206059,null,null,null,0.0033771
0.992771,0.0126525,null,null,null
0.0606409,null,0.136793,null,null
0.0212154,null,null,-0.326053,null
0.00206059,null,null,null,0.0033771
0.992771,0.0126525,null,null,null
0.0606409,null,0.136793,null,null
0.0212154,null,null,-0.326053,null
0.00206059,null,null,null,0.0033771
0.992789,0.0144466,null,null,null
0.110478,null,0.245622,null,null
-0.0246494,null,null,-0.278276,null
0.0031557,null,null,null,-0.00651204
0.992789,0.0144466,null,null,null
0.110478,null,0.245622,null,null
-0.0246494,null,null,-0.278276,null
0.0031557,null,null,null,-0.00651204
0.992841,0.0120452,null,null,null
0.135676,null,0.25827,null,null
-0.0855801,null,null,-0.229942,null
0.00186192,null,null,null,-0.00272163
0.99292,0.00881941,null,null,null
0.127654,null,0.278175,null,null
-0.0551906,null,null,-0.192724,null
-5.57713e-06,null,null,null,-0.0026557
0.99268,0.0129489,null,null,null
0.131615,null,0.304531,null,null
-0.0874086,null,null,-0.278736,null
0.00110085,null,null,null,-0.00634564
0.99268,0.0129489,null,null,null
0.131615,null,0.304531,null,null
-0.0874086,null,null,-0.278736,null
0.00110085,null,null,null,-0.00634564
0.992856,0.013737,null,null,null
0.0997958,null,0.340621,null,null
-0.00570577,null,null,-0.26807,null
-0.00720262,null,null,null,0.000478258
0.992888,0.00573813,null,null,null
0.0624545,null,0.303901,null,null
-0.0746599,null,null,-0.297388,null
-0.00536591,null,null,null,0.0046664
0.992891,0.00940333,null,null,null
0.00142594,null,0.298184,null,null
-0.0746995,null,null,-0.274896,null
-0.000847682,null,null,null,0.00194324
0.993061,0.00782343,null,null,null
-0.0222038,null,0.272398,null,null
-0.0363108,null,null,-0.381593,null
0.000521229,null,null,null,0.00371189
0.992946,0.0109022,null,null,null
-0.00497735,null,0.250139,null,null
0.00737237,null,null,-0.31804,null
-0.00487978,null,null,null,-0.00543072
0.993088,0.00968477,null,null,null
-0.0264476,null,0.266946,null,null
-0.0273378,null,null,-0.325469,null
-0.00212584,null,null,null,-0.00255385
0.992944,0.00798781,null,null,null
-0.0218119,null,0.231281,null,null
0.0182559,null,null,-0.356534,null
-0.000506965,null,null,null,0.00503166
0.992944,0.00798781,null,null,null
-0.0218119,null,0.231281,null,null
0.0182559,null,null,-0.356534,null
-0.000506965,null,null,null,0.00503166
0.992946,0.0097972,null,null,null
-0.045205,null,0.214989,null,null
-0.0121533,null,null,-0.335974,null
0.00735377,null,null,null,-0.00478106
0.99286,0.0149695,null,null,null
-0.0265729,null,0.208639,null,null
0.0209823,null,null,-0.36145,null
-0.00312707,null,null,null,-0.00567671
0.992906,0.0145835,null,null,null
-0.0743231,null,0.270078,null,null
0.0572974,null,null,-0.4088,null
-0.00407435,null,null,null,-0.00565904
0.992774,0.00704878,null,null,null
-0.0729081,null,0.244413,null,null
0.0875781,null,null,-0.353349,null
-0.00488495,null,null,null,0.00178834
0.992962,0.00762946,null,null,null
-0.0570073,null,0.219706,null,null
0.00508703,null,null,-0.372099,null
-0.000563599,null,null,null,-0.003877
0.992945,0.00809558,null,null,null
-0.0834445,null,0.284232,null,null
-0.0613585,null,null,-0.431883,null
0.000111097,null,null,null,-0.00487149
0.992871,0.00886293,null,null,null
-0.054727,null,0.267995,null,null
-0.0842163,null,null,-0.406342,null
0.0029209,null,null,null,-0.00511922
0.993015,0.0104121,null,null,null
-0.0953728,null,0.312872,null,null
-0.108451,null,null,-0.31463,null
0.0021187,null,null,null,-0.00397935
0.993015,0.0104121,null,null,null
-0.0953728,null,0.312872,null,null
-0.108451,null,null,-0.31463,null
0.0021187,null,null,null,-0.00397935
0.992924,0.0128708,null,null,null
-0.126589,null,0.284191,null,null
-0.106533,null,null,-0.310117,null
0.00329475,null,null,null,-0.00318667
0.99274,0.0179251,null,null,null
-0.150567,null,0.335694,null,null
-0.106943,null,null,-0.255946,null
0.00490574,null,null,null,-0.00839848
0.99288,0.017516,null,null,null
-0.139235,null,0.392448,null,null
-0.111716,null,null,-0.216724,null
0.00526469,null,null,null,-0.0070105
0.992865,0.016401,null,null,null
-0.196318,null,0.411151,null,null
-0.085153,null,null,-0.200459,null
0.00415303,null,null,null,-0.000602673
0.992783,0.0151704,null,null,null
-0.238665,null,0.298596,null,null
-0.114532,null,null,-0.180294,null
0.00041262,null,null,null,0.00130032
0.992783,0.0151704,null,null,null
-0.238665,null,0.298596,null,null
-0.114532,null,null,-0.180294,null
0.00041262,null,null,null,0.00130032
0.992811,0.0129614,null,null,null
-0.166699,null,0.295525,null,null
-0.128128,null,null,-0.192733,null
0.00129496,null,null,null,0.002873
0.992926,0.0110968,null,null,null
-0.166584,null,0.273661,null,null
-0.190721,null,null,-0.196235,null
0.00451535,null,null,null,-0.0058905
0.992725,0.0187823,null,null,null
-0.263184,null,0.317476,null,null
-0.128982,null,null,-0.14863,null
0.00226025,null,null,null,-0.00276862
0.99273,0.0214564,null,null,null
-0.311501,null,0.292743,null,null
-0.162326,null,null,-0.16105,null
0.00139543,null,null,null,0.00464702
0.99273,0.0214564,null,null,null
-0.311501,null,0.292743,null,null
-0.162326,null,null,-0.16105,null
0.00139543,null,null,null,0.00464702
0.992765,0.0227251,null,null,null
-0.310777,null,0.272391,null,null
-0.127059,null,null,-0.079457,null
-0.000617282,null,null,null,0.00398161
0.992806,0.0243837,null,null,null
-0.345479,null,0.303045,null,null
-0.162466,null,null,-0.10987,null
0.000144725,null,null,null,0.00779886
0.992912,0.0180926,null,null,null
-0.492102,null,0.223274,null,null
-0.155361,null,null,-0.162272,null
-0.00170243,null,null,null,0.00642872
0.992912,0.0180926,null,null,null
-0.492102,null,0.223274,null,null
-0.155361,null,null,-0.162272,null
-0.00170243,null,null,null,0.00642872
0.992877,0.0195481,null,null,null
-0.432011,null,0.175545,null,null
-0.0716591,null,null,-0.176789,null
0.00164584,null,null,null,0.00363238
0.992847,0.021646,null,null,null
-0.406505,null,0.192195,null,null
-0.068566,null,null,-0.220275,null
0.0024819,null,null,null,0.000240065
0.992754,0.0203592,null,null,null
-0.443059,null,0.199105,null,null
-0.077165,null,null,-0.238221,null
-0.00730873,null,null,null,0.000190424
0.992862,0.0148877,null,null,null
-0.370811,null,0.258981,null,null
-0.0798725,null,null,-0.284127,null
-0.00469451,null,null,null,-0.00124343
0.992964,0.00723058,null,null,null
-0.41987,null,0.299175,null,null
-0.109313,null,null,-0.247446,null
-0.00150699,null,null,null,0.00148951
0.993199,0.00509,null,null,null
-0.430972,null,0.187525,null,null
-0.104842,null,null,-0.241754,null
-0.00278273,null,null,null,0.00428296
0.993199,0.00509,null,null,null
-0.430972,null,0.187525,null,null
-0.104842,null,null,-0.241754,null
-0.00278273,null,null,null,0.00428296
0.993199,0.00509,null,null,null
-0.430972,null,0.187525,null,null
-0.104842,null,null,-0.241754,null
-0.00278273,null,null,null,0.00428296
0.993082,0.00234967,null,null,null
-0.431295,null,0.241116,null,null
-0.147519,null,null,-0.169065,null
-0.00355388,null,null,null,-0.000507971
0.992931,0.00184481,null,null,null
-0.464682,null,0.219125,null,null
-0.18429,null,null,-0.243858,null
0.00264151,null,null,null,-0.000422084
0.993023,0.00200563,null,null,null
-0.418464,null,0.143164,null,null
-0.179411,null,null,-0.224774,null
0.0032881,null,null,null,0.000682741
0.992973,-1.0662e-05,null,null,null
-0.420211,null,0.175632,null,null
-0.134385,null,null,-0.233127,null
0.000499121,null,null,null,0.00443981
0.993001,0.0102023,null,null,null
-0.40327,null,0.190608,null,null
-0.163506,null,null,-0.218434,null
0.000521259,null,null,null,-0.00459835
0.992771,0.0163128,null,null,null
-0.391431,null,0.201051,null,null
-0.0988508,null,null,-0.16433,null
0.00142708,null,null,null,-0.00587568
0.992939,0.0156221,null,null,null
-0.386059,null,0.263225,null,null
-0.0697366,null,null,-0.183201,null
-0.000230157,null,null,null,0.000386642
0.992894,0.0109207,null,null,null
-0.417666,null,0.239101,null,null
-0.111625,null,null,-0.23698,null
0.00164821,null,null,null,0.0011722
0.992769,0.0127281,null,null,null
-0.356834,null,0.283477,null,null
-0.17056,null,null,-0.216725,null
-0.000429615,null,null,null,-0.00791259
0.992681,0.0219669,null,null,null
-0.412803,null,0.186796,null,null
-0.237435,null,null,-0.186053,null
0.00169008,null,null,null,-0.00292137
0.992633,0.0271355,null,null,null
-0.414287,null,0.139415,null,null
-0.226849,null,null,-0.185211,null
-0.000986635,null,null,null,0.0054866
0.992762,0.0247785,null,null,null
-0.393084,null,0.133191,null,null
-0.305383,null,null,-0.227557,null
0.0021193,null,null,null,0.000846255
0.992762,0.0247785,null,null,null
-0.393084,null,0.133191,null,null
-0.305383,null,null,-0.227557,null
0.0021193,null,null,null,0.000846255
0.99301,0.0193511,null,null,null
-0.367876,null,0.111783,null,null
-0.244804,null,null,-0.208349,null
-0.00363838,null,null,null,0.00331294
0.99301,0.0193511,null,null,null
-0.367876,null,0.111783,null,null
-0.244804,null,null,-0.208349,null
-0.00363838,null,null,null,0.00331294
0.993008,0.0161382,null,null,null
-0.332795,null,0.134184,null,null
-0.251499,null,null,-0.204086,null
-0.000525703,null,null,null,0.00168011
0.992884,0.0197758,null,null,null
-0.314394,null,0.108327,null,null
-0.32841,null,null,-0.113281,null
-0.00133083,null,null,null,-0.00457871
0.992868,0.0185876,null,null,null
-0.290804,null,0.163181,null,null
-0.334345,null,null,-0.130311,null
0.00350369,null,null,null,-0.00505701
0.992592,0.0263689,null,null,null
-0.327385,null,0.189816,null,null
-0.304531,null,null,-0.196557,null
-0.000777062,null,null,null,0.00302821
0.992592,0.0263689,null,null,null
-0.327385,null,0.189816,null,null
-0.304531,null,null,-0.196557,null
-0.000777062,null,null,null,0.00302821
0.992639,0.0281293,null,null,null
-0.283141,null,0.190376,null,null
-0.365195,null,null,-0.200011,null
0.00139316,null,null,null,-0.00274151
0.992779,0.0153513,null,null,null
-0.351481,null,0.182792,null,null
-0.309383,null,null,-0.174802,null
0.00249565,null,null,null,-0.00213305
0.992779,0.0153513,null,null,null
-0.351481,null,0.182792,null,null
-0.309383,null,null,-0.174802,null
0.00249565,null,null,null,-0.00213305
0.992779,0.0153513,null,null,null
-0.351481,null,0.182792,null,null
-0.309383,null,null,-0.174802,null
0.00249565,null,null,null,-0.00213305
0.992927,0.0106735,null,null,null
-0.311365,null,0.270054,null,null
-0.294436,null,null,-0.162624,null
0.00393131,null,null,null,0.00345325
0.992927,0.0106735,null,null,null
-0.311365,null,0.270054,null,null
-0.294436,null,null,-0.162624,null
0.00393131,null,null,null,0.00345325
0.992927,0.0106735,null,null,null
-0.311365,null,0.270054,null,null
-0.294436,null,null,-0.162624,null
0.00393131,null,null,null,0.00345325
0.992819,0.0111535,null,null,null
-0.362237,null,0.323506,null,null
-0.218575,null,null,-0.190729,null
0.00174581,null,null,null,0.00438231
0.99275,0.0116413,null,null,null
-0.315663,null,0.334356,null,null
-0.259529,null,null,-0.208308,null
-0.000680716,null,null,null,0.00145425
0.992892,0.0110994,null,null,null
-0.381072,null,0.311955,null,null
-0.254402,null,null,-0.203003,null
0.00153068,null,null,null,0.00587569
0.99307,0.00845378,null,null,null
-0.341083,null,0.335231,null,null
-0.21242,null,null,-0.203319,null
0.000751454,null,null,null,0.00194991
0.993109,0.00101834,null,null,null
-0.288847,null,0.367123,null,null
-0.29112,null,null,-0.276907,null
-0.00110967,null,null,null,-0.00171464
0.992918,0.00376702,null,null,null
-0.291801,null,0.30954,null,null
-0.310865,null,null,-0.186723,null
-0.00131136,null,null,null,-0.000632373
0.993136,0.00393417,null,null,null
-0.362829,null,0.325956,null,null
-0.328659,null,null,-0.226036,null
-0.0012137,null,null,null,-0.00706141
0.993031,0.00510551,null,null,null
-0.340881,null,0.36325,null,null
-0.278037,null,null,-0.249193,null
0.00118856,null,null,null,-0.00522886
0.993105,0.00586129,null,null,null
-0.283645,null,0.392775,null,null
-0.217041,null,null,-0.246756,null
0.00175306,null,null,null,-0.00405336
0.992826,0.00641057,null,null,null
-0.278307,null,0.376464,null,null
-0.21318,null,null,-0.233204,null
-0.00413529,null,null,null,-0.00663358
0.993011,0.0093256,null,null,null
-0.241445,null,0.317354,null,null
-0.227868,null,null,-0.134213,null
-0.0021232,null,null,null,-0.000174735
0.993011,0.0093256,null,null,null
-0.241445,null,0.317354,null,null
-0.227868,null,null,-0.134213,null
-0.0021232,null,null,null,-0.000174735
0.992912,0.0107648,null,null,null
-0.27362,null,0.337116,null,null
-0.160861,null,null,-0.168825,null
0.00133519,null,null,null,-0.00855504
0.993009,0.00882998,null,null,null
-0.368155,null,0.306497,null,null
-0.143341,null,null,-0.237299,null
0.00413273,null,null,null,-0.00441361
0.993111,0.00758121,null,null,null
-0.347382,null,0.231093,null,null
-0.168471,null,null,-0.191446,null
0.00368898,null,null,null,0.000873276
0.993173,-0.0012666,null,null,null
-0.399275,null,0.202416,null,null
-0.126836,null,null,-0.183248,null
-0.00136841,null,null,null,0.00283029
0.993066,-0.00289792,null,null,null
-0.390863,null,0.141868,null,null
-0.142737,null,null,-0.116017,null
-0.00322099,null,null,null,0.00197939
0.992992,-0.0015382,null,null,null
-0.299424,null,0.123574,null,null
-0.183386,null,null,-0.0927456,null
-0.00161312,null,null,null,0.0109825
0.993011,-0.00527809,null,null,null
-0.294063,null,0.120462,null,null
-0.0782028,null,null,-0.0731829,null
-0.00214129,null,null,null,0.00105524
0.992999,-0.0127225,null,null,null
-0.348125,null,0.0419354,null,null
-0.158553,null,null,-0.0583642,null
-0.00414469,null,null,null,-0.000845148
0.992999,-0.0127225,null,null,null
-0.348125,null,0.0419354,null,null
-0.158553,null,null,-0.0583642,null
-0.00414469,null,null,null,-0.000845148
0.992799,-0.013131,null,null,null
-0.414706,null,0.00503981,null,null
-0.147375,null,null,-0.137997,null
-0.00539211,null,null,null,0.000605759
0.993035,-0.00916558,null,null,null
-0.335303,null,-0.00713937,null,null
-0.158986,null,null,-0.0652431,null
-0.0022295,null,null,null,-0.000991394
0.993035,-0.00916558,null,null,null
-0.335303,null,-0.00713937,null,null
-0.158986,null,null,-0.0652431,null
-0.0022295,null,null,null,-0.000991394
0.99304,-0.010691,null,null,null
-0.356903,null,0.0286721,null,null
-0.159989,null,null,-0.05283,null
0.000468616,null,null,null,-0.00619789
0.99304,-0.010691,null,null,null
-0.356903,null,0.0286721,null,null
-0.159989,null,null,-0.05283,null
0.000468616,null,null,null,-0.00619789
0.99304,-0.010691,null,null,null
-0.356903,null,0.0286721,null,null
-0.159989,null,null,-0.05283,null
0.000468616,null,null,null,-0.00619789
0.992984,-0.00992505,null,null,null
-0.317974,null,0.0641425,null,null
-0.147437,null,null,-0.062904,null
-0.00469841,null,null,null,0.00307716
0.993017,-0.00832059,null,null,null
-0.329606,null,0.0510623,null,null
-0.17295,null,null,-0.11775,null
-0.00193146,null,null,null,0.00134949
0.992856,-0.0087861,null,null,null
-0.364001,null,0.036884,null,null
-0.174529,null,null,-0.132291,null
-0.00137405,null,null,null,-0.00213081
0.992754,-0.0115245,null,null,null
-0.378283,null,0.0457515,null,null
-0.121036,null,null,-0.145546,null
0.00176305,null,null,null,0.00232411
0.992746,-0.0128885,null,null,null
-0.378871,null,0.117414,null,null
-0.0988138,null,null,-0.0539684,null
0.00299477,null,null,null,0.00261203
0.992729,-0.0117955,null,null,null
-0.397229,null,0.107186,null,null
-0.0876497,null,null,0.0189684,null
0.00411247,null,null,null,-0.00500205
0.992746,-0.0141237,null,null,null
-0.385692,null,0.0952659,null,null
-0.134341,null,null,-0.0501316,null
0.00780521,null,null,null,-0.000981722
0.992746,-0.0141237,null,null,null
-0.385692,null,0.0952659,null,null
-0.134341,null,null,-0.0501316,null
0.00780521,null,null,null,-0.000981722
0.992619,-0.0210536,null,null,null
-0.387182,null,0.105103,null,null
-0.10266,null,null,-0.0395937,null
0.00965962,null,null,null,-0.0066427
0.992696,-0.0158859,null,null,null
-0.446134,null,0.137185,null,null
-0.0788454,null,null,-0.0544205,null
0.00806263,null,null,null,-0.00784553
0.992698,-0.0127343,null,null,null
-0.458813,null,0.0275868,null,null
-0.127518,null,null,-0.0206314,null
0.00453282,null,null,null,-0.0018835
0.992595,-0.0169806,null,null,null
-0.508757,null,-0.00134042,null,null
-0.106916,null,null,-0.0152443,null
-0.000245306,null,null,null,0.00285505
0.992696,-0.0209155,null,null,null
-0.419935,null,0.0269582,null,null
-0.121253,null,null,-0.0534865,null
-0.00258577,null,null,null,-0.000859322
0.992659,-0.0230644,null,null,null
-0.440256,null,-0.0226047,null,null
-0.208129,null,null,-0.0894952,null
-4.29439e-05,null,null,null,0.000553873
0.992659,-0.0230644,null,null,null
-0.440256,null,-0.0226047,null,null
-0.208129,null,null,-0.0894952,null
-4.29439e-05,null,null,null,0.000553873
0.992457,-0.0247285,null,null,null
-0.40876,null,-0.00623944,null,null
-0.213341,null,null,-0.0648791,null
-0.00411139,null,null,null,0.00538144
0.992475,-0.0281349,null,null,null
-0.410641,null,0.0442727,null,null
-0.146382,null,null,-0.0623389,null
0.00107983,null,null,null,-0.00587125
0.992475,-0.0281349,null,null,null
-0.410641,null,0.0442727,null,null
-0.146382,null,null,-0.0623389,null
0.00107983,null,null,null,-0.00587125
0.99221,-0.0361475,null,null,null
-0.418234,null,0.0504607,null,null
-0.147321,null,null,-0.101271,null
0.00187816,null,null,null,-0.00143426
0.992112,-0.0354913,null,null,null
-0.429017,null,0.065644,null,null
-0.121488,null,null,-0.161988,null
0.00159749,null,null,null,0.00172908
0.992481,-0.0294415,null,null,null
-0.448521,null,0.062433,null,null
-0.109906,null,null,-0.0906436,null
-0.00294119,null,null,null,0.00351615
0.992401,-0.0279157,null,null,null
-0.421596,null,0.101956,null,null
-0.0764609,null,null,-0.0240995,null
-0.0018303,null,null,null,0.00564705
0.992484,-0.0289308,null,null,null
-0.418274,null,0.0925108,null,null
-0.0531934,null,null,-0.0431,null
-0.00229829,null,null,null,7.75189e-05
0.992605,-0.0276708,null,null,null
-0.396331,null,0.10329,null,null
-0.0361119,null,null,0.0399497,null
0.000179195,null,null,null,0.00064842
0.992689,-0.0289504,null,null,null
-0.39791,null,0.0817286,null,null
-0.0614268,null,null,0.0226805,null
0.00493121,null,null,null,0.00213123
0.99255,-0.0341142,null,null,null
-0.42589,null,0.0869068,null,null
-0.0796546,null,null,0.004232,null
0.00353196,null,null,null,-0.00123946
0.992289,-0.0355431,null,null,null
-0.38789,null,0.0926379,null,null
-0.0482889,null,null,0.0278709,null
0.00272909,null,null,null,0.00343471
0.992054,-0.0409096,null,null,null
-0.37615,null,0.0716182,null,null
-0.0646355,null,null,0.0788589,null
-0.0030863,null,null,null,-0.000904107
0.991765,-0.0466171,null,null,null
-0.394454,null,0.0492807,null,null
-0.100207,null,null,-0.0363444,null
-0.000405939,null,null,null,-0.00246208
0.991903,-0.0468242,null,null,null
-0.394884,null,0.0560329,null,null
-0.0959299,null,null,-0.0419604,null
0.000147405,null,null,null,-0.00393514
0.992151,-0.0421407,null,null,null
-0.398315,null,0.083717,null,null
-0.0619388,null,null,-0.0501364,null
-0.00593449,null,null,null,-0.000863231
0.992483,-0.0325904,null,null,null
-0.398474,null,0.0705578,null,null
-0.0732156,null,null,-0.0650509,null
-0.0023386,null,null,null,-0.00547925
0.992201,-0.0363019,null,null,null
-0.395242,null,0.0705318,null,null
-0.0136576,null,null,-0.0778539,null
-0.00198444,null,null,null,-0.00164611
0.99249,-0.026949,null,null,null
-0.27367,null,0.0624196,null,null
-0.0598318,null,null,-0.082058,null
-0.00212797,null,null,null,0.00237555
0.9924,-0.0332031,null,null,null
-0.292936,null,0.0959877,null,null
-0.12318,null,null,-0.127275,null
0.0016048,null,null,null,0.00116407
0.9924,-0.0332031,null,null,null
-0.292936,null,0.0959877,null,null
-0.12318,null,null,-0.127275,null
0.0016048,null,null,null,0.00116407
0.992446,-0.029543,null,null,null
-0.283035,null,0.163151,null,null
-0.0594906,null,null,-0.1216,null
-0.00275435,null,null,null,0.000128101
0.992378,-0.0341156,null,null,null
-0.320629,null,0.0386606,null,null
-0.0816554,null,null,-0.188472,null
-0.000307455,null,null,null,0.000991925
0.992409,-0.035987,null,null,null
-0.293772,null,0.138275,null,null
-0.0771142,null,null,-0.172299,null
0.00278104,null,null,null,0.00393089
0.992729,-0.027165,null,null,null
-0.370283,null,0.113671,null,null
-0.111748,null,null,-0.18987,null
-0.00459387,null,null,null,0.00480295
0.992474,-0.028817,null,null,null
-0.364262,null,0.132979,null,null
-0.105443,null,null,-0.118663,null
-0.00225504,null,null,null,-0.00042842
0.992738,-0.0239225,null,null,null
-0.343084,null,0.109538,null,null
-0.130685,null,null,-0.0695288,null
-0.00349295,null,null,null,0.00065292
0.992651,-0.022759,null,null,null
-0.381141,null,0.172999,null,null
-0.0829571,null,null,-0.0879009,null
0.00552895,null,null,null,0.00317406
0.992661,-0.0232357,null,null,null
-0.391944,null,0.117341,null,null
-0.106063,null,null,-0.0940399,null
0.00396403,null,null,null,0.00899026
0.992661,-0.0232357,null,null,null
-0.391944,null,0.117341,null,null
-0.106063,null,null,-0.0940399,null
0.00396403,null,null,null,0.00899026
0.992661,-0.0232357,null,null,null
-0.391944,null,0.117341,null,null
-0.106063,null,null,-0.0940399,null
0.00396403,null,null,null,0.00899026
0.992724,-0.0217038,null,null,null
-0.32174,null,0.0626141,null,null
-0.117266,null,null,-0.101186,null
0.00188952,null,null,null,0.00081619
0.992724,-0.0217038,null,null,null
-0.32174,null,0.0626141,null,null
-0.117266,null,null,-0.101186,null
0.00188952,null,null,null,0.00081619
0.992816,-0.0223285,null,null,null
-0.440341,null,0.021111,null,null
-0.114932,null,null,-0.111601,null
-0.000624446,null,null,null,0.00031543
0.992704,-0.0199189,null,null,null
-0.4215,null,-0.0412504,null,null
-0.0543865,null,null,-0.120879,null
-0.00371125,null,null,null,-0.00609979
0.992687,-0.0176929,null,null,null
-0.398734,null,-0.0585391,null,null
-0.131905,null,null,-0.124181,null
-0.00241659,null,null,null,0.000655379
0.992498,-0.0205276,null,null,null
-0.33216,null,-0.0943761,null,null
-0.127861,null,null,-0.0561646,null
-0.0129511,null,null,null,-0.00226839
0.992641,-0.0183214,null,null,null
-0.313914,null,-0.102596,null,null
-0.0969016,null,null,-0.117712,null
-0.00600867,null,null,null,0.00140669
0.992865,-0.0145845,null,null,null
-0.34591,null,-0.0856028,null,null
-0.189499,null,null,-0.0844724,null
-0.00347557,null,null,null,0.00206958
0.992865,-0.0145845,null,null,null
-0.34591,null,-0.0856028,null,null
-0.189499,null,null,-0.0844724,null
-0.00347557,null,null,null,0.00206958
0.992857,-0.00824246,null,null,null
-0.34569,null,-0.0864005,null,null
-0.0992072,null,null,-0.0877915,null
-0.0060608,null,null,null,-0.00217679
0.992803,-0.00841097,null,null,null
-0.347146,null,-0.145725,null,null
-0.108326,null,null,-0.125718,null
-0.00744595,null,null,null,0.000557151
0.992961,-0.00624898,null,null,null
-0.359249,null,-0.159786,null,null
-0.14138,null,null,-0.0748224,null
-0.0051565,null,null,null,0.000479209
0.99304,-0.0126724,null,null,null
-0.236695,null,-0.0817009,null,null
-0.142497,null,null,-0.093034,null
-0.001199,null,null,null,0.0032657
0.992927,-0.0127075,null,null,null
-0.243704,null,-0.138747,null,null
-0.171534,null,null,-0.13746,null
0.00311288,null,null,null,-0.00474507
0.992775,-0.0140515,null,null,null
-0.267338,null,-0.118444,null,null
-0.180846,null,null,-0.127411,null
0.00246539,null,null,null,-0.00549405
0.992973,-0.0108105,null,null,null
-0.257961,null,-0.132795,null,null
-0.133755,null,null,-0.108994,null
0.00547784,null,null,null,-0.00293915
0.992944,-0.01256,null,null,null
-0.271214,null,-0.0914534,null,null
-0.229041,null,null,-0.0930722,null
0.00360605,null,null,null,-0.00752304
0.992939,-0.0107414,null,null,null
-0.236039,null,-0.112672,null,null
-0.232467,null,null,-0.116331,null
0.00160591,null,null,null,-0.00434276
0.992906,-0.0128981,null,null,null
-0.244614,null,-0.132851,null,null
-0.231141,null,null,-0.115956,null
0.00207567,null,null,null,-0.000184555
0.99293,-0.0138145,null,null,null
-0.18426,null,-0.156738,null,null
-0.211633,null,null,-0.103296,null
0.00336578,null,null,null,0.000877874
0.992934,-0.0129854,null,null,null
-0.180668,null,-0.153225,null,null
-0.212454,null,null,-0.141346,null
0.00287974,null,null,null,-0.0046165
0.99318,-0.00707638,null,null,null
-0.165983,null,-0.186617,null,null
-0.190861,null,null,-0.163391,null
0.00148024,null,null,null,-0.00484589
0.993224,-0.00852754,null,null,null
-0.138364,null,-0.17524,null,null
-0.198016,null,null,-0.142084,null
0.001626,null,null,null,-0.00371586
0.993186,-0.0113685,null,null,null
-0.150312,null,-0.180762,null,null
-0.258136,null,null,-0.186016,null
0.00068561,null,null,null,0.00272404
0.993084,-0.0140724,null,null,null
-0.193286,null,-0.146985,null,null
-0.203469,null,null,-0.200166,null
-0.00377639,null,null,null,-0.000879674
0.992781,-0.0175976,null,null,null
-0.221925,null,-0.111884,null,null
-0.193916,null,null,-0.189301,null
-0.00702698,null,null,null,-0.00484172
0.992927,-0.017922,null,null,null
-0.174351,null,-0.0671099,null,null
-0.1937,null,null,-0.168886,null
-0.00363351,null,null,null,-0.00178718
0.992996,-0.0154584,null,null,null
-0.120656,null,-0.135349,null,null
-0.225251,null,null,-0.218248,null
-0.00274854,null,null,null,0.00020418
0.993121,-0.012486,null,null,null
-0.0450772,null,-0.120171,null,null
-0.242625,null,null,-0.171951,null
-0.00345096,null,null,null,-0.00322155
0.993008,-0.0103795,null,null,null
-0.129449,null,-0.167435,null,null
-0.284794,null,null,-0.120103,null
-0.00451961,null,null,null,-0.00161589
0.993008,-0.0103795,null,null,null
-0.129449,null,-0.167435,null,null
-0.284794,null,null,-0.120103,null
-0.00451961,null,null,null,-0.00161589
0.993008,-0.0103795,null,null,null
-0.129449,null,-0.167435,null,null
-0.284794,null,null,-0.120103,null
-0.00451961,null,null,null,-0.00161589
0.993104,-0.00702839,null,null,null
-0.082981,null,-0.209385,null,null
-0.221582,null,null,-0.13611,null
-0.00442806,null,null,null,-0.00419811
0.993053,-0.0109499,null,null,null
-0.11567,null,-0.15214,null,null
-0.271689,null,null,-0.140242,null
0.00294471,null,null,null,-0.00283416
0.99298,-0.0155633,null,null,null
-0.145267,null,-0.158334,null,null
-0.272618,null,null,-0.15534,null
0.00313951,null,null,null,0.00334401
0.992788,-0.021734,null,null,null
-0.103761,null,-0.23065,null,null
-0.21551,null,null,-0.162421,null
-0.0076181,null,null,null,-0.00264809
0.992711,-0.0224074,null,null,null
-0.0771431,null,-0.14478,null,null
-0.218541,null,null,-0.185799,null
-0.00598999,null,null,null,0.00205035
0.992741,-0.0230078,null,null,null
-0.10895,null,-0.144605,null,null
-0.206698,null,null,-0.189844,null
-0.00578949,null,null,null,0.000737384
0.992741,-0.0230078,null,null,null
-0.10895,null,-0.144605,null,null
-0.206698,null,null,-0.189844,null
-0.00578949,null,null,null,0.000737384
0.992731,-0.0204866,null,null,null
-0.068982,null,-0.113675,null,null
-0.281306,null,null,-0.188417,null
-0.000587319,null,null,null,0.00138498
0.992804,-0.0163585,null,null,null
-0.0426746,null,-0.126676,null,null
-0.26786,null,null,-0.141224,null
0.00164286,null,null,null,-0.00195144
0.992749,-0.0182099,null,null,null
-0.0734827,null,-0.132246,null,null
-0.270289,null,null,-0.090875,null
-3.76028e-05,null,null,null,-0.00402274
0.992896,-0.0186741,null,null,null
-0.0313336,null,-0.133032,null,null
-0.277942,null,null,-0.0892058,null
0.00212489,null,null,null,-0.00727459
0.992791,-0.0183108,null,null,null
-0.0902989,null,-0.132662,null,null
-0.263566,null,null,-0.10901,null
0.0077596,null,null,null,-7.64221e-05
0.992791,-0.0183108,null,null,null
-0.0902989,null,-0.132662,null,null
-0.263566,null,null,-0.10901,null
0.0077596,null,null,null,-7.64221e-05
0.992735,-0.022912,null,null,null
-0.0684536,null,-0.137509,null,null
-0.306181,null,null,-0.0288745,null
0.00322251,null,null,null,0.00590591
0.99281,-0.0219118,null,null,null
-0.0112514,null,-0.117504,null,null
-0.201157,null,null,-0.0487117,null
0.000888085,null,null,null,0.00736383
0.992744,-0.0215195,null,null,null
-0.0109138,null,-0.164235,null,null
-0.175079,null,null,-0.0148454,null
-0.000873287,null,null,null,0.00442361
0.992962,-0.0132194,null,null,null
-0.00341733,null,-0.186485,null,null
-0.175981,null,null,-0.0323866,null
0.00800435,null,null,null,0.00266535
0.992997,-0.0154189,null,null,null
-0.0195067,null,-0.150232,null,null
-0.189666,null,null,-0.0403655,null
-0.000640859,null,null,null,0.00411154
0.992997,-0.0154189,null,null,null
-0.0195067,null,-0.150232,null,null
-0.189666,null,null,-0.0403655,null
-0.000640859,null,null,null,0.00411154
0.992961,-0.0141269,null,null,null
-0.0478951,null,-0.104631,null,null
-0.184661,null,null,0.0487032,null
-0.00396346,null,null,null,0.00149961
0.992974,-0.0156944,null,null,null
-0.0479424,null,-0.129821,null,null
-0.164794,null,null,0.0237756,null
0.00453821,null,null,null,0.00239982
0.993064,-0.011299,null,null,null
-0.0758125,null,-0.104298,null,null
-0.125071,null,null,0.0369543,null
0.00562796,null,null,null,-0.0011146
0.992862,-0.00844827,null,null,null
-0.0836338,null,-0.103164,null,null
-0.150509,null,null,0.036458,null
0.00485346,null,null,null,6.20604e-05
0.992976,-0.00938058,null,null,null
-0.0443421,null,-0.166032,null,null
-0.149939,null,null,0.0484163,null
0.000556692,null,null,null,-0.00142209
0.992792,-0.0091098,null,null,null
-0.0201934,null,-0.162031,null,null
-0.120174,null,null,0.0845746,null
0.00423269,null,null,null,-0.0056194
0.992811,-0.00584225,null,null,null
0.060886,null,-0.117664,null,null
-0.132101,null,null,0.049318,null
-0.00353644,null,null,null,0.000197234
0.992875,-0.0021961,null,null,null
0.0554356,null,-0.0352441,null,null
-0.130266,null,null,0.121078,null
-0.00173259,null,null,null,0.00362449
0.992875,-0.0021961,null,null,null
0.0554356,null,-0.0352441,null,null
-0.130266,null,null,0.121078,null
-0.00173259,null,null,null,0.00362449
0.992942,-0.0032288,null,null,null
0.0252148,null,-0.00906846,null,null
-0.117639,null,null,0.0489756,null
0.00152588,null,null,null,-0.00221586
0.9929,-0.00512036,null,null,null
0.0479465,null,0.0286189,null,null
-0.127385,null,null,0.0537219,null
0.0025476,null,null,null,-0.0051145
0.992861,-0.0074435,null,null,null
0.0857088,null,0.0466346,null,null
-0.141426,null,null,0.128106,null
0.00611044,null,null,null,-0.000465798
0.992634,-0.00675286,null,null,null
0.0736258,null,0.104667,null,null
-0.146396,null,null,0.136794,null
0.000150449,null,null,null,0.000339454
0.992641,-0.0096324,null,null,null
0.0927111,null,0.00995429,null,null
-0.180326,null,null,0.153214,null
0.000662534,null,null,null,-0.00747792
0.992936,-0.0047142,null,null,null
0.0475583,null,-0.0560346,null,null
-0.187034,null,null,0.175044,null
0.00181635,null,null,null,0.00351674
0.993104,-0.0051395,null,null,null
0.044455,null,0.022262,null,null
-0.186515,null,null,0.162405,null
-0.00260819,null,null,null,-0.000832258
0.993124,0.000571816,null,null,null
0.00453031,null,0.015731,null,null
-0.213119,null,null,0.155764,null
0.0031138,null,null,null,-0.00416751
0.993038,-0.00513656,null,null,null
0.0273455,null,0.0098782,null,null
-0.194185,null,null,0.177744,null
0.010217,null,null,null,0.00183449
0.993041,-0.00229279,null,null,null
0.0243835,null,-0.00575609,null,null
-0.204877,null,null,0.154457,null
0.002053,null,null,null,0.00370876
0.993008,-0.00770171,null,null,null
0.0655379,null,-0.0167931,null,null
-0.228056,null,null,0.11034,null
0.00278888,null,null,null,-0.000244911
0.992929,-0.0129539,null,null,null
0.0383196,null,0.014738,null,null
-0.167929,null,null,0.160976,null
0.000364055,null,null,null,0.000194605
0.9928,-0.0171079,null,null,null
0.132951,null,0.041463,null,null
-0.159474,null,null,0.108587,null
0.00364824,null,null,null,0.00119064
0.992716,-0.0177073,null,null,null
0.142501,null,0.0438605,null,null
-0.163575,null,null,0.123294,null
-0.00111741,null,null,null,0.00587345
0.99293,-0.00971389,null,null,null
0.140259,null,-0.0533781,null,null
-0.11664,null,null,0.117909,null
-0.00794852,null,null,null,0.0017244
0.992992,-0.00827499,null,null,null
0.147559,null,-0.0272535,null,null
-0.137169,null,null,0.133144,null
-0.000517182,null,null,null,0.000428856
0.99286,-0.0108997,null,null,null
0.103697,null,-0.0315906,null,null
-0.104804,null,null,0.0829673,null
-0.00301979,null,null,null,0.00265967
0.992975,-0.0166048,null,null,null
0.153944,null,-0.0162184,null,null
-0.183388,null,null,0.17373,null
-0.0020853,null,null,null,-0.000376823
0.992975,-0.0166048,null,null,null
0.153944,null,-0.0162184,null,null
-0.183388,null,null,0.17373,null
-0.0020853,null,null,null,-0.000376823
0.992877,-0.0173662,null,null,null
0.0780295,null,-0.00516765,null,null
-0.164124,null,null,0.17289,null
-0.0037121,null,null,null,0.00263041
0.993069,-0.0112351,null,null,null
0.168041,null,0.00585394,null,null
-0.175542,null,null,0.197181,null
0.00771057,null,null,null,0.00433544
0.992999,-0.0116359,null,null,null
0.154896,null,0.0143103,null,null
-0.120469,null,null,0.144961,null
0.00216886,null,null,null,0.00205573
0.992999,-0.0116359,null,null,null
0.154896,null,0.0143103,null,null
-0.120469,null,null,0.144961,null
0.00216886,null,null,null,0.00205573
0.992971,-0.00681047,null,null,null
0.191316,null,0.0264956,null,null
-0.250331,null,null,0.084869,null
-0.00113871,null,null,null,0.00484976
0.993112,-0.00436378,null,null,null
0.134321,null,0.000602415,null,null
-0.232887,null,null,0.0837332,null
-0.00654934,null,null,null,-0.00282461
0.993152,0.00774833,null,null,null
0.177299,null,0.0535466,null,null
-0.275919,null,null,0.00987184,null
0.0020405,null,null,null,0.000654065
0.993041,0.00829352,null,null,null
0.1378,null,0.0607494,null,null
-0.295616,null,null,-0.0154691,null
0.004532,null,null,null,0.00484633
0.99302,0.00798111,null,null,null
0.084884,null,0.00341044,null,null
-0.276427,null,null,-0.0620095,null
0.000981989,null,null,null,0.00373959
0.99304,0.0128728,null,null,null
0.0904311,null,0.012003,null,null
-0.273235,null,null,-0.111757,null
0.000457201,null,null,null,0.00110476
0.992869,0.00906045,null,null,null
0.10557,null,-0.0330959,null,null
-0.22967,null,null,-0.121989,null
0.00522853,null,null,null,0.00305768
0.99283,0.00761426,null,null,null
0.128559,null,-0.0351256,null,null
-0.242625,null,null,-0.0988352,null
0.00221392,null,null,null,-0.00328333
0.99283,0.00761426,null,null,null
0.128559,null,-0.0351256,null,null
-0.242625,null,null,-0.0988352,null
0.00221392,null,null,null,-0.00328333
0.993061,0.00658728,null,null,null
0.0701961,null,0.0309733,null,null
-0.202491,null,null,-0.159041,null
0.00615825,null,null,null,-0.00468478
0.993082,0.00450946,null,null,null
0.0718001,null,-0.0210029,null,null
-0.223082,null,null,-0.106995,null
0.000814716,null,null,null,-0.00278948
0.993139,-0.0029174,null,null,null
0.0536162,null,-0.0412862,null,null
-0.260811,null,null,-0.117528,null
0.00147963,null,null,null,0.00180389
0.99319,0.0003917,null,null,null
-0.039199,null,-0.0234402,null,null
-0.237116,null,null,-0.17477,null
0.00331966,null,null,null,0.00319415
0.993036,-0.00297069,null,null,null
0.0178495,null,-0.0158989,null,null
-0.21734,null,null,-0.154658,null
0.000917938,null,null,null,-0.00258095
0.993056,-0.00159177,null,null,null
0.0651446,null,-0.0296834,null,null
-0.199679,null,null,-0.15206,null
-0.000807611,null,null,null,0.000599148
0.993085,-0.00479598,null,null,null
0.0841149,null,-0.0288875,null,null
-0.316655,null,null,-0.115913,null
-0.00411351,null,null,null,-0.00037944
0.99299,-0.00949864,null,null,null
0.0651147,null,-0.0777174,null,null
-0.275744,null,null,-0.070919,null
-0.00298713,null,null,null,0.00138315
0.992973,-0.00856593,null,null,null
0.0475871,null,-0.061857,null,null
-0.270166,null,null,-0.000685649,null
-0.00148265,null,null,null,0.00567509
0.993032,-0.00781318,null,null,null
0.0854593,null,0.0449937,null,null
-0.316752,null,null,-0.0096433,null
0.000315904,null,null,null,0.0034114
0.992908,-0.0123491,null,null,null
0.111449,null,0.0333842,null,null
-0.253025,null,null,0.00485765,null
-0.00249879,null,null,null,0.0034922
0.992968,-0.00671929,null,null,null
0.043701,null,0.0563193,null,null
-0.385519,null,null,-0.0222174,null
-0.00196188,null,null,null,0.0057132
0.993027,-0.000499049,null,null,null
-0.00153857,null,0.0508816,null,null
-0.401342,null,null,-0.043982,null
0.000152076,null,null,null,0.00289339
0.993041,-0.00510782,null,null,null
0.00904389,null,0.00223023,null,null
-0.322501,null,null,-0.0181667,null
-0.00446874,null,null,null,-0.00150233
0.993147,0.00296889,null,null,null
0.00737106,null,0.046533,null,null
-0.275634,null,null,-0.0631614,null
-0.00428694,null,null,null,-0.00119421
0.9931,0.00147339,null,null,null
0.0188699,null,0.0290999,null,null
-0.286519,null,null,0.020133,null
-0.00233974,null,null,null,-0.00401194
0.993115,0.00847265,null,null,null
-0.0683808,null,0.0169851,null,null
-0.317161,null,null,-0.00658386,null
-0.00606731,null,null,null,0.000823643
0.993115,0.00847265,null,null,null
-0.0683808,null,0.0169851,null,null
-0.317161,null,null,-0.00658386,null
-0.00606731,null,null,null,0.000823643
0.993115,0.00847265,null,null,null
-0.0683808,null,0.0169851,null,null
-0.317161,null,null,-0.00658386,null
-0.00606731,null,null,null,0.000823643
0.993195,0.00900146,null,null,null
-0.0647831,null,0.102119,null,null
-0.261493,null,null,-0.0760436,null
-0.0025785,null,null,null,-0.000705827
0.993171,0.00774744,null,null,null
-0.0580919,null,0.123888,null,null
-0.238432,null,null,-0.00873645,null
-0.0034492,null,null,null,-0.00122086
0.993105,0.00709568,null,null,null
-0.0420188,null,0.127527,null,null
-0.195738,null,null,0.0306086,null
-0.00431866,null,null,null,-0.00356564
0.993349,0.0030472,null,null,null
-0.0581865,null,0.116827,null,null
-0.203725,null,null,0.0488785,null
0.00203479,null,null,null,-0.00185055
0.993147,0.00343485,null,null,null
-0.00074465,null,0.107649,null,null
-0.237229,null,null,-0.0291584,null
-0.00341869,null,null,null,-0.000119211
0.993287,0.00028117,null,null,null
0.0166054,null,0.061127,null,null
-0.202624,null,null,-0.0220993,null
0.0016965,null,null,null,-0.0015847
0.993147,-0.00682772,null,null,null
0.011125,null,0.0287612,null,null
-0.214756,null,null,-0.0726332,null
-0.00401681,null,null,null,-9.50079e-05
0.99323,0.0025177,null,null,null
0.0084815,null,0.0184351,null,null
-0.256304,null,null,-0.0247787,null
-0.0035184,null,null,null,-0.000113963
0.993109,0.000405736,null,null,null
0.0762736,null,0.0004474,null,null
-0.294332,null,null,-0.00541396,null
0.00188716,null,null,null,0.0004742
0.993055,-0.0024429,null,null,null
0.0184436,null,0.0735146,null,null
-0.2797,null,null,-0.0730835,null
0.000431254,null,null,null,-0.00231639
0.99325,0.001995,null,null,null
-0.0251376,null,0.117092,null,null
-0.243846,null,null,-0.110062,null
-0.00736218,null,null,null,-0.00197891
0.99325,0.001995,null,null,null
-0.0251376,null,0.117092,null,null
-0.243846,null,null,-0.110062,null
-0.00736218,null,null,null,-0.00197891
0.99321,0.00181934,null,null,null
0.0556196,null,0.122968,null,null
-0.194294,null,null,-0.122267,null
-0.00324654,null,null,null,-0.00165448
0.993231,-0.00176631,null,null,null
0.10865,null,0.0366508,null,null
-0.168294,null,null,-0.0902952,null
0.00229909,null,null,null,-0.00826996
0.993139,-0.00200579,null,null,null
0.0787619,null,0.0326919,null,null
-0.19228,null,null,-0.109574,null
0.00062627,null,null,null,-0.00276048
0.993215,0.000687086,null,null,null
0.053394,null,0.0699694,null,null
-0.161219,null,null,-0.092087,null
-0.000133106,null,null,null,-0.00071751
0.992945,0.00418704,null,null,null
0.117059,null,0.0739329,null,null
-0.14973,null,null,-0.190277,null
-0.000888387,null,null,null,-0.0003383
0.992945,0.00418704,null,null,null
0.117059,null,0.0739329,null,null
-0.14973,null,null,-0.190277,null
-0.000888387,null,null,null,-0.0003383
0.993058,0.00214621,null,null,null
0.0903255,null,0.0272832,null,null
-0.139689,null,null,-0.169966,null
0.00379607,null,null,null,0.00461174
0.993069,0.000711837,null,null,null
0.10627,null,0.0387719,null,null
-0.121881,null,null,-0.164094,null
0.00164801,null,null,null,0.000526791
0.992816,0.00206195,null,null,null
0.0373143,null,0.0645185,null,null
-0.14504,null,null,-0.0814533,null
0.00111476,null,null,null,-0.00102098
0.992801,-0.00593421,null,null,null
0.0214095,null,0.00934849,null,null
-0.0808014,null,null,-0.1177,null
-0.00271736,null,null,null,0.00277791
0.992868,-0.00771929,null,null,null
0.00212342,null,0.0839594,null,null
-0.140406,null,null,-0.128436,null
0.00682241,null,null,null,-0.00121257
0.992836,-0.0138038,null,null,null
-0.0478496,null,0.103733,null,null
-0.108238,null,null,-0.160433,null
-0.000273617,null,null,null,-0.00336061
0.992836,-0.0138038,null,null,null
-0.0478496,null,0.103733,null,null
-0.108238,null,null,-0.160433,null
-0.000273617,null,null,null,-0.00336061
0.99288,-0.0124208,null,null,null
0.035653,null,0.125762,null,null
-0.199456,null,null,-0.146611,null
0.000205967,null,null,null,-0.00469104
0.993014,-0.0123165,null,null,null
-0.0163727,null,0.119346,null,null
-0.176877,null,null,-0.0950265,null
-0.000114434,null,null,null,-0.00132799
0.992956,-0.014559,null,null,null
-0.0138979,null,0.0112788,null,null
-0.169299,null,null,-0.135155,null
0.000505116,null,null,null,-0.00782412
0.993134,-0.00515508,null,null,null
-0.0173032,null,0.0627515,null,null
-0.219945,null,null,-0.0807981,null
-0.00297281,null,null,null,-0.0029402
0.993186,-0.000838115,null,null,null
0.0459343,null,0.0653845,null,null
-0.224781,null,null,-0.114616,null
0.00239493,null,null,null,0.000406577
0.993077,-0.00434404,null,null,null
0.0499886,null,0.128761,null,null
-0.12474,null,null,-0.192125,null
0.00584699,null,null,null,-0.00118105
0.993152,-0.00287845,null,null,null
0.0944248,null,0.0616305,null,null
-0.12927,null,null,-0.124361,null
-0.00130872,null,null,null,0.00272646
0.993186,0.00141421,null,null,null
0.0824017,null,0.0810644,null,null
-0.144351,null,null,-0.133788,null
-0.000722662,null,null,null,0.00288733
0.993089,0.00204624,null,null,null
0.0497578,null,0.119796,null,null
-0.188933,null,null,-0.158336,null
-0.00498783,null,null,null,-0.00451524
0.993043,-0.00110131,null,null,null
0.0459664,null,0.166352,null,null
-0.150799,null,null,-0.109687,null
0.000209879,null,null,null,-0.00168494
0.993056,0.00470576,null,null,null
0.0560391,null,0.112421,null,null
-0.135788,null,null,-0.074725,null
-0.00451922,null,null,null,-1.70119e-05
0.99313,0.00994706,null,null,null
0.0444829,null,0.124663,null,null
-0.104627,null,null,-0.0873532,null
0.00102162,null,null,null,-0.000170623
0.993094,0.00721097,null,null,null
0.0643062,null,0.14539,null,null
-0.0978732,null,null,-0.0982385,null
0.000986976,null,null,null,-0.000860779
0.993003,0.00796979,null,null,null
0.0267098,null,0.150351,null,null
-0.0945209,null,null,-0.151207,null
0.00449393,null,null,null,0.00044625
0.993017,0.00698572,null,null,null
0.013445,null,0.145537,null,null
-0.0886819,null,null,-0.138514,null
0.00572311,null,null,null,0.00274357
0.993017,0.00698572,null,null,null
0.013445,null,0.145537,null,null
-0.0886819,null,null,-0.138514,null
0.00572311,null,null,null,0.00274357
0.992932,0.00761347,null,null,null
0.0604569,null,0.160416,null,null
-0.0737224,null,null,-0.15346,null
0.00558415,null,null,null,-0.00189626
0.992932,0.00792966,null,null,null
0.0592224,null,0.195005,null,null
-0.117435,null,null,-0.25787,null
-8.74786e-05,null,null,null,0.00272794
0.992794,0.0107357,null,null,null
0.0241629,null,0.189757,null,null
-0.0589219,null,null,-0.21481,null
-0.000691355,null,null,null,0.00424489
0.992811,0.0138241,null,null,null
0.00506075,null,0.257329,null,null
-0.0948255,null,null,-0.16328,null
-0.00186884,null,null,null,-0.00277129
0.992841,0.0129403,null,null,null
-0.0193975,null,0.221459,null,null
-0.1045,null,null,-0.157901,null
-0.00138706,null,null,null,0.00464185
0.992841,0.0129403,null,null,null
-0.0193975,null,0.221459,null,null
-0.1045,null,null,-0.157901,null
-0.00138706,null,null,null,0.00464185
0.992971,0.0129511,null,null,null
0.0567942,null,0.143025,null,null
-0.0798089,null,null,-0.187069,null
-0.000236988,null,null,null,0.00530905
0.992971,0.0129511,null,null,null
0.0567942,null,0.143025,null,null
-0.0798089,null,null,-0.187069,null
-0.000236988,null,null,null,0.00530905
0.992803,0.0108065,null,null,null
0.0410355,null,0.0781323,null,null
-0.100293,null,null,-0.17807,null
-0.00407839,null,null,null,-0.000484583
0.992803,0.0108065,null,null,null
0.0410355,null,0.0781323,null,null
-0.100293,null,null,-0.17807,null
-0.00407839,null,null,null,-0.000484583
0.992896,0.011526,null,null,null
0.0633085,null,0.11223,null,null
-0.037159,null,null,-0.121358,null
0.00252274,null,null,null,0.0022492
0.992803,0.0070152,null,null,null
0.0588248,null,0.0620695,null,null
-0.00221605,null,null,-0.122999,null
0.00565238,null,null,null,0.00572036
0.992885,0.00503504,null,null,null
0.0915828,null,0.0602231,null,null
0.00124023,null,null,-0.070805,null
0.0014549,null,null,null,0.00439274
0.992885,0.00503504,null,null,null
0.0915828,null,0.0602231,null,null
0.00124023,null,null,-0.070805,null
0.0014549,null,null,null,0.00439274
0.992885,0.00503504,null,null,null
0.0915828,null,0.0602231,null,null
0.00124023,null,null,-0.070805,null
0.0014549,null,null,null,0.00439274
0.993076,0.00477762,null,null,null
0.0973089,null,0.0991061,null,null
0.0398445,null,null,-0.062915,null
0.00271175,null,null,null,-0.00468233
0.993097,-0.00365952,null,null,null
0.0362349,null,0.13781,null,null
-0.0286311,null,null,-0.12652,null
-0.00142111,null,null,null,-0.00139193
0.993053,-0.0057625,null,null,null
0.0356364,null,0.140692,null,null
0.0388,null,null,-0.146224,null
-0.00321575,null,null,null,0.00609239
0.993053,-0.0057625,null,null,null
0.0356364,null,0.140692,null,null
0.0388,null,null,-0.146224,null
-0.00321575,null,null,null,0.00609239
0.993111,-0.00222895,null,null,null
-0.00567582,null,0.151328,null,null
0.0162301,null,null,-0.159845,null
-0.00438327,null,null,null,-0.0033763
0.99302,0.00384332,null,null,null
0.0551625,null,0.172986,null,null
0.14514,null,null,-0.186546,null
0.00025499,null,null,null,0.00504097
0.992996,0.00276151,null,null,null
0.0817544,null,0.193445,null,null
0.0896307,null,null,-0.231997,null
0.00286664,null,null,null,0.0029413
0.993093,0.0051764,null,null,null
0.00534584,null,0.202497,null,null
0.114063,null,null,-0.154926,null
0.00241249,null,null,null,-0.00101947
0.99303,0.00278482,null,null,null
-0.0352549,null,0.156167,null,null
0.08156,null,null,-0.172169,null
0.00350955,null,null,null,-0.00213018
0.992895,0.00606994,null,null,null
-0.0399364,null,0.148729,null,null
0.027464,null,null,-0.136115,null
0.00357318,null,null,null,-0.00658974
0.99288,0.00289947,null,null,null
-0.0795462,null,0.202637,null,null
0.122764,null,null,-0.108686,null
-0.00454587,null,null,null,-0.0083165
0.992984,0.00252986,null,null,null
-0.0823582,null,0.250642,null,null
0.0818361,null,null,-0.145824,null
-0.00883854,null,null,null,-0.00640406
0.992885,0.000753244,null,null,null
-0.125608,null,0.224326,null,null
0.0930449,null,null,-0.184445,null
-0.00618541,null,null,null,-0.00326979
0.992885,0.000753244,null,null,null
-0.125608,null,0.224326,null,null
0.0930449,null,null,-0.184445,null
-0.00618541,null,null,null,-0.00326979
0.992844,-0.00276864,null,null,null
-0.166136,null,0.196314,null,null
0.0468321,null,null,-0.132401,null
0.00081007,null,null,null,0.000542595
0.992844,-0.00276864,null,null,null
-0.166136,null,0.196314,null,null
0.0468321,null,null,-0.132401,null
0.00081007,null,null,null,0.000542595
0.992931,-0.00578865,null,null,null
-0.169976,null,0.295665,null,null
0.0314403,null,null,-0.154449,null
0.00416345,null,null,null,0.00252183
0.992801,-0.00437541,null,null,null
-0.214122,null,0.278714,null,null
0.0594265,null,null,-0.201331,null
0.00329318,null,null,null,0.00361162
0.992901,-0.0028806,null,null,null
-0.144666,null,0.332884,null,null
0.020601,null,null,-0.200139,null
0.00199823,null,null,null,0.00418556
0.992921,-0.00337091,null,null,null
-0.137,null,0.29892,null,null
0.0221348,null,null,-0.154498,null
-0.00036818,null,null,null,0.00140596
0.992831,-0.0041514,null,null,null
-0.178345,null,0.301463,null,null
0.0284012,null,null,-0.208629,null
0.0050187,null,null,null,-0.00258767
0.992831,-0.0041514,null,null,null
-0.178345,null,0.301463,null,null
0.0284012,null,null,-0.208629,null
0.0050187,null,null,null,-0.00258767
0.992766,-0.00503735,null,null,null
-0.134742,null,0.320191,null,null
0.0326669,null,null,-0.243079,null
0.00739328,null,null,null,-0.00100584
0.992955,-0.00910976,null,null,null
-0.117594,null,0.28452,null,null
0.041109,null,null,-0.215294,null
0.00485632,null,null,null,-0.00176812
0.993047,-0.00466327,null,null,null
-0.102385,null,0.305546,null,null
-0.002638,null,null,-0.173729,null
-0.00024782,null,null,null,-0.0043001
0.992927,-0.000858957,null,null,null
-0.12406,null,0.272825,null,null
0.0661562,null,null,-0.203373,null
0.00539358,null,null,null,-0.00365773
0.99306,0.00304319,null,null,null
-0.116467,null,0.26165,null,null
0.0912582,null,null,-0.153622,null
0.00269461,null,null,null,0.00278719
0.992911,0.00307546,null,null,null
-0.207297,null,0.294406,null,null
0.0892965,null,null,-0.118404,null
-0.000130742,null,null,null,0.00143834
0.993041,0.00441587,null,null,null
-0.208531,null,0.310491,null,null
0.125804,null,null,-0.0522446,null
0.00507973,null,null,null,0.00366551
0.992958,0.00125856,null,null,null
-0.0926291,null,0.284595,null,null
0.105641,null,null,-0.108159,null
0.0037655,null,null,null,0.000498687
0.993059,-0.000307233,null,null,null
-0.110177,null,0.251142,null,null
0.0843711,null,null,-0.148383,null
0.00738981,null,null,null,0.00400643
0.993032,0.00535193,null,null,null
-0.0912475,null,0.272799,null,null
0.0733836,null,null,-0.195155,null
-0.00135199,null,null,null,0.00429926
0.993165,0.000997296,null,null,null
-0.0640925,null,0.219128,null,null
0.0777605,null,null,-0.206885,null
0.00382641,null,null,null,-0.00117954
0.993047,0.00343027,null,null,null
-0.197465,null,0.278087,null,null
0.0121424,null,null,-0.10762,null
-0.000566124,null,null,null,-0.00337764
0.993046,-0.00106596,null,null,null
-0.14784,null,0.298586,null,null
-0.0481041,null,null,-0.128681,null
-0.00568076,null,null,null,0.00411529
0.993046,-0.00106596,null,null,null
-0.14784,null,0.298586,null,null
-0.0481041,null,null,-0.128681,null
-0.00568076,null,null,null,0.00411529
0.992908,-0.00414277,null,null,null
-0.215674,null,0.295729,null,null
0.0030913,null,null,-0.0467076,null
-0.000968027,null,null,null,0.00206848
0.99302,-0.00385164,null,null,null
-0.238326,null,0.227658,null,null
0.0515635,null,null,-0.0418287,null
-0.00162914,null,null,null,0.000312732
0.99291,-0.00334189,null,null,null
-0.226776,null,0.267645,null,null
0.07205,null,null,-0.0194798,null
-0.00137346,null,null,null,0.00147275
0.99291,-0.00334189,null,null,null
-0.226776,null,0.267645,null,null
0.07205,null,null,-0.0194798,null
-0.00137346,null,null,null,0.00147275
0.99291,-0.00334189,null,null,null
-0.226776,null,0.267645,null,null
0.07205,null,null,-0.0194798,null
-0.00137346,null,null,null,0.00147275
0.99291,-0.00334189,null,null,null
-0.226776,null,0.267645,null,null
0.07205,null,null,-0.0194798,null
-0.00137346,null,null,null,0.00147275
0.992784,-0.00200316,null,null,null
-0.235508,null,0.245905,null,null
0.074956,null,null,-0.01884,null
-0.0073036,null,null,null,-0.00124135
0.992784,-0.00533548,null,null,null
-0.217372,null,0.28356,null,null
0.0199124,null,null,0.0051825,null
0.000544435,null,null,null,-0.000105664
0.992695,-0.0109008,null,null,null
-0.203179,null,0.24775,null,null
-0.00133205,null,null,0.0213224,null
-0.000603407,null,null,null,0.00504144
0.992799,0.000925205,null,null,null
-0.245229,null,0.232077,null,null
0.0583132,null,null,0.058627,null
0.00159281,null,null,null,0.0028923
0.992944,0.00293484,null,null,null
-0.205729,null,0.262867,null,null
0.0786385,null,null,0.08062,null
-0.00216147,null,null,null,0.00142679
0.993071,0.00538513,null,null,null
-0.180487,null,0.217199,null,null
0.0909403,null,null,0.0266676,null
-0.00505469,null,null,null,0.0035143
0.992941,0.000281161,null,null,null
-0.21106,null,0.276639,null,null
0.0495626,null,null,0.0162395,null
-0.00392885,null,null,null,-1.40955e-05
0.992886,0.000384685,null,null,null
-0.23587,null,0.322794,null,null
0.0484759,null,null,-0.0586098,null
-0.00546138,null,null,null,-2.1247e-05
0.993017,-0.000651901,null,null,null
-0.241629,null,0.288201,null,null
-0.0213221,null,null,-0.0897869,null
-0.00149645,null,null,null,-0.000222732
0.992874,-0.00566352,null,null,null
-0.221109,null,0.280863,null,null
0.0440911,null,null,-0.0788256,null
0.00140725,null,null,null,-0.0049125
0.992911,-0.0028141,null,null,null
-0.207744,null,0.261993,null,null
0.041491,null,null,-0.0365369,null
0.00104064,null,null,null,-0.00630043
0.992986,-0.00493154,null,null,null
-0.235626,null,0.220213,null,null
0.088055,null,null,-0.110888,null
0.00265841,null,null,null,0.000149494
0.993039,-0.00142041,null,null,null
-0.187585,null,0.228574,null,null
0.0361814,null,null,-0.172176,null
-0.000844108,null,null,null,-0.00455464
0.992999,0.00226891,null,null,null
-0.160146,null,0.289744,null,null
0.064171,null,null,-0.129721,null
-0.00208379,null,null,null,0.00700836
0.992999,0.00226891,null,null,null
-0.160146,null,0.289744,null,null
0.064171,null,null,-0.129721,null
-0.00208379,null,null,null,0.00700836
0.992999,0.00226891,null,null,null
-0.160146,null,0.289744,null,null
0.064171,null,null,-0.129721,null
-0.00208379,null,null,null,0.00700836
0.992903,-0.00129576,null,null,null
-0.117372,null,0.259471,null,null
0.0738858,null,null,-0.126159,null
-0.00297452,null,null,null,0.00703576
0.992995,0.00637232,null,null,null
-0.117102,null,0.173857,null,null
0.0728001,null,null,-0.16186,null
-0.00127401,null,null,null,0.00631939
0.992992,0.0117444,null,null,null
-0.118616,null,0.24345,null,null
0.078108,null,null,-0.127559,null
0.001442,null,null,null,0.00593955
0.992992,0.0117444,null,null,null
-0.118616,null,0.24345,null,null
0.078108,null,null,-0.127559,null
0.001442,null,null,null,0.00593955
0.992814,0.0111306,null,null,null
-0.0613967,null,0.207195,null,null
0.045229,null,null,-0.100951,null
-3.66617e-05,null,null,null,-0.00360911
0.992906,0.0119131,null,null,null
-0.111386,null,0.218438,null,null
0.104828,null,null,-0.11033,null
-0.000546973,null,null,null,-0.00129445
0.993051,0.0110984,null,null,null
-0.0595501,null,0.219836,null,null
0.0872427,null,null,-0.0934075,null
-0.00510428,null,null,null,-0.00124662
0.993051,0.0110984,null,null,null
-0.0595501,null,0.219836,null,null
0.0872427,null,null,-0.0934075,null
-0.00510428,null,null,null,-0.00124662
0.993051,0.0110984,null,null,null
-0.0595501,null,0.219836,null,null
0.0872427,null,null,-0.0934075,null
-0.00510428,null,null,null,-0.00124662
0.993051,0.0110984,null,null,null
-0.0595501,null,0.219836,null,null
0.0872427,null,null,-0.0934075,null
-0.00510428,null,null,null,-0.00124662
0.992997,0.00966984,null,null,null
-0.11332,null,0.205139,null,null
0.139986,null,null,-0.0577676,null
-0.00678893,null,null,null,-0.00144223
0.99289,0.00928678,null,null,null
-0.0652998,null,0.20317,null,null
0.18508,null,null,-0.105427,null
-0.00377139,null,null,null,0.000102296
0.992844,0.00862315,null,null,null
-0.0508147,null,0.184163,null,null
0.168763,null,null,-0.077009,null
-0.00418269,null,null,null,0.0037187
0.992766,0.0106245,null,null,null
-0.0596455,null,0.18851,null,null
0.191873,null,null,-0.120187,null
-0.00463641,null,null,null,0.00104009
0.992883,0.00871781,null,null,null
-0.0268295,null,0.234217,null,null
0.147888,null,null,-0.192075,null
-0.00237937,null,null,null,0.000790731
0.993067,0.00916245,null,null,null
0.013668,null,0.206533,null,null
0.170772,null,null,-0.158211,null
0.00251161,null,null,null,-0.00111561
0.993101,0.00898151,null,null,null
-0.0195656,null,0.229919,null,null
0.142155,null,null,-0.166621,null
0.0064592,null,null,null,0.00126165
0.993101,0.00898151,null,null,null
-0.0195656,null,0.229919,null,null
0.142155,null,null,-0.166621,null
0.0064592,null,null,null,0.00126165
0.993101,0.00898151,null,null,null
-0.0195656,null,0.229919,null,null
0.142155,null,null,-0.166621,null
0.0064592,null,null,null,0.00126165
0.992919,0.00379684,null,null,null
-0.108555,null,0.247389,null,null
0.214748,null,null,-0.142559,null
0.000900598,null,null,null,0.000220301
0.992919,0.00379684,null,null,null
-0.108555,null,0.247389,null,null
0.214748,null,null,-0.142559,null
0.000900598,null,null,null,0.000220301
0.992912,0.00610191,null,null,null
-0.0749603,null,0.208053,null,null
0.157287,null,null,-0.198726,null
-0.00257376,null,null,null,0.00106581
0.992927,0.0046147,null,null,null
-0.0201289,null,0.127535,null,null
0.197981,null,null,-0.209875,null
-0.00453041,null,null,null,0.00183404
0.992894,0.00898213,null,null,null
-0.0515175,null,0.172937,null,null
0.214844,null,null,-0.163073,null
0.00300166,null,null,null,-0.00337745
0.992975,0.005583,null,null,null
-0.0597156,null,0.255258,null,null
0.212646,null,null,-0.15999,null
-0.0060983,null,null,null,-0.000917551
0.992904,0.00648943,null,null,null
-0.0575527,null,0.184846,null,null
0.233949,null,null,-0.123064,null
0.00010602,null,null,null,0.00440438
0.993005,0.010712,null,null,null
-0.0852098,null,0.1829,null,null
0.21025,null,null,-0.112869,null
0.00135096,null,null,null,0.00191329
0.992879,0.00822977,null,null,null
-0.106611,null,0.162389,null,null
0.167414,null,null,-0.166406,null
-0.0034365,null,null,null,0.00255634
0.993151,0.00158481,null,null,null
-0.110424,null,0.18331,null,null
0.141504,null,null,-0.186567,null
-2.28306e-05,null,null,null,-0.00434478
0.993056,0.00154142,null,null,null
-0.0973317,null,0.182406,null,null
0.144526,null,null,-0.182181,null
-0.00302101,null,null,null,-0.00207164
0.993211,0.0019284,null,null,null
-0.0420908,null,0.135967,null,null
0.202786,null,null,-0.14851,null
-0.00392161,null,null,null,0.00628068
0.992974,0.00497841,null,null,null
-0.0734744,null,0.105944,null,null
0.149143,null,null,-0.125881,null
0.000819635,null,null,null,0.000962759
0.993058,0.00345249,null,null,null
-0.0422404,null,0.206327,null,null
0.0762276,null,null,-0.0747145,null
-0.00181005,null,null,null,0.00429392
0.992985,0.0025401,null,null,null
-0.00921854,null,0.151615,null,null
0.133014,null,null,-0.095461,null
-0.00571671,null,null,null,0.0077404
0.99297,0.00237317,null,null,null
0.0042784,null,0.152626,null,null
0.145871,null,null,-0.103203,null
-0.00114557,null,null,null,-0.000339528
0.99297,0.00237317,null,null,null
0.0042784,null,0.152626,null,null
0.145871,null,null,-0.103203,null
-0.00114557,null,null,null,-0.000339528
0.992815,0.000254494,null,null,null
-0.00838202,null,0.168822,null,null
0.173182,null,null,-0.115273,null
-0.00482514,null,null,null,0.00231971
0.992815,0.000254494,null,null,null
-0.00838202,null,0.168822,null,null
0.173182,null,null,-0.115273,null
-0.00482514,null,null,null,0.00231971
0.992835,0.00512295,null,null,null
0.0233461,null,0.258352,null,null
0.141409,null,null,-0.164489,null
-0.000997739,null,null,null,-0.00120014
0.992916,0.00380945,null,null,null
0.00292789,null,0.221859,null,null
0.116227,null,null,-0.160777,null
-0.00575231,null,null,null,0.00493609
0.992961,-0.000745196,null,null,null
0.0444435,null,0.198531,null,null
0.0932965,null,null,-0.156729,null
-0.00452544,null,null,null,0.000224234
0.99289,0.00283779,null,null,null
-0.00865339,null,0.221555,null,null
0.120711,null,null,-0.17362,null
0.00272611,null,null,null,-0.00252053
0.992961,-0.000907085,null,null,null
-0.0791115,null,0.291626,null,null
0.11608,null,null,-0.188694,null
0.0013921,null,null,null,0.00512101
0.993091,0.00501975,null,null,null
-0.0673516,null,0.253337,null,null
0.134046,null,null,-0.128791,null
0.0011577,null,null,null,-0.00186991
0.993035,0.00285836,null,null,null
-0.0156775,null,0.24392,null,null
0.116181,null,null,-0.130771,null
0.00765441,null,null,null,-0.00257152
0.993036,-0.00369906,null,null,null
0.0449502,null,0.241512,null,null
0.117313,null,null,-0.097016,null
0.00522087,null,null,null,-0.00675659
0.992819,-0.00309721,null,null,null
-0.0184121,null,0.276971,null,null
0.110927,null,null,-0.0543445,null
0.00699678,null,null,null,-0.00226056
0.992816,-0.000610776,null,null,null
0.0498415,null,0.289098,null,null
0.103785,null,null,-0.0629466,null
0.00729971,null,null,null,0.00336385
0.992769,0.00157894,null,null,null
0.0341682,null,0.339728,null,null
0.0699951,null,null,-0.0619034,null
0.00331931,null,null,null,0.0021745
0.992864,-0.00106313,null,null,null
0.00159209,null,0.29705,null,null
0.116391,null,null,-0.0376475,null
-0.000323337,null,null,null,-0.00474305
0.992755,0.0015252,null,null,null
0.0995218,null,0.232153,null,null
0.116974,null,null,-0.112408,null
-0.000268421,null,null,null,0.00101283
0.992701,0.00112836,null,null,null
0.0460108,null,0.183415,null,null
0.0599008,null,null,-0.0532972,null
-0.00185943,null,null,null,0.00279321
0.99277,0.004044,null,null,null
0.0502208,null,0.296116,null,null
0.06188,null,null,-0.0592764,null
0.00379689,null,null,null,0.00427579
0.99277,0.004044,null,null,null
0.0502208,null,0.296116,null,null
0.06188,null,null,-0.0592764,null
0.00379689,null,null,null,0.00427579
0.992903,0.000848469,null,null,null
0.0607869,null,0.30601,null,null
0.0497462,null,null,-0.0404041,null
-0.00075182,null,null,null,0.00454913
0.99282,-0.00404909,null,null,null
0.0962413,null,0.315337,null,null
0.0590511,null,null,-0.0509059,null
-0.00039745,null,null,null,-7.55235e-05
0.99282,-0.00404909,null,null,null
0.0962413,null,0.315337,null,null
0.0590511,null,null,-0.0509059,null
-0.00039745,null,null,null,-7.55235e-05
0.992853,0.0012697,null,null,null
0.0796919,null,0.333374,null,null
0.054299,null,null,-0.0256292,null
-0.00143915,null,null,null,0.00100787
0.992846,-0.0012832,null,null,null
0.114924,null,0.312546,null,null
0.0372531,null,null,-0.0303003,null
-0.000773911,null,null,null,0.00390683
0.992846,-0.0012832,null,null,null
0.114924,null,0.312546,null,null
0.0372531,null,null,-0.0303003,null
-0.000773911,null,null,null,0.00390683
0.992805,0.00275791,null,null,null
0.107669,null,0.322672,null,null
-0.0380187,null,null,0.00286551,null
-0.00328152,null,null,null,-0.00362715
0.992853,0.00154461,null,null,null
0.123729,null,0.311589,null,null
0.00816021,null,null,-0.0432392,null
0.000189768,null,null,null,-0.00146584
0.99274,0.00481058,null,null,null
0.0866754,null,0.28058,null,null
-0.0888985,null,null,-0.0341965,null
0.00269836,null,null,null,-0.00110862
0.992792,0.00181739,null,null,null
0.0983516,null,0.235129,null,null
-0.124687,null,null,-0.0798564,null
0.0041382,null,null,null,-0.00154506
0.992792,0.00181739,null,null,null
0.0983516,null,0.235129,null,null
-0.124687,null,null,-0.0798564,null
0.0041382,null,null,null,-0.00154506
0.99294,0.00231865,null,null,null
0.0695387,null,0.219351,null,null
-0.191436,null,null,-0.0697655,null
0.00513321,null,null,null,-0.000960192
0.992845,0.00337308,null,null,null
0.124987,null,0.209842,null,null
-0.173715,null,null,-0.0854066,null
0.00546344,null,null,null,-0.000406114
0.992877,-6.81799e-05,null,null,null
0.123773,null,0.197126,null,null
-0.113332,null,null,-0.125596,null
0.00575122,null,null,null,-0.00316315
0.992777,-0.0025168,null,null,null
0.138945,null,0.181698,null,null
-0.154927,null,null,-0.176634,null
0.00578681,null,null,null,0.00336872
0.992727,-0.00822566,null,null,null
0.14488,null,0.151734,null,null
-0.133104,null,null,-0.113175,null
0.00103393,null,null,null,0.00229311
0.992846,-0.00509046,null,null,null
0.162766,null,0.20783,null,null
-0.0720684,null,null,-0.129009,null
-0.000246829,null,null,null,0.00296713
0.992765,-0.00619607,null,null,null
0.203295,null,0.239825,null,null
-0.023398,null,null,-0.109204,null
-0.00196865,null,null,null,-0.00167305
0.992626,-0.011062,null,null,null
0.18242,null,0.232865,null,null
-0.0856757,null,null,-0.109157,null
-0.0036137,null,null,null,0.00143202
0.992797,-0.0100948,null,null,null
0.241333,null,0.224061,null,null
-0.0758126,null,null,-0.166992,null
-0.000972158,null,null,null,0.0030944
0.992739,-0.00341923,null,null,null
0.252471,null,0.227368,null,null
-0.0655376,null,null,-0.165824,null
-0.00207045,null,null,null,0.00407271
0.992739,-0.00341923,null,null,null
0.252471,null,0.227368,null,null
-0.0655376,null,null,-0.165824,null
-0.00207045,null,null,null,0.00407271
0.992739,-0.00341923,null,null,null
0.252471,null,0.227368,null,null
-0.0655376,null,null,-0.165824,null
-0.00207045,null,null,null,0.00407271
0.992585,-0.0060091,null,null,null
0.244103,null,0.248024,null,null
-0.0396444,null,null,-0.121636,null
-0.00026357,null,null,null,-0.00257985
0.99275,-0.00650711,null,null,null
0.240393,null,0.224716,null,null
-0.103686,null,null,-0.147489,null
-0.000363981,null,null,null,-0.00062455
0.992581,-0.00863651,null,null,null
0.225419,null,0.254971,null,null
-0.107287,null,null,-0.144466,null
-0.00196877,null,null,null,0.00531217
0.992857,-0.00700423,null,null,null
0.240315,null,0.270468,null,null
-0.0916814,null,null,-0.174605,null
-0.00196048,null,null,null,-0.0031088
0.992815,-0.00951556,null,null,null
0.232091,null,0.236125,null,null
-0.111045,null,null,-0.128062,null
0.00124281,null,null,null,-0.0022527
0.992786,-0.00993555,null,null,null
0.230384,null,0.268071,null,null
-0.108291,null,null,-0.216771,null
-0.00376229,null,null,null,-0.00671416
0.992749,-0.0151378,null,null,null
0.19683,null,0.233572,null,null
-0.0945291,null,null,-0.263109,null
-0.00308101,null,null,null,-0.00451806
0.992771,-0.0193009,null,null,null
0.158469,null,0.271543,null,null
-0.041518,null,null,-0.207336,null
0.000789255,null,null,null,0.000848601
0.992805,-0.014327,null,null,null
0.220947,null,0.265883,null,null
-0.0120983,null,null,-0.205966,null
8.93706e-05,null,null,null,0.00514264
0.992805,-0.014327,null,null,null
0.220947,null,0.265883,null,null
-0.0120983,null,null,-0.205966,null
8.93706e-05,null,null,null,0.00514264
0.992803,-0.0158198,null,null,null
0.149517,null,0.288901,null,null
-0.0210571,null,null,-0.182676,null
-0.00423025,null,null,null,0.00480855
0.992803,-0.0158198,null,null,null
0.149517,null,0.288901,null,null
-0.0210571,null,null,-0.182676,null
-0.00423025,null,null,null,0.00480855
0.992795,-0.0191104,null,null,null
0.0965388,null,0.296016,null,null
0.0126399,null,null,-0.185833,null
0.00227961,null,null,null,-0.000292256
0.992668,-0.01772,null,null,null
0.108109,null,0.345612,null,null
-0.0114004,null,null,-0.131936,null
0.0014862,null,null,null,-0.00275164
0.992668,-0.01772,null,null,null
0.108109,null,0.345612,null,null
-0.0114004,null,null,-0.131936,null
0.0014862,null,null,null,-0.00275164
0.99273,-0.0184831,null,null,null
0.102344,null,0.327751,null,null
-0.0131628,null,null,-0.117704,null
-0.00168125,null,null,null,0.00447519
0.992761,-0.017392,null,null,null
0.131909,null,0.279608,null,null
-0.0122855,null,null,-0.123087,null
-0.00212495,null,null,null,0.00529109
0.992664,-0.021218,null,null,null
0.18298,null,0.283915,null,null
-0.0192381,null,null,-0.110686,null
-0.00661018,null,null,null,0.00656105
0.992756,-0.0225948,null,null,null
0.180445,null,0.341785,null,null
0.0059465,null,null,-0.0785414,null
-0.00777101,null,null,null,0.00471296
0.992668,-0.0259563,null,null,null
0.130145,null,0.328395,null,null
0.0120543,null,null,-0.0818676,null
-0.008947,null,null,null,0.000700501
0.992668,-0.0259563,null,null,null
0.130145,null,0.328395,null,null
0.0120543,null,null,-0.0818676,null
-0.008947,null,null,null,0.000700501
0.992579,-0.0242142,null,null,null
0.170489,null,0.268131,null,null
0.0115974,null,null,-0.0996605,null
0.00272953,null,null,null,0.00169676
0.99271,-0.0216794,null,null,null
0.189194,null,0.334895,null,null
-0.0294161,null,null,-0.0535485,null
-0.00146536,null,null,null,0.00528213
0.992749,-0.0204439,null,null,null
0.166228,null,0.297161,null,null
-0.080396,null,null,-0.0653606,null
-0.00133288,null,null,null,-0.00130051
0.992805,-0.0149027,null,null,null
0.136997,null,0.280539,null,null
-0.0773245,null,null,-0.0366215,null
-8.90205e-05,null,null,null,-0.00211031
0.992929,-0.012888,null,null,null
0.125518,null,0.218704,null,null
-0.110086,null,null,-0.0655157,null
-0.00141187,null,null,null,-0.000134236
0.992811,-0.0113449,null,null,null
0.15506,null,0.252081,null,null
-0.125034,null,null,-0.102477,null
0.00241464,null,null,null,-0.00311535
0.993073,-0.00263622,null,null,null
0.154699,null,0.290253,null,null
-0.133835,null,null,-0.0158764,null
-0.00402367,null,null,null,0.00250116
0.992942,-0.00543397,null,null,null
0.167781,null,0.31298,null,null
-0.142368,null,null,0.0434506,null
-0.000507261,null,null,null,-0.00348735
0.993038,-0.0030544,null,null,null
0.131189,null,0.27428,null,null
-0.15364,null,null,0.0455059,null
0.000684754,null,null,null,-0.00472236
0.993038,-0.0030544,null,null,null
0.131189,null,0.27428,null,null
-0.15364,null,null,0.0455059,null
0.000684754,null,null,null,-0.00472236
0.993038,-0.0030544,null,null,null
0.131189,null,0.27428,null,null
-0.15364,null,null,0.0455059,null
0.000684754,null,null,null,-0.00472236
0.993038,-0.0030544,null,null,null
0.131189,null,0.27428,null,null
-0.15364,null,null,0.0455059,null
0.000684754,null,null,null,-0.00472236
0.992999,-0.0120302,null,null,null
0.168034,null,0.251479,null,null
-0.101518,null,null,0.0182965,null
-0.00192048,null,null,null,-0.00789427
0.992999,-0.0120302,null,null,null
0.168034,null,0.251479,null,null
-0.101518,null,null,0.0182965,null
-0.00192048,null,null,null,-0.00789427
0.993056,-0.00661365,null,null,null
0.0616157,null,0.213872,null,null
-0.0656247,null,null,-0.0248025,null
-0.003168,null,null,null,-0.000439564
0.993125,-0.00468311,null,null,null
0.106904,null,0.244663,null,null
-0.0413071,null,null,0.0225385,null
-0.00607815,null,null,null,-0.00682123
0.99315,-0.00804273,null,null,null
0.107012,null,0.243551,null,null
-0.00150476,null,null,-0.0019771,null
-0.00367981,null,null,null,-0.00228911
0.993166,-0.0108509,null,null,null
0.126608,null,0.249262,null,null
-0.0397439,null,null,-0.0421744,null
-0.00299497,null,null,null,-0.000357525
0.993097,-0.00370852,null,null,null
0.131554,null,0.300372,null,null
-0.0750072,null,null,-0.018059,null
-0.00496364,null,null,null,-0.000915094
0.993076,-0.00669385,null,null,null
0.129048,null,0.302633,null,null
-0.0938299,null,null,0.0139656,null
0.000333885,null,null,null,0.002922
0.993076,-0.00669385,null,null,null
0.129048,null,0.302633,null,null
-0.0938299,null,null,0.0139656,null
0.000333885,null,null,null,0.002922
0.992994,-0.00557881,null,null,null
0.129298,null,0.34087,null,null
-0.107419,null,null,-0.0178334,null
0.000192305,null,null,null,-0.000365636
0.992994,-0.00557881,null,null,null
0.129298,null,0.34087,null,null
-0.107419,null,null,-0.0178334,null
0.000192305,null,null,null,-0.000365636
0.992994,-0.00557881,null,null,null
0.129298,null,0.34087,null,null
-0.107419,null,null,-0.0178334,null
0.000192305,null,null,null,-0.000365636
0.993,-0.00232361,null,null,null
0.223549,null,0.306565,null,null
-0.135776,null,null,-0.0213735,null
0.00434719,null,null,null,-0.00121946
0.993,-0.00232361,null,null,null
0.223549,null,0.306565,null,null
-0.135776,null,null,-0.0213735,null
0.00434719,null,null,null,-0.00121946
0.992982,-0.0087527,null,null,null
0.284967,null,0.373935,null,null
-0.154037,null,null,-0.00676339,null
0.00290809,null,null,null,0.00149138
0.993041,-0.00476331,null,null,null
0.288954,null,0.380215,null,null
-0.152193,null,null,-0.0155284,null
0.00398076,null,null,null,0.000733005
0.993041,-0.00476331,null,null,null
0.288954,null,0.380215,null,null
-0.152193,null,null,-0.0155284,null
0.00398076,null,null,null,0.000733005
0.993041,-0.00476331,null,null,null
0.288954,null,0.380215,null,null
-0.152193,null,null,-0.0155284,null
0.00398076,null,null,null,0.000733005
0.993035,-0.00423779,null,null,null
0.315936,null,0.392945,null,null
-0.139564,null,null,0.0451549,null
0.00116425,null,null,null,0.00593106
0.992896,-0.00627187,null,null,null
0.32317,null,0.383568,null,null
-0.167474,null,null,0.0371394,null
0.00234269,null,null,null,0.00176018
0.992977,-0.0119697,null,null,null
0.355526,null,0.321959,null,null
-0.134676,null,null,-0.0262526,null
2.57434e-06,null,null,null,8.55175e-05
0.99282,-0.0106222,null,null,null
0.380704,null,0.35031,null,null
-0.0877286,null,null,-0.000623745,null
0.0015369,null,null,null,-0.00202328
0.992753,-0.0134081,null,null,null
0.33945,null,0.343406,null,null
-0.0625659,null,null,-0.0225,null
0.00183986,null,null,null,-0.00903126
0.992919,-0.010138,null,null,null
0.352521,null,0.301202,null,null
-0.0553069,null,null,-0.0373171,null
-0.00220237,null,null,null,-0.00342737
0.992919,-0.010138,null,null,null
0.352521,null,0.301202,null,null
-0.0553069,null,null,-0.0373171,null
-0.00220237,null,null,null,-0.00342737
0.992919,-0.010138,null,null,null
0.352521,null,0.301202,null,null
-0.0553069,null,null,-0.0373171,null
-0.00220237,null,null,null,-0.00342737
0.99292,-0.00850587,null,null,null
0.269626,null,0.296086,null,null
-0.105329,null,null,-0.0105846,null
-0.00269094,null,null,null,-0.00122454
0.992877,0.00137621,null,null,null
0.214511,null,0.24443,null,null
-0.132606,null,null,-0.100499,null
-5.86622e-05,null,null,null,0.000415756
0.992877,0.00137621,null,null,null
0.214511,null,0.24443,null,null
-0.132606,null,null,-0.100499,null
-5.86622e-05,null,null,null,0.000415756
0.992877,0.00137621,null,null,null
0.214511,null,0.24443,null,null
-0.132606,null,null,-0.100499,null
-5.86622e-05,null,null,null,0.000415756
0.992889,0.000747208,null,null,null
0.252306,null,0.249319,null,null
-0.139821,null,null,-0.0804164,null
-0.00113719,null,null,null,-0.00140655
0.992889,0.000747208,null,null,null
0.252306,null,0.249319,null,null
-0.139821,null,null,-0.0804164,null
-0.00113719,null,null,null,-0.00140655
0.992879,-0.0034517,null,null,null
0.227908,null,0.249324,null,null
-0.0841439,null,null,-0.0105073,null
0.00117799,null,null,null,0.00224724
0.992774,0.00247105,null,null,null
0.222938,null,0.276716,null,null
-0.055696,null,null,0.0443526,null
0.00265599,null,null,null,0.00139309
0.992734,-0.00100176,null,null,null
0.190977,null,0.299661,null,null
-0.0442341,null,null,0.0492788,null
-0.000209685,null,null,null,-0.00134945
0.992854,-0.00917903,null,null,null
0.17548,null,0.321635,null,null
-0.0676927,null,null,-0.0408979,null
-0.000364642,null,null,null,-0.0071321
0.993001,-0.00596961,null,null,null
0.158271,null,0.276525,null,null
-0.114995,null,null,-0.0459147,null
-0.000575824,null,null,null,-0.00407871
0.993047,-0.0059281,null,null,null
0.160944,null,0.309269,null,null
-0.0752967,null,null,-0.106827,null
0.00410814,null,null,null,-0.00400096
0.993047,-0.0059281,null,null,null
0.160944,null,0.309269,null,null
-0.0752967,null,null,-0.106827,null
0.00410814,null,null,null,-0.00400096
0.993046,-0.000348239,null,null,null
0.17982,null,0.267697,null,null
-0.0477885,null,null,-0.101724,null
0.00525415,null,null,null,-0.00142249
0.993032,0.000243958,null,null,null
0.199139,null,0.180185,null,null
-0.0496609,null,null,-0.117972,null
0.00370015,null,null,null,0.00286625
0.993077,0.000354655,null,null,null
0.120154,null,0.130599,null,null
0.00902164,null,null,-0.0831988,null
0.000521657,null,null,null,0.00126074
0.993043,0.0015366,null,null,null
0.0959625,null,0.172161,null,null
-0.0559075,null,null,-0.0655162,null
0.00255448,null,null,null,-0.00161238
0.993089,0.000190196,null,null,null
0.185805,null,0.204344,null,null
0.00207092,null,null,-0.113514,null
0.0034802,null,null,null,-0.00471356
0.993089,0.000190196,null,null,null
0.185805,null,0.204344,null,null
0.00207092,null,null,-0.113514,null
0.0034802,null,null,null,-0.00471356
0.993186,-0.00271688,null,null,null
0.233129,null,0.26711,null,null
-0.059936,null,null,-0.125982,null
0.00459361,null,null,null,0.000343435
0.993085,-0.00443345,null,null,null
0.236375,null,0.294316,null,null
-0.0955774,null,null,-0.100989,null
0.00090559,null,null,null,-0.00273629
0.993138,-0.000859645,null,null,null
0.207995,null,0.28728,null,null
-0.10271,null,null,-0.055028,null
-0.00096493,null,null,null,0.0045944
0.993079,-0.00276474,null,null,null
0.165411,null,0.305116,null,null
-0.0572643,null,null,-0.158265,null
-0.000328526,null,null,null,-0.000529397
0.993119,-0.00196189,null,null,null
0.110377,null,0.290415,null,null
-0.00813861,null,null,-0.171245,null
-0.00128925,null,null,null,0.00237625
0.993029,-0.00426578,null,null,null
0.161189,null,0.26103,null,null
0.0246994,null,null,-0.115844,null
0.00175748,null,null,null,0.00842451
0.993001,-0.00330821,null,null,null
0.191281,null,0.271701,null,null
-0.0529134,null,null,-0.0982111,null
0.000598629,null,null,null,0.00446274
0.993067,-0.00338772,null,null,null
0.13267,null,0.275011,null,null
-0.0638911,null,null,-0.0729385,null
0.011537,null,null,null,-0.000782638
0.993069,-0.0023063,null,null,null
0.102471,null,0.21411,null,null
-0.042164,null,null,-0.133245,null
0.00330656,null,null,null,-0.000902157
0.993069,-0.0023063,null,null,null
0.102471,null,0.21411,null,null
-0.042164,null,null,-0.133245,null
0.00330656,null,null,null,-0.000902157
0.992786,-0.00818263,null,null,null
0.088152,null,0.219862,null,null
-0.0225635,null,null,-0.119233,null
0.00244265,null,null,null,-0.000239125
0.992931,-0.0105766,null,null,null
0.0863005,null,0.268408,null,null
-0.0291036,null,null,-0.146364,null
-0.00344811,null,null,null,-0.00219879
0.992595,-0.0139597,null,null,null
0.052503,null,0.285602,null,null
-0.0046232,null,null,-0.0315129,null
-0.00356612,null,null,null,0.000958196
0.992811,-0.0121285,null,null,null
0.105635,null,0.22887,null,null
0.0225603,null,null,-0.0210182,null
-0.000778941,null,null,null,0.00368899
0.992961,-0.0130135,null,null,null
0.0540764,null,0.26369,null,null
0.0037662,null,null,0.000913274,null
2.32585e-05,null,null,null,-8.53437e-05
0.992791,-0.0207426,null,null,null
0.052675,null,0.290127,null,null
0.0709932,null,null,-0.0399145,null
0.00433232,null,null,null,0.00302454
0.992791,-0.0207426,null,null,null
0.052675,null,0.290127,null,null
0.0709932,null,null,-0.0399145,null
0.00433232,null,null,null,0.00302454
0.99269,-0.0281922,null,null,null
0.114685,null,0.235593,null,null
0.0333881,null,null,-0.0618553,null
0.00508167,null,null,null,0.00344234
0.992774,-0.022682,null,null,null
0.103939,null,0.205315,null,null
0.0571752,null,null,-0.0477061,null
-0.0001736,null,null,null,0.00123308
0.992576,-0.0285794,null,null,null
0.114751,null,0.236844,null,null
0.088362,null,null,-0.122134,null
0.00329039,null,null,null,0.000822439
0.992487,-0.0293959,null,null,null
0.132295,null,0.237114,null,null
0.0799648,null,null,-0.0694402,null
0.0019931,null,null,null,0.000210992
0.992555,-0.0295956,null,null,null
0.171879,null,0.215881,null,null
0.0866528,null,null,-0.0286106,null
-0.00232749,null,null,null,0.00161649
0.992536,-0.0308374,null,null,null
0.234344,null,0.216309,null,null
0.12307,null,null,-0.0719777,null
-0.0048177,null,null,null,0.00454563
0.992324,-0.0301168,null,null,null
0.255356,null,0.253244,null,null
0.0145747,null,null,-0.0198074,null
-0.00801277,null,null,null,0.0031465
0.99265,-0.0247144,null,null,null
0.249976,null,0.196825,null,null
-0.0375853,null,null,0.0140995,null
0.000438951,null,null,null,-0.000105467
0.99265,-0.0247144,null,null,null
0.249976,null,0.196825,null,null
-0.0375853,null,null,0.0140995,null
0.000438951,null,null,null,-0.000105467
0.992989,-0.0144409,null,null,null
0.234368,null,0.196568,null,null
-0.0467321,null,null,-0.0169669,null
0.0025785,null,null,null,0.00180543
0.993067,-0.00809713,null,null,null
0.286044,null,0.155431,null,null
0.00326106,null,null,-0.0437495,null
0.00661681,null,null,null,-0.000484681
0.993117,-0.0071604,null,null,null
0.259945,null,0.105485,null,null
-0.00612193,null,null,-0.0554948,null
0.00625737,null,null,null,-0.00124984
0.992973,-0.00565991,null,null,null
0.287925,null,0.126061,null,null
0.0206204,null,null,0.0075795,null
0.00252403,null,null,null,-0.00167699
0.992876,0.00201454,null,null,null
0.284942,null,0.145879,null,null
-0.0281971,null,null,0.0128831,null
-0.000990261,null,null,null,-0.00147822
0.992961,0.00771065,null,null,null
0.277984,null,0.156067,null,null
-0.058927,null,null,-0.0325478,null
0.000557477,null,null,null,0.00201056
0.992961,0.00771065,null,null,null
0.277984,null,0.156067,null,null
-0.058927,null,null,-0.0325478,null
0.000557477,null,null,null,0.00201056
0.992909,0.00923614,null,null,null
0.239869,null,0.177551,null,null
-0.0398857,null,null,0.0343091,null
0.000258521,null,null,null,-0.00175961
0.99303,0.0100787,null,null,null
0.212415,null,0.122299,null,null
-0.0360045,null,null,0.0532525,null
0.00105513,null,null,null,-0.00122128
0.992975,0.0105289,null,null,null
0.208001,null,0.05027,null,null
-0.0690321,null,null,0.0088436,null
-0.00496795,null,null,null,-0.0054731
0.993105,0.00448163,null,null,null
0.173484,null,0.025248,null,null
-0.0687745,null,null,0.000666934,null
-0.00451095,null,null,null,-0.00194582
0.993105,0.00448163,null,null,null
0.173484,null,0.025248,null,null
-0.0687745,null,null,0.000666934,null
-0.00451095,null,null,null,-0.00194582
0.993032,0.00333673,null,null,null
0.197369,null,0.0428103,null,null
-0.0353969,null,null,-0.057751,null
-0.00613326,null,null,null,-0.0022274
0.993181,-0.00084812,null,null,null
0.273879,null,0.0377551,null,null
-0.0571791,null,null,-0.120241,null
-0.00258509,null,null,null,-0.0021209
0.993086,0.0049497,null,null,null
0.166626,null,0.0593923,null,null
-0.0506706,null,null,-0.0773662,null
-0.0030789,null,null,null,-0.00927954
0.993053,0.00294965,null,null,null
0.194674,null,0.0439414,null,null
-0.0221574,null,null,-0.126255,null
-0.00546261,null,null,null,-0.00311955
0.993205,0.00471808,null,null,null
0.259032,null,0.0545265,null,null
-0.0345468,null,null,-0.194466,null
-0.0034694,null,null,null,-0.00757645
0.993201,0.0106009,null,null,null
0.26585,null,0.0300294,null,null
-0.0360635,null,null,-0.165459,null
-0.000343166,null,null,null,-0.00265055
0.992956,0.0151261,null,null,null
0.2541,null,0.0236848,null,null
-0.0686654,null,null,-0.20417,null
0.000977539,null,null,null,-0.00189349
0.992939,0.017451,null,null,null
0.264731,null,0.045071,null,null
-0.14249,null,null,-0.161075,null
0.00590584,null,null,null,0.00167715
0.992939,0.017451,null,null,null
0.264731,null,0.045071,null,null
-0.14249,null,null,-0.161075,null
0.00590584,null,null,null,0.00167715
0.992939,0.017451,null,null,null
0.264731,null,0.045071,null,null
-0.14249,null,null,-0.161075,null
0.00590584,null,null,null,0.00167715
0.992939,0.017451,null,null,null
0.264731,null,0.045071,null,null
-0.14249,null,null,-0.161075,null
0.00590584,null,null,null,0.00167715
0.992981,0.016509,null,null,null
0.254244,null,0.0833979,null,null
-0.0573939,null,null,-0.199291,null
0.00416334,null,null,null,0.0019454
0.992656,0.0199009,null,null,null
0.269249,null,0.065806,null,null
-0.0235746,null,null,-0.273681,null
0.00690802,null,null,null,-0.00029584
0.992739,0.0200094,null,null,null
0.323252,null,0.0659011,null,null
0.0316204,null,null,-0.294783,null
0.00620412,null,null,null,0.00471891
0.992739,0.0200094,null,null,null
0.323252,null,0.0659011,null,null
0.0316204,null,null,-0.294783,null
0.00620412,null,null,null,0.00471891
0.9929,0.0190167,null,null,null
0.347282,null,0.137185,null,null
-0.0391644,null,null,-0.238334,null
0.00566294,null,null,null,-0.000329905
0.993034,0.0152082,null,null,null
0.285074,null,0.131032,null,null
0.0968334,null,null,-0.249433,null
0.00504979,null,null,null,-0.00229695
0.993045,0.0171975,null,null,null
0.208898,null,0.13355,null,null
0.0885031,null,null,-0.290265,null
0.00380093,null,null,null,-0.000362846
0.992784,0.0204654,null,null,null
0.210181,null,0.0902005,null,null
0.111882,null,null,-0.291584,null
0.00598604,null,null,null,-0.0026393
0.993117,0.014157,null,null,null
0.17017,null,0.104409,null,null
0.11488,null,null,-0.288466,null
0.00322912,null,null,null,-0.00725981
0.993196,0.0122057,null,null,null
0.183239,null,0.132573,null,null
0.124756,null,null,-0.378736,null
0.00450928,null,null,null,-0.00405354
0.99316,0.00478829,null,null,null
0.170343,null,0.125576,null,null
0.115972,null,null,-0.322591,null
0.00419621,null,null,null,0.00785321
0.993021,0.00444628,null,null,null
0.26403,null,0.103814,null,null
0.151927,null,null,-0.350392,null
-6.65065e-05,null,null,null,0.00473217
0.993021,0.00444628,null,null,null
0.26403,null,0.103814,null,null
0.151927,null,null,-0.350392,null
-6.65065e-05,null,null,null,0.00473217
0.993021,0.00444628,null,null,null
0.26403,null,0.103814,null,null
0.151927,null,null,-0.350392,null
-6.65065e-05,null,null,null,0.00473217
0.993021,0.00444628,null,null,null
0.26403,null,0.103814,null,null
0.151927,null,null,-0.350392,null
-6.65065e-05,null,null,null,0.00473217
0.993021,0.00444628,null,null,null
0.26403,null,0.103814,null,null
0.151927,null,null,-0.350392,null
-6.65065e-05,null,null,null,0.00473217
0.993167,0.00852654,null,null,null
0.256503,null,0.0569014,null,null
0.0870305,null,null,-0.337206,null
-0.00180273,null,null,null,-0.000257639
0.993027,0.00467295,null,null,null
0.264157,null,0.0416389,null,null
0.158145,null,null,-0.33103,null
5.13141e-05,null,null,null,0.0056332
0.99296,0.0120736,null,null,null
0.284911,null,0.0952915,null,null
0.105234,null,null,-0.321385,null
0.000433004,null,null,null,0.00265775
0.992745,0.0187064,null,null,null
0.320866,null,0.0704945,null,null
0.161435,null,null,-0.287463,null
-0.000213656,null,null,null,0.00527357
0.992771,0.0227219,null,null,null
0.232091,null,0.00902666,null,null
0.209985,null,null,-0.322979,null
-0.000250831,null,null,null,0.00423659
0.9927,0.0270633,null,null,null
0.264779,null,0.0585456,null,null
0.172764,null,null,-0.3424,null
-0.00295869,null,null,null,0.00362564
0.9927,0.0270633,null,null,null
0.264779,null,0.0585456,null,null
0.172764,null,null,-0.3424,null
-0.00295869,null,null,null,0.00362564
0.992703,0.0259754,null,null,null
0.24308,null,0.0412795,null,null
0.21898,null,null,-0.328294,null
-0.0015907,null,null,null,0.00540389
0.992796,0.0197804,null,null,null
0.293579,null,0.0172379,null,null
0.181712,null,null,-0.269458,null
0.00205962,null,null,null,0.00692565
0.992633,0.0195366,null,null,null
0.294441,null,0.0157149,null,null
0.145101,null,null,-0.250852,null
-0.00208742,null,null,null,0.00751032
0.992578,0.0169071,null,null,null
0.357525,null,0.072746,null,null
0.196955,null,null,-0.326645,null
-0.00295984,null,null,null,0.00503306
0.992578,0.0169071,null,null,null
0.357525,null,0.072746,null,null
0.196955,null,null,-0.326645,null
-0.00295984,null,null,null,0.00503306
0.992578,0.0169071,null,null,null
0.357525,null,0.072746,null,null
0.196955,null,null,-0.326645,null
-0.00295984,null,null,null,0.00503306
0.992775,0.022043,null,null,null
0.409678,null,0.0840026,null,null
0.172115,null,null,-0.30003,null
-8.27871e-05,null,null,null,0.00771799
0.992583,0.0217986,null,null,null
0.375485,null,0.031215,null,null
0.137174,null,null,-0.235371,null
0.0032526,null,null,null,0.00382473
0.992583,0.0217986,null,null,null
0.375485,null,0.031215,null,null
0.137174,null,null,-0.235371,null
0.0032526,null,null,null,0.00382473
0.992583,0.0217986,null,null,null
0.375485,null,0.031215,null,null
0.137174,null,null,-0.235371,null
0.0032526,null,null,null,0.00382473
0.992722,0.0203459,null,null,null
0.47518,null,0.0086825,null,null
0.205393,null,null,-0.293285,null
0.00266557,null,null,null,-0.00435125
0.992799,0.0164479,null,null,null
0.469635,null,-0.0150536,null,null
0.167279,null,null,-0.221787,null
0.00596043,null,null,null,-0.00260251
0.992799,0.0164479,null,null,null
0.469635,null,-0.0150536,null,null
0.167279,null,null,-0.221787,null
0.00596043,null,null,null,-0.00260251
0.992692,0.0149718,null,null,null
0.420234,null,0.0120465,null,null
0.215595,null,null,-0.162716,null
0.00580779,null,null,null,0.000190797
0.992929,0.0075072,null,null,null
0.430645,null,-0.0138679,null,null
0.228282,null,null,-0.234984,null
0.00493304,null,null,null,-0.00774751
0.992874,0.0122241,null,null,null
0.386976,null,0.00643221,null,null
0.23305,null,null,-0.247561,null
0.00262879,null,null,null,-0.00695039
0.99284,0.0131287,null,null,null
0.420659,null,0.0635724,null,null
0.206618,null,null,-0.26707,null
-0.00296974,null,null,null,-0.00695353
0.992925,0.0106568,null,null,null
0.376843,null,0.0271019,null,null
0.298634,null,null,-0.255656,null
0.00270544,null,null,null,-8.57722e-05
0.992968,0.00776718,null,null,null
0.341565,null,0.0137433,null,null
0.310651,null,null,-0.265582,null
-0.000378576,null,null,null,0.00285488
0.992927,0.0111524,null,null,null
0.301287,null,0.0363836,null,null
0.342719,null,null,-0.18359,null
-0.0115127,null,null,null,0.00204749
0.99305,0.00842574,null,null,null
0.326049,null,0.0770378,null,null
0.353001,null,null,-0.209986,null
-0.00564602,null,null,null,-0.00040922
0.99289,0.012312,null,null,null
0.352485,null,0.0211061,null,null
0.34322,null,null,-0.164715,null
-0.00672175,null,null,null,0.00251289
0.99289,0.012312,null,null,null
0.352485,null,0.0211061,null,null
0.34322,null,null,-0.164715,null
-0.00672175,null,null,null,0.00251289
0.99281,0.0196819,null,null,null
0.297165,null,0.149517,null,null
0.318181,null,null,-0.176366,null
-0.00158143,null,null,null,0.00331811
0.992738,0.018394,null,null,null
0.21327,null,0.0725131,null,null
0.373818,null,null,-0.145317,null
0.000869972,null,null,null,0.00511192
0.992738,0.018394,null,null,null
0.21327,null,0.0725131,null,null
0.373818,null,null,-0.145317,null
0.000869972,null,null,null,0.00511192
0.992833,0.0169569,null,null,null
0.207559,null,0.0642276,null,null
0.366358,null,null,-0.128944,null
0.00647978,null,null,null,0.00412574
0.992637,0.0216396,null,null,null
0.241492,null,0.0501612,null,null
0.355841,null,null,-0.103119,null
0.00425748,null,null,null,0.00223664
0.992694,0.0190358,null,null,null
0.317055,null,0.0829059,null,null
0.404222,null,null,-0.115592,null
0.00545009,null,null,null,0.000786566
0.992995,0.0135739,null,null,null
0.257235,null,0.0368605,null,null
0.398465,null,null,-0.104005,null
0.000315744,null,null,null,0.00356087
0.993055,0.0079602,null,null,null
0.266635,null,0.114461,null,null
0.340464,null,null,-0.187364,null
0.00423026,null,null,null,0.00308891
0.9931,0.011408,null,null,null
0.276854,null,0.0705431,null,null
0.305684,null,null,-0.118389,null
0.0117623,null,null,null,-0.00285376
0.993154,0.00639032,null,null,null
0.241696,null,0.0222816,null,null
0.359551,null,null,-0.188329,null
0.00091884,null,null,null,0.00224296
0.993154,0.00639032,null,null,null
0.241696,null,0.0222816,null,null
0.359551,null,null,-0.188329,null
0.00091884,null,null,null,0.00224296
0.992942,0.00943535,null,null,null
0.256079,null,0.0197045,null,null
0.360911,null,null,-0.161781,null
0.00383414,null,null,null,-0.00712235
0.992942,0.00943535,null,null,null
0.256079,null,0.0197045,null,null
0.360911,null,null,-0.161781,null
0.00383414,null,null,null,-0.00712235
0.992942,0.00943535,null,null,null
0.256079,null,0.0197045,null,null
0.360911,null,null,-0.161781,null
0.00383414,null,null,null,-0.00712235
0.993146,0.00466395,null,null,null
0.255333,null,-0.000810189,null,null
0.393168,null,null,-0.140327,null
0.00552745,null,null,null,-0.00102821
0.993146,0.00466395,null,null,null
0.255333,null,-0.000810189,null,null
0.393168,null,null,-0.140327,null
0.00552745,null,null,null,-0.00102821
0.993008,0.0114533,null,null,null
0.244418,null,-0.0426726,null,null
0.365082,null,null,-0.173097,null
0.00170135,null,null,null,-0.0020352
0.992836,0.0103096,null,null,null
0.259115,null,0.0291903,null,null
0.308932,null,null,-0.156499,null
-0.00187798,null,null,null,0.0051538
0.992916,0.0088593,null,null,null
0.236494,null,0.129321,null,null
0.318026,null,null,-0.0887925,null
-0.00289867,null,null,null,0.00692337
0.992698,0.00837044,null,null,null
0.265375,null,0.106301,null,null
0.34015,null,null,-0.156611,null
0.00112539,null,null,null,0.00595778
0.992833,0.0120053,null,null,null
0.244061,null,0.230629,null,null
0.393363,null,null,-0.130573,null
-0.000744424,null,null,null,0.00812575
0.992775,0.00485824,null,null,null
0.252063,null,0.217512,null,null
0.401804,null,null,-0.088437,null
-0.00256295,null,null,null,0.00799844
0.992835,0.0058795,null,null,null
0.310396,null,0.245486,null,null
0.38255,null,null,-0.0771526,null
-0.00617822,null,null,null,0.00433465
0.992925,0.00478004,null,null,null
0.295005,null,0.253295,null,null
0.397753,null,null,-0.0630992,null
0.000205087,null,null,null,0.000605771
0.992896,0.00954829,null,null,null
0.309196,null,0.233509,null,null
0.376538,null,null,-0.114623,null
0.00539072,null,null,null,0.00352909
0.99288,0.00295707,null,null,null
0.302972,null,0.20621,null,null
0.309659,null,null,-0.178193,null
0.0058759,null,null,null,0.00333005
0.992826,0.00596995,null,null,null
0.321937,null,0.1643,null,null
0.301425,null,null,-0.218905,null
0.00602495,null,null,null,-0.000616199
0.992568,0.00857086,null,null,null
0.312196,null,0.153485,null,null
0.408924,null,null,-0.227996,null
0.00157875,null,null,null,0.00404794
0.992739,0.00220049,null,null,null
0.38794,null,0.0985699,null,null
0.312735,null,null,-0.310036,null
0.005337,null,null,null,8.34686e-05
0.992641,0.0032194,null,null,null
0.419095,null,0.126555,null,null
0.336561,null,null,-0.298004,null
-0.00193135,null,null,null,-4.42064e-05
0.992679,0.00541143,null,null,null
0.369652,null,0.0985165,null,null
0.298869,null,null,-0.247808,null
-0.00291689,null,null,null,0.0039556
0.992703,0.00975938,null,null,null
0.383111,null,0.146711,null,null
0.32597,null,null,-0.217614,null
0.00196026,null,null,null,-0.00180688
0.992696,0.00441527,null,null,null
0.378692,null,0.101771,null,null
0.321831,null,null,-0.205981,null
0.00230223,null,null,null,0.00109884
0.99258,0.000110904,null,null,null
0.331585,null,0.14531,null,null
0.274365,null,null,-0.230576,null
-0.00318716,null,null,null,-0.000873195
0.9926,-7.57039e-05,null,null,null
0.375773,null,0.162354,null,null
0.200881,null,null,-0.289435,null
0.000293019,null,null,null,0.00719661
0.9926,-7.57039e-05,null,null,null
0.375773,null,0.162354,null,null
0.200881,null,null,-0.289435,null
0.000293019,null,null,null,0.00719661
0.992699,0.00273715,null,null,null
0.32619,null,0.133835,null,null
0.172721,null,null,-0.309145,null
0.00118248,null,null,null,0.00465298
0.992883,0.00554919,null,null,null
0.38627,null,0.106774,null,null
0.213455,null,null,-0.322584,null
0.00659401,null,null,null,0.00596719
0.992725,0.00937724,null,null,null
0.382879,null,0.0704066,null,null
0.253879,null,null,-0.309925,null
-7.5928e-05,null,null,null,0.000162028
0.992795,0.00800394,null,null,null
0.327876,null,0.0949634,null,null
0.253406,null,null,-0.301061,null
0.00452123,null,null,null,0.0020735
0.992748,0.0119014,null,null,null
0.35872,null,0.0333616,null,null
0.25154,null,null,-0.238561,null
0.00157507,null,null,null,0.00277166
0.992748,0.0119014,null,null,null
0.35872,null,0.0333616,null,null
0.25154,null,null,-0.238561,null
0.00157507,null,null,null,0.00277166
0.992939,0.0131035,null,null,null
0.368287,null,0.0563056,null,null
0.265536,null,null,-0.21287,null
-0.00252121,null,null,null,0.0053407
0.992939,0.0131035,null,null,null
0.368287,null,0.0563056,null,null
0.265536,null,null,-0.21287,null
-0.00252121,null,null,null,0.0053407
0.992812,0.0148835,null,null,null
0.359635,null,0.0841647,null,null
0.276757,null,null,-0.2161,null
0.000644432,null,null,null,0.00370129
0.992812,0.0148835,null,null,null
0.359635,null,0.0841647,null,null
0.276757,null,null,-0.2161,null
0.000644432,null,null,null,0.00370129
0.992824,0.0176863,null,null,null
0.399624,null,0.0239788,null,null
0.236974,null,null,-0.242998,null
-0.00402387,null,null,null,-0.00216954
0.992825,0.0182887,null,null,null
0.386028,null,0.0933708,null,null
0.233714,null,null,-0.282158,null
0.00382945,null,null,null,-0.00149395
0.992847,0.0177546,null,null,null
0.397915,null,0.112282,null,null
0.179859,null,null,-0.320109,null
0.00320872,null,null,null,-0.00266941
0.992847,0.0177546,null,null,null
0.397915,null,0.112282,null,null
0.179859,null,null,-0.320109,null
0.00320872,null,null,null,-0.00266941
0.99288,0.0127481,null,null,null
0.331414,null,0.0834712,null,null
0.098496,null,null,-0.328363,null
0.002283,null,null,null,0.00325173
0.99288,0.0127481,null,null,null
0.331414,null,0.0834712,null,null
0.098496,null,null,-0.328363,null
0.002283,null,null,null,0.00325173
0.99288,0.0127481,null,null,null
0.331414,null,0.0834712,null,null
0.098496,null,null,-0.328363,null
0.002283,null,null,null,0.00325173
0.99288,0.0127481,null,null,null
0.331414,null,0.0834712,null,null
0.098496,null,null,-0.328363,null
0.002283,null,null,null,0.00325173
0.992901,0.0146892,null,null,null
0.312865,null,0.127362,null,null
0.100052,null,null,-0.321302,null
-0.00350252,null,null,null,0.00404646
0.992901,0.0146892,null,null,null
0.312865,null,0.127362,null,null
0.100052,null,null,-0.321302,null
-0.00350252,null,null,null,0.00404646
0.992786,0.0131927,null,null,null
0.314387,null,0.128036,null,null
0.133261,null,null,-0.301366,null
0.00171203,null,null,null,0.00438061
0.992786,0.0131927,null,null,null
0.314387,null,0.128036,null,null
0.133261,null,null,-0.301366,null
0.00171203,null,null,null,0.00438061
0.992786,0.0131927,null,null,null
0.314387,null,0.128036,null,null
0.133261,null,null,-0.301366,null
0.00171203,null,null,null,0.00438061
0.99286,0.00798015,null,null,null
0.251516,null,0.0949555,null,null
0.087619,null,null,-0.288894,null
-0.00668903,null,null,null,0.00205753
0.992886,0.00390902,null,null,null
0.239329,null,0.0149665,null,null
0.125405,null,null,-0.297261,null
-0.00182249,null,null,null,0.000577104
0.992873,0.00208631,null,null,null
0.268205,null,0.00761631,null,null
0.108136,null,null,-0.209524,null
0.00281637,null,null,null,0.00155371
0.992864,-0.0029522,null,null,null
0.2875,null,0.0882484,null,null
0.0997113,null,null,-0.262219,null
-0.0032947,null,null,null,0.00281562
0.992768,0.0016087,null,null,null
0.286697,null,0.08495,null,null
0.20462,null,null,-0.240028,null
0.00473675,null,null,null,-0.00363188
0.992761,0.00965605,null,null,null
0.284278,null,0.0821542,null,null
0.178427,null,null,-0.244755,null
0.00153171,null,null,null,-0.00207947
0.992746,0.0118188,null,null,null
0.240746,null,0.052444,null,null
0.203618,null,null,-0.294621,null
0.00556041,null,null,null,-0.00521037
0.99284,0.0083067,null,null,null
0.237669,null,-0.00645094,null,null
0.22211,null,null,-0.28299,null
0.00117194,null,null,null,-0.00559936
0.992844,0.0120204,null,null,null
0.192641,null,-0.00373657,null,null
0.185443,null,null,-0.281786,null
0.000837706,null,null,null,-0.00364285
0.992874,0.0114064,null,null,null
0.215994,null,-0.0376756,null,null
0.181614,null,null,-0.25472,null
0.000348269,null,null,null,-0.00389243
0.992962,0.0104678,null,null,null
0.188346,null,-0.0285186,null,null
0.242962,null,null,-0.23855,null
0.000236888,null,null,null,-0.00262874
0.992947,0.00418915,null,null,null
0.291699,null,-0.0133566,null,null
0.216821,null,null,-0.198384,null
0.000701459,null,null,null,0.00465639
0.993015,0.00717689,null,null,null
0.267886,null,0.00980276,null,null
0.194162,null,null,-0.189358,null
0.00228117,null,null,null,0.00365665
0.992932,0.016165,null,null,null
0.315767,null,-0.0495048,null,null
0.262977,null,null,-0.0930373,null
0.00200749,null,null,null,0.00108073
0.992932,0.016165,null,null,null
0.315767,null,-0.0495048,null,null
0.262977,null,null,-0.0930373,null
0.00200749,null,null,null,0.00108073
0.992976,0.0139019,null,null,null
0.2536,null,-0.166236,null,null
0.265612,null,null,-0.0370519,null
-0.00126889,null,null,null,-0.00238098
0.99302,0.0102577,null,null,null
0.202529,null,-0.165022,null,null
0.223794,null,null,-0.117532,null
0.00359087,null,null,null,-0.0012494
0.99293,0.0113221,null,null,null
0.263657,null,-0.081816,null,null
0.268286,null,null,-0.162341,null
0.000765368,null,null,null,0.00111265
0.992785,0.0101386,null,null,null
0.243831,null,-0.091017,null,null
0.276669,null,null,-0.127438,null
-0.00262731,null,null,null,-0.000138219
0.992801,0.00684038,null,null,null
0.213477,null,-0.11871,null,null
0.227161,null,null,-0.137114,null
0.00236645,null,null,null,0.00308737
0.992727,-0.00253338,null,null,null
0.201785,null,-0.0852034,null,null
0.231614,null,null,-0.139085,null
-0.00200987,null,null,null,-0.00317771
0.993027,-0.000505379,null,null,null
0.183661,null,-0.0523503,null,null
0.232609,null,null,-0.136986,null
0.000825151,null,null,null,0.000928731
0.99299,-0.000839446,null,null,null
0.189169,null,-0.0382725,null,null
0.261241,null,null,-0.111622,null
0.0035193,null,null,null,0.000274954
0.993115,-0.000933194,null,null,null
0.257226,null,-0.080355,null,null
0.251752,null,null,-0.0970066,null
0.00728004,null,null,null,0.0048499
0.993091,-0.0011729,null,null,null
0.302862,null,-0.039224,null,null
0.276016,null,null,-0.155574,null
-0.00433827,null,null,null,0.00787476
0.99303,-0.00486644,null,null,null
0.237393,null,0.00537599,null,null
0.239544,null,null,-0.185646,null
0.00316029,null,null,null,0.0065459
0.992947,-0.00176935,null,null,null
0.284948,null,0.0400399,null,null
0.258976,null,null,-0.214473,null
0.00257341,null,null,null,0.00445179
0.992857,0.00353613,null,null,null
0.256686,null,0.0203549,null,null
0.28005,null,null,-0.261316,null
0.00430152,null,null,null,0.00250744
0.993196,-0.00195237,null,null,null
0.28679,null,0.00525565,null,null
0.323132,null,null,-0.261003,null
0.00347565,null,null,null,-0.00185272
0.993101,-0.000475825,null,null,null
0.211753,null,0.0251691,null,null
0.306261,null,null,-0.242899,null
0.000518294,null,null,null,-0.00133634
0.992982,0.00390791,null,null,null
0.230834,null,-0.0123972,null,null
0.336027,null,null,-0.254146,null
0.00062881,null,null,null,-0.0031876
0.992856,0.000742589,null,null,null
0.254607,null,0.0162797,null,null
0.318135,null,null,-0.266128,null
0.000160074,null,null,null,-0.00524459
0.993159,-0.00396949,null,null,null
0.196651,null,-0.0250864,null,null
0.346786,null,null,-0.29483,null
-0.00146326,null,null,null,-0.000160035
0.993097,-0.00185845,null,null,null
0.261029,null,-0.00214424,null,null
0.373215,null,null,-0.294544,null
-0.000336563,null,null,null,-0.00344735
0.993126,0.00446581,null,null,null
0.278196,null,-0.0232195,null,null
0.425964,null,null,-0.278536,null
0.0012404,null,null,null,0.00505433
0.993126,0.00446581,null,null,null
0.278196,null,-0.0232195,null,null
0.425964,null,null,-0.278536,null
0.0012404,null,null,null,0.00505433
0.993185,0.00565046,null,null,null
0.289589,null,-0.0271376,null,null
0.383446,null,null,-0.255651,null
4.52428e-05,null,null,null,0.00289223
0.992968,0.0117727,null,null,null
0.335795,null,0.0179621,null,null
0.414187,null,null,-0.219775,null
0.000246169,null,null,null,-0.00222975
0.993036,0.0154631,null,null,null
0.249925,null,0.0298485,null,null
0.340658,null,null,-0.255021,null
0.00241864,null,null,null,0.000453408
0.992833,0.017891,null,null,null
0.195595,null,-0.0532827,null,null
0.418579,null,null,-0.18111,null
-5.87761e-05,null,null,null,0.00158238
0.992833,0.017891,null,null,null
0.195595,null,-0.0532827,null,null
0.418579,null,null,-0.18111,null
-5.87761e-05,null,null,null,0.00158238
0.99301,0.0186556,null,null,null
0.188865,null,0.0188154,null,null
0.413664,null,null,-0.205258,null
0.00192421,null,null,null,-0.00296812
0.992926,0.0200056,null,null,null
0.189081,null,-0.0371735,null,null
0.416815,null,null,-0.17334,null
0.000460617,null,null,null,-0.0014843
0.9929,0.0138023,null,null,null
0.216319,null,-0.0663449,null,null
0.407539,null,null,-0.101133,null
-0.000555753,null,null,null,-0.00395996
0.9929,0.0138023,null,null,null
0.216319,null,-0.0663449,null,null
0.407539,null,null,-0.101133,null
-0.000555753,null,null,null,-0.00395996
0.9929,0.0138023,null,null,null
0.216319,null,-0.0663449,null,null
0.407539,null,null,-0.101133,null
-0.000555753,null,null,null,-0.00395996
0.99281,0.016111,null,null,null
0.174973,null,0.019741,null,null
0.451075,null,null,-0.0719289,null
0.00593905,null,null,null,0.000392509
0.992908,0.019234,null,null,null
0.195171,null,-0.010051,null,null
0.524825,null,null,-0.0485175,null
0.00913408,null,null,null,0.00178163
0.992908,0.019234,null,null,null
0.195171,null,-0.010051,null,null
0.524825,null,null,-0.0485175,null
0.00913408,null,null,null,0.00178163
0.992804,0.0203403,null,null,null
0.20567,null,0.00808806,null,null
0.529489,null,null,-0.0927765,null
0.00242714,null,null,null,-0.00386106
0.992804,0.0203403,null,null,null
0.20567,null,0.00808806,null,null
0.529489,null,null,-0.0927765,null
0.00242714,null,null,null,-0.00386106
0.992762,0.0184109,null,null,null
0.239169,null,-0.0299071,null,null
0.443028,null,null,-0.168906,null
-0.0047421,null,null,null,-0.00181727
0.992739,0.0180813,null,null,null
0.260525,null,-0.0105689,null,null
0.471293,null,null,-0.16501,null
-0.00776022,null,null,null,-0.00430595
0.992739,0.0180813,null,null,null
0.260525,null,-0.0105689,null,null
0.471293,null,null,-0.16501,null
-0.00776022,null,null,null,-0.00430595
0.992748,0.0199429,null,null,null
0.184679,null,-0.0210864,null,null
0.420679,null,null,-0.225146,null
0.00107723,null,null,null,0.00351971
0.992627,0.0217606,null,null,null
0.242501,null,-0.00701084,null,null
0.397996,null,null,-0.219854,null
-0.00271412,null,null,null,-0.000257235
0.992819,0.0216921,null,null,null
0.168225,null,-0.0247581,null,null
0.400489,null,null,-0.21698,null
0.00479397,null,null,null,-0.000403731
0.992859,0.0205427,null,null,null
0.12951,null,-0.0239795,null,null
0.381955,null,null,-0.23786,null
0.00439301,null,null,null,-0.00234725
0.992865,0.0218776,null,null,null
0.118339,null,-0.0321235,null,null
0.396399,null,null,-0.233189,null
0.00104372,null,null,null,0.00505277
0.992753,0.022327,null,null,null
0.119352,null,-0.0690424,null,null
0.348124,null,null,-0.307799,null
0.00778501,null,null,null,0.0037243
0.99285,0.0234454,null,null,null
0.0432567,null,-0.0142028,null,null
0.351867,null,null,-0.290346,null
-0.00323744,null,null,null,-0.00197779
0.99285,0.0234454,null,null,null
0.0432567,null,-0.0142028,null,null
0.351867,null,null,-0.290346,null
-0.00323744,null,null,null,-0.00197779
0.99297,0.0174681,null,null,null
0.0514246,null,-0.0337305,null,null
0.371132,null,null,-0.302167,null
0.00164504,null,null,null,-0.00335411
0.99297,0.0174681,null,null,null
0.0514246,null,-0.0337305,null,null
0.371132,null,null,-0.302167,null
0.00164504,null,null,null,-0.00335411
0.993001,0.0131877,null,null,null
0.0618411,null,0.0062657,null,null
0.338043,null,null,-0.301015,null
0.00657935,null,null,null,-0.00516595
0.993234,0.0152226,null,null,null
0.0537095,null,-0.0256922,null,null
0.342205,null,null,-0.333018,null
0.0076275,null,null,null,-0.00273975
0.993044,0.0120013,null,null,null
0.0165556,null,-0.0433141,null,null
0.367783,null,null,-0.306351,null
0.0108259,null,null,null,0.00653903
0.993044,0.0120013,null,null,null
0.0165556,null,-0.0433141,null,null
0.367783,null,null,-0.306351,null
0.0108259,null,null,null,0.00653903
0.993019,0.00947055,null,null,null
0.0365922,null,-0.0559299,null,null
0.420974,null,null,-0.371395,null
0.00939955,null,null,null,0.00607866
0.992901,0.00402936,null,null,null
0.0613491,null,0.0419419,null,null
0.46944,null,null,-0.336405,null
0.0066116,null,null,null,0.00897304
0.992748,0.00286329,null,null,null
0.0632075,null,0.0020278,null,null
0.543949,null,null,-0.255824,null
0.00450609,null,null,null,-0.000695589
0.992885,-0.00347186,null,null,null
0.0279676,null,-0.0430816,null,null
0.519153,null,null,-0.207372,null
0.00177561,null,null,null,4.25068e-05
0.992815,0.000240207,null,null,null
0.0187877,null,-0.0101011,null,null
0.450096,null,null,-0.174909,null
0.00422222,null,null,null,0.00299735
0.992926,-0.00300901,null,null,null
0.0287105,null,-0.0165936,null,null
0.464133,null,null,-0.243987,null
0.00208148,null,null,null,0.00170758
0.993044,-0.0050519,null,null,null
-0.0324106,null,0.00231565,null,null
0.401799,null,null,-0.145726,null
0.00438861,null,null,null,0.00147614
0.992924,-0.0119516,null,null,null
0.00981874,null,-0.0472974,null,null
0.361891,null,null,-0.148299,null
0.00547113,null,null,null,0.0015959
0.992841,-0.0138272,null,null,null
0.06097,null,-0.0279571,null,null
0.385946,null,null,-0.274161,null
0.00525658,null,null,null,0.000739491
0.992592,-0.0190085,null,null,null
0.0903351,null,-0.0155761,null,null
0.365199,null,null,-0.234284,null
-0.0022741,null,null,null,-0.0057717
0.992797,-0.0172175,null,null,null
0.0752768,null,0.00437611,null,null
0.374003,null,null,-0.288794,null
-0.002658,null,null,null,0.00405027
0.992899,-0.0157341,null,null,null
0.0251672,null,0.0501456,null,null
0.414609,null,null,-0.280229,null
-0.0017259,null,null,null,-0.00268129
0.993015,-0.0103343,null,null,null
0.0229738,null,0.0729299,null,null
0.328008,null,null,-0.321965,null
8.24095e-05,null,null,null,0.00226771
0.993015,-0.0103343,null,null,null
0.0229738,null,0.0729299,null,null
0.328008,null,null,-0.321965,null
8.24095e-05,null,null,null,0.00226771
0.992923,-0.0104794,null,null,null
0.0287529,null,-0.0134014,null,null
0.310628,null,null,-0.29247,null
0.001166,null,null,null,0.00729745
0.992988,-0.00800389,null,null,null
0.0860794,null,0.0060546,null,null
0.322642,null,null,-0.29563,null
-0.00178443,null,null,null,0.00628549
0.992953,-0.00402346,null,null,null
0.055698,null,0.000942516,null,null
0.282664,null,null,-0.384795,null
-0.00371836,null,null,null,0.00229051
0.99293,-0.00613771,null,null,null
0.0125119,null,-0.0462949,null,null
0.244686,null,null,-0.406599,null
-0.00479486,null,null,null,0.00688586
0.993025,-0.00604872,null,null,null
0.0175728,null,-0.0607351,null,null
0.252191,null,null,-0.378406,null
-0.00310497,null,null,null,0.00462132
0.992946,-0.00883225,null,null,null
0.0631888,null,-0.049557,null,null
0.259095,null,null,-0.330734,null
-0.0047529,null,null,null,0.00851573
0.992789,-0.0131188,null,null,null
0.093681,null,-0.039436,null,null
0.24003,null,null,-0.328068,null
0.00289714,null,null,null,0.00276749
0.992746,-0.0157758,null,null,null
0.126046,null,-0.0879667,null,null
0.311516,null,null,-0.29827,null
-0.00274476,null,null,null,0.00291856
0.99287,-0.0104145,null,null,null
0.192736,null,-0.0472629,null,null
0.295117,null,null,-0.292385,null
0.00353241,null,null,null,-0.00182006
0.992806,-0.0139641,null,null,null
0.158726,null,-0.0520324,null,null
0.319937,null,null,-0.302602,null
0.00053998,null,null,null,-0.000433439
0.992806,-0.0139641,null,null,null
0.158726,null,-0.0520324,null,null
0.319937,null,null,-0.302602,null
0.00053998,null,null,null,-0.000433439
0.992609,-0.0121661,null,null,null
0.178437,null,-0.0573834,null,null
0.294054,null,null,-0.289289,null
0.00447311,null,null,null,0.00422314
0.992492,-0.0058744,null,null,null
0.140789,null,-0.0594811,null,null
0.214549,null,null,-0.295407,null
0.00390915,null,null,null,0.000904344
0.992589,0.000772337,null,null,null
0.200311,null,-0.0620578,null,null
0.208108,null,null,-0.241236,null
0.00287463,null,null,null,0.00419419
0.992589,0.000772337,null,null,null
0.200311,null,-0.0620578,null,null
0.208108,null,null,-0.241236,null
0.00287463,null,null,null,0.00419419
0.992726,-0.00287499,null,null,null
0.146313,null,-0.156465,null,null
0.230495,null,null,-0.223176,null
-0.000258969,null,null,null,0.00518678
0.992935,0.000710809,null,null,null
0.160865,null,-0.120137,null,null
0.257361,null,null,-0.198861,null
0.00127814,null,null,null,0.00345279
0.992935,0.000710809,null,null,null
0.160865,null,-0.120137,null,null
0.257361,null,null,-0.198861,null
0.00127814,null,null,null,0.00345279
0.992984,-0.00194579,null,null,null
0.182512,null,-0.122152,null,null
0.200091,null,null,-0.212384,null
-0.00370944,null,null,null,0.00740264
0.993061,-0.0028514,null,null,null
0.138233,null,-0.150147,null,null
0.169936,null,null,-0.226959,null
0.00161114,null,null,null,0.00312506
0.993046,-0.00376194,null,null,null
0.185782,null,-0.122834,null,null
0.157375,null,null,-0.239739,null
0.00281147,null,null,null,0.00104054
0.992768,-0.00051484,null,null,null
0.153982,null,-0.21508,null,null
0.145171,null,null,-0.205116,null
0.00653946,null,null,null,0.00390551
0.992905,-0.00476219,null,null,null
0.134511,null,-0.162829,null,null
0.210907,null,null,-0.243028,null
0.000918056,null,null,null,-0.00418051
0.992866,-0.00994083,null,null,null
0.0842385,null,-0.142011,null,null
0.249346,null,null,-0.311049,null
-0.00100137,null,null,null,-0.0058183
0.992803,-0.0175185,null,null,null
0.0844869,null,-0.154325,null,null
0.181124,null,null,-0.297007,null
0.00168686,null,null,null,-0.00437021
0.99265,-0.0193324,null,null,null
0.0492259,null,-0.0993011,null,null
0.243835,null,null,-0.309755,null
-0.000931903,null,null,null,-0.0054799
0.99265,-0.0193324,null,null,null
0.0492259,null,-0.0993011,null,null
0.243835,null,null,-0.309755,null
-0.000931903,null,null,null,-0.0054799
0.992585,-0.0151156,null,null,null
0.066709,null,-0.108174,null,null
0.209987,null,null,-0.306818,null
0.00131891,null,null,null,-0.00472351
0.992589,-0.020505,null,null,null
0.0445958,null,-0.133313,null,null
0.211751,null,null,-0.274974,null
0.00472931,null,null,null,-0.00373676
0.992555,-0.0227973,null,null,null
0.0807544,null,-0.118024,null,null
0.199451,null,null,-0.2646,null
4.8059e-05,null,null,null,-0.00693969
0.99247,-0.0250165,null,null,null
0.0428752,null,-0.151699,null,null
0.160834,null,null,-0.211124,null
-0.00356236,null,null,null,-0.0040771
0.99247,-0.0250165,null,null,null
0.0428752,null,-0.151699,null,null
0.160834,null,null,-0.211124,null
-0.00356236,null,null,null,-0.0040771
0.992585,-0.0202368,null,null,null
0.038015,null,-0.126695,null,null
0.190929,null,null,-0.207911,null
-0.00182113,null,null,null,-0.00261595
0.992555,-0.0227096,null,null,null
0.0301364,null,-0.233331,null,null
0.214215,null,null,-0.190434,null
-0.000102452,null,null,null,-0.00221515
0.992555,-0.0227096,null,null,null
0.0301364,null,-0.233331,null,null
0.214215,null,null,-0.190434,null
-0.000102452,null,null,null,-0.00221515
0.992515,-0.0233544,null,null,null
0.0558654,null,-0.174471,null,null
0.20524,null,null,-0.197726,null
-0.00441762,null,null,null,-0.00248428
0.992669,-0.0208172,null,null,null
0.08616,null,-0.0880372,null,null
0.217807,null,null,-0.155255,null
-0.0012505,null,null,null,-0.000633606
0.992669,-0.0208172,null,null,null
0.08616,null,-0.0880372,null,null
0.217807,null,null,-0.155255,null
-0.0012505,null,null,null,-0.000633606
0.992669,-0.0208172,null,null,null
0.08616,null,-0.0880372,null,null
0.217807,null,null,-0.155255,null
-0.0012505,null,null,null,-0.000633606
0.992686,-0.0174533,null,null,null
0.107944,null,-0.135467,null,null
0.154116,null,null,-0.16618,null
-0.00262014,null,null,null,-0.000607458
0.992686,-0.0174533,null,null,null
0.107944,null,-0.135467,null,null
0.154116,null,null,-0.16618,null
-0.00262014,null,null,null,-0.000607458
0.992686,-0.0174533,null,null,null
0.107944,null,-0.135467,null,null
0.154116,null,null,-0.16618,null
-0.00262014,null,null,null,-0.000607458
0.992846,-0.00999704,null,null,null
0.0662657,null,-0.0996725,null,null
0.178134,null,null,-0.161691,null
0.00134447,null,null,null,-0.000146743
0.992846,-0.00999704,null,null,null
0.0662657,null,-0.0996725,null,null
0.178134,null,null,-0.161691,null
0.00134447,null,null,null,-0.000146743
0.99288,-0.00450516,null,null,null
0.0238771,null,-0.0895551,null,null
0.192378,null,null,-0.194956,null
-0.00055407,null,null,null,-0.00141218
0.99288,-0.00450516,null,null,null
0.0238771,null,-0.0895551,null,null
0.192378,null,null,-0.194956,null
-0.00055407,null,null,null,-0.00141218
0.992868,0.0014577,null,null,null
-0.0491366,null,0.00653206,null,null
0.264769,null,null,-0.20269,null
0.00189957,null,null,null,-0.00514741
0.992962,0.00353032,null,null,null
-0.0290004,null,0.010843,null,null
0.222014,null,null,-0.242118,null
-0.00847849,null,null,null,0.00158862
0.992962,0.00353032,null,null,null
-0.0290004,null,0.010843,null,null
0.222014,null,null,-0.242118,null
-0.00847849,null,null,null,0.00158862
0.993045,0.00533325,null,null,null
-0.0264719,null,-0.00391934,null,null
0.154232,null,null,-0.199788,null
-0.00574271,null,null,null,0.00167956
0.99302,0.00650789,null,null,null
-0.0463366,null,-0.112094,null,null
0.135804,null,null,-0.199784,null
-0.00217645,null,null,null,0.00464501
0.992931,0.00858125,null,null,null
-0.0497846,null,-0.06777,null,null
0.150349,null,null,-0.162061,null
-0.00180941,null,null,null,0.000608806
0.992995,0.0101425,null,null,null
-0.087189,null,-0.0699724,null,null
0.111088,null,null,-0.12804,null
-0.00574899,null,null,null,0.00269945
0.992995,0.0101425,null,null,null
-0.087189,null,-0.0699724,null,null
0.111088,null,null,-0.12804,null
-0.00574899,null,null,null,0.00269945
0.992905,0.0112573,null,null,null
-0.0302335,null,-0.078825,null,null
0.117098,null,null,-0.129785,null
-0.00809931,null,null,null,-0.00479881
0.992897,0.0173703,null,null,null
-0.033545,null,-0.015196,null,null
0.158689,null,null,-0.143311,null
-0.00116496,null,null,null,-0.00266987
0.992755,0.0199003,null,null,null
-0.012527,null,-0.0315566,null,null
0.136823,null,null,-0.182704,null
-0.00202684,null,null,null,-0.00552441
0.99261,0.0239584,null,null,null
-0.0571019,null,-0.00106019,null,null
0.127938,null,null,-0.17605,null
-0.00309211,null,null,null,-0.00228559
0.992657,0.0240039,null,null,null
-0.120064,null,-0.0165381,null,null
0.128494,null,null,-0.146895,null
-0.00694625,null,null,null,-0.00550409
0.992776,0.0192767,null,null,null
-0.121782,null,-0.063038,null,null
0.150427,null,null,-0.120396,null
0.00240786,null,null,null,-0.00360179
0.992776,0.0192767,null,null,null
-0.121782,null,-0.063038,null,null
0.150427,null,null,-0.120396,null
0.00240786,null,null,null,-0.00360179
0.992776,0.0194273,null,null,null
-0.162491,null,-0.114572,null,null
0.182748,null,null,-0.121774,null
0.00388053,null,null,null,-0.00543016
0.992591,0.0186834,null,null,null
-0.157282,null,-0.130554,null,null
0.21999,null,null,-0.142817,null
0.0036246,null,null,null,0.00142601
0.992591,0.0186834,null,null,null
-0.157282,null,-0.130554,null,null
0.21999,null,null,-0.142817,null
0.0036246,null,null,null,0.00142601
0.992591,0.0186834,null,null,null
-0.157282,null,-0.130554,null,null
0.21999,null,null,-0.142817,null
0.0036246,null,null,null,0.00142601
0.992591,0.0186834,null,null,null
-0.157282,null,-0.130554,null,null
0.21999,null,null,-0.142817,null
0.0036246,null,null,null,0.00142601
0.99275,0.0194712,null,null,null
-0.190581,null,-0.100961,null,null
0.162275,null,null,-0.179716,null
-0.00160787,null,null,null,-0.00368799
0.99275,0.0194712,null,null,null
-0.190581,null,-0.100961,null,null
0.162275,null,null,-0.179716,null
-0.00160787,null,null,null,-0.00368799
0.992742,0.017128,null,null,null
-0.205279,null,-0.110607,null,null
0.237095,null,null,-0.143411,null
9.35978e-05,null,null,null,0.000655975
0.992771,0.0182444,null,null,null
-0.186578,null,-0.0877872,null,null
0.216316,null,null,-0.130411,null
0.000151492,null,null,null,-0.00100609
0.99271,0.0143853,null,null,null
-0.176984,null,-0.131252,null,null
0.188486,null,null,-0.121877,null
0.000103478,null,null,null,0.00475401
0.992776,0.0162517,null,null,null
-0.211688,null,-0.125147,null,null
0.147455,null,null,-0.158387,null
-0.00150767,null,null,null,0.00373041
0.9928,0.0132256,null,null,null
-0.189521,null,-0.152076,null,null
0.0589781,null,null,-0.0564004,null
7.99339e-05,null,null,null,0.00989611
0.9928,0.0132256,null,null,null
-0.189521,null,-0.152076,null,null
0.0589781,null,null,-0.0564004,null
7.99339e-05,null,null,null,0.00989611
0.992765,0.0116051,null,null,null
-0.0948925,null,-0.135356,null,null
0.128773,null,null,-0.0798679,null
-0.00364497,null,null,null,0.00644767
0.99273,0.0148097,null,null,null
-0.164648,null,-0.131607,null,null
0.019459,null,null,-0.0699842,null
0.00174345,null,null,null,0.00726829
0.99276,0.00839454,null,null,null
-0.135305,null,-0.204437,null,null
0.0609174,null,null,-0.146235,null
-0.0042277,null,null,null,0.00451015
0.992812,0.011611,null,null,null
-0.219811,null,-0.208539,null,null
0.131869,null,null,-0.101225,null
0.00180203,null,null,null,0.00403036
0.992886,0.00679568,null,null,null
-0.213284,null,-0.18573,null,null
0.164414,null,null,-0.0516056,null
-0.000172908,null,null,null,-0.00166533
0.992815,0.00458005,null,null,null
-0.178929,null,-0.190846,null,null
0.128885,null,null,-0.0840059,null
0.00897399,null,null,null,-0.00295469
0.992862,0.00879988,null,null,null
-0.212029,null,-0.148421,null,null
0.186375,null,null,-0.0771904,null
-0.00061091,null,null,null,0.00265199
0.992865,0.009647,null,null,null
-0.183831,null,-0.1371,null,null
0.0970586,null,null,-0.0623514,null
-0.00141709,null,null,null,0.00399899
0.992886,0.00952481,null,null,null
-0.183374,null,-0.183629,null,null
0.128595,null,null,-0.0438245,null
0.00155821,null,null,null,0.000346581
0.992806,0.0123334,null,null,null
-0.201361,null,-0.197796,null,null
0.0877639,null,null,-0.0397354,null
-0.00256338,null,null,null,0.00504044
0.992725,0.0125208,null,null,null
-0.18482,null,-0.21339,null,null
0.0757299,null,null,0.0246477,null
0.00146049,null,null,null,0.00115024
0.992862,0.00714705,null,null,null
-0.169169,null,-0.2452,null,null
0.07635,null,null,0.0420945,null
-0.00219557,null,null,null,0.00691471
0.992683,0.0159571,null,null,null
-0.160321,null,-0.19392,null,null
0.0340275,null,null,0.127568,null
-0.00729968,null,null,null,0.00595985
0.992964,0.0142212,null,null,null
-0.117416,null,-0.238619,null,null
0.051938,null,null,0.0976898,null
-0.00842679,null,null,null,-0.000182984
0.992801,0.0129654,null,null,null
-0.0688073,null,-0.267949,null,null
0.0382615,null,null,0.0677299,null
-0.0047867,null,null,null,0.000402586
0.992759,0.0203622,null,null,null
-0.114489,null,-0.273913,null,null
0.0351371,null,null,0.040012,null
-0.00277631,null,null,null,-0.00198789
0.992735,0.0212611,null,null,null
-0.124985,null,-0.241085,null,null
0.0459266,null,null,-0.000962644,null
0.000103624,null,null,null,0.00357997
0.992735,0.0212611,null,null,null
-0.124985,null,-0.241085,null,null
0.0459266,null,null,-0.000962644,null
0.000103624,null,null,null,0.00357997
0.992664,0.0203751,null,null,null
-0.0891726,null,-0.266066,null,null
0.0664276,null,null,0.0134531,null
0.00134058,null,null,null,0.00357027
0.992664,0.0203751,null,null,null
-0.0891726,null,-0.266066,null,null
0.0664276,null,null,0.0134531,null
0.00134058,null,null,null,0.00357027
0.99257,0.0205301,null,null,null
-0.137497,null,-0.262765,null,null
0.0918517,null,null,-0.032938,null
-0.00134124,null,null,null,0.00535936
0.992719,0.0208058,null,null,null
-0.171624,null,-0.268049,null,null
0.0601214,null,null,-0.0501433,null
-0.00147839,null,null,null,0.00116363
0.992719,0.0208058,null,null,null
-0.171624,null,-0.268049,null,null
0.0601214,null,null,-0.0501433,null
-0.00147839,null,null,null,0.00116363
0.992719,0.0208058,null,null,null
-0.171624,null,-0.268049,null,null
0.0601214,null,null,-0.0501433,null
-0.00147839,null,null,null,0.00116363
0.992719,0.0208058,null,null,null
-0.171624,null,-0.268049,null,null
0.0601214,null,null,-0.0501433,null
-0.00147839,null,null,null,0.00116363
0.99275,0.021305,null,null,null
-0.179919,null,-0.300014,null,null
0.0793023,null,null,-0.0169894,null
-0.0116333,null,null,null,-0.00145467
0.992599,0.0257944,null,null,null
-0.122373,null,-0.286404,null,null
0.0969678,null,null,-0.037096,null
-0.00337149,null,null,null,-0.0016861
0.992494,0.0292384,null,null,null
-0.131691,null,-0.237926,null,null
0.0018783,null,null,-0.0713034,null
-0.00328234,null,null,null,0.00267475
0.992526,0.0247853,null,null,null
-0.167005,null,-0.175338,null,null
0.0818815,null,null,-0.066562,null
0.0050513,null,null,null,-0.00184848
0.992459,0.0208086,null,null,null
-0.182684,null,-0.20924,null,null
0.0425095,null,null,-0.093416,null
0.0049765,null,null,null,0.00394918
0.992431,0.0229084,null,null,null
-0.197651,null,-0.17903,null,null
0.0199461,null,null,-0.124115,null
-0.00315584,null,null,null,-0.00175177
0.992544,0.0195979,null,null,null
-0.180571,null,-0.145072,null,null
0.0239649,null,null,-0.0307064,null
-0.00203544,null,null,null,-0.00505776
0.992478,0.0246206,null,null,null
-0.264295,null,-0.139151,null,null
0.0221147,null,null,-0.0237756,null
0.00117813,null,null,null,-0.00126279
0.992478,0.0246206,null,null,null
-0.264295,null,-0.139151,null,null
0.0221147,null,null,-0.0237756,null
0.00117813,null,null,null,-0.00126279
0.992524,0.025863,null,null,null
-0.20752,null,-0.130686,null,null
0.0167216,null,null,-0.0317225,null
0.00712323,null,null,null,0.00583041
0.992405,0.0286921,null,null,null
-0.170329,null,-0.138421,null,null
-0.0145705,null,null,-0.0317925,null
0.0012028,null,null,null,0.000821319
0.992405,0.0286921,null,null,null
-0.170329,null,-0.138421,null,null
-0.0145705,null,null,-0.0317925,null
0.0012028,null,null,null,0.000821319
0.992405,0.0286921,null,null,null
-0.170329,null,-0.138421,null,null
-0.0145705,null,null,-0.0317925,null
0.0012028,null,null,null,0.000821319
0.992416,0.0274908,null,null,null
-0.162121,null,-0.090258,null,null
-0.0404601,null,null,-0.0667956,null
0.00594416,null,null,null,-0.00390958
0.992321,0.0298938,null,null,null
-0.157251,null,-0.131255,null,null
-0.0468741,null,null,-0.0458336,null
0.00784512,null,null,null,-0.00374541
0.992321,0.0298938,null,null,null
-0.157251,null,-0.131255,null,null
-0.0468741,null,null,-0.0458336,null
0.00784512,null,null,null,-0.00374541
0.992371,0.0304716,null,null,null
-0.0796765,null,-0.138264,null,null
-0.133875,null,null,-0.112524,null
0.00562916,null,null,null,-0.000593975
0.992475,0.0314295,null,null,null
-0.199343,null,-0.107692,null,null
-0.135825,null,null,-0.00645882,null
-0.000220715,null,null,null,0.00330736
0.992428,0.0333587,null,null,null
-0.1602,null,-0.126606,null,null
-0.058186,null,null,-0.0313391,null
0.00199436,null,null,null,0.000701065
0.992354,0.0302426,null,null,null
-0.186744,null,-0.100789,null,null
-0.0749685,null,null,-0.089792,null
0.00511248,null,null,null,-0.00223279
0.992261,0.0285051,null,null,null
-0.173808,null,-0.10418,null,null
-0.0524895,null,null,-0.0847688,null
-9.24154e-06,null,null,null,0.00153637
0.992261,0.0285051,null,null,null
-0.173808,null,-0.10418,null,null
-0.0524895,null,null,-0.0847688,null
-9.24154e-06,null,null,null,0.00153637
0.992395,0.0262075,null,null,null
-0.247556,null,-0.165646,null,null
-0.0900269,null,null,-0.139737,null
-0.00139276,null,null,null,0.00654237
0.992564,0.0265261,null,null,null
-0.261468,null,-0.150135,null,null
-0.146278,null,null,-0.11889,null
0.00347011,null,null,null,0.00530769
0.99237,0.0291313,null,null,null
-0.243072,null,-0.130672,null,null
-0.0940449,null,null,-0.147084,null
0.00372319,null,null,null,-0.000921335
0.992445,0.026677,null,null,null
-0.27703,null,-0.237329,null,null
-0.0156757,null,null,-0.0960594,null
0.00921426,null,null,null,0.000129375
0.992328,0.0312946,null,null,null
-0.205904,null,-0.165043,null,null
0.0122254,null,null,-0.136929,null
-0.00140488,null,null,null,0.0048006
0.992315,0.0364169,null,null,null
-0.161016,null,-0.203561,null,null
0.0267513,null,null,-0.0832932,null
-0.00558199,null,null,null,0.000561089
0.991874,0.0413944,null,null,null
-0.214124,null,-0.184837,null,null
0.0303488,null,null,-0.118422,null
-0.00221982,null,null,null,0.00341523
0.991864,0.0450137,null,null,null
-0.265626,null,-0.140839,null,null
0.0221348,null,null,-0.136288,null
-0.00239721,null,null,null,-7.94224e-05
0.991864,0.0450137,null,null,null
-0.265626,null,-0.140839,null,null
0.0221348,null,null,-0.136288,null
-0.00239721,null,null,null,-7.94224e-05
0.992174,0.0385578,null,null,null
-0.243281,null,-0.117156,null,null
-0.00216731,null,null,-0.157625,null
-0.00397712,null,null,null,-0.00228299
0.992174,0.0385578,null,null,null
-0.243281,null,-0.117156,null,null
-0.00216731,null,null,-0.157625,null
-0.00397712,null,null,null,-0.00228299
0.992322,0.0335322,null,null,null
-0.251331,null,-0.10606,null,null
-0.00220712,null,null,-0.171576,null
-0.00509745,null,null,null,1.86545e-05
0.992496,0.0289455,null,null,null
-0.327631,null,-0.155481,null,null
0.00728929,null,null,-0.213439,null
-0.00773361,null,null,null,-0.00197711
0.992611,0.0258539,null,null,null
-0.32968,null,-0.126628,null,null
0.0578551,null,null,-0.215922,null
-4.2801e-05,null,null,null,0.00501989
0.992721,0.0213799,null,null,null
-0.299397,null,-0.103215,null,null
0.0241787,null,null,-0.192245,null
-0.00548081,null,null,null,0.00011168
0.99262,0.024762,null,null,null
-0.266659,null,-0.0979332,null,null
-0.0222992,null,null,-0.188396,null
-0.0120551,null,null,null,0.00924656
0.992696,0.024506,null,null,null
-0.295785,null,-0.143304,null,null
0.0381242,null,null,-0.165689,null
-0.0013298,null,null,null,0.00103434
0.9925,0.0294195,null,null,null
-0.327151,null,-0.173425,null,null
0.075773,null,null,-0.165788,null
0.00165014,null,null,null,0.00397562
0.9925,0.0294195,null,null,null
-0.327151,null,-0.173425,null,null
0.075773,null,null,-0.165788,null
0.00165014,null,null,null,0.00397562
0.992513,0.0296086,null,null,null
-0.269984,null,-0.133851,null,null
0.0845554,null,null,-0.0852859,null
0.00896365,null,null,null,0.00149369
0.992674,0.0287199,null,null,null
-0.352769,null,-0.1873,null,null
0.157845,null,null,-0.0942387,null
0.00735804,null,null,null,-0.00196663
0.992644,0.0311373,null,null,null
-0.295476,null,-0.194298,null,null
0.186067,null,null,-0.0786596,null
-0.00124201,null,null,null,0.00341911
0.992295,0.0375389,null,null,null
-0.290878,null,-0.145102,null,null
0.107428,null,null,-0.02065,null
0.00245124,null,null,null,0.00722508
0.992469,0.0328084,null,null,null
-0.291151,null,-0.171235,null,null
0.166228,null,null,-0.0236482,null
0.00273897,null,null,null,0.00276033
0.992299,0.034365,null,null,null
-0.326757,null,-0.188007,null,null
0.178631,null,null,-0.0676224,null
0.00152548,null,null,null,0.00143956
0.992352,0.0356759,null,null,null
-0.329358,null,-0.210251,null,null
0.245532,null,null,-0.0516114,null
0.00107266,null,null,null,-0.00124595
0.992511,0.0288053,null,null,null
-0.321663,null,-0.22645,null,null
0.192315,null,null,-0.0618045,null
0.000537909,null,null,null,-0.00196015
0.992692,0.0253356,null,null,null
-0.3258,null,-0.269062,null,null
0.194295,null,null,-0.0462001,null
0.00106138,null,null,null,-0.00235237
0.992727,0.0242141,null,null,null
-0.248541,null,-0.216273,null,null
0.248548,null,null,-0.0347476,null
-0.000527357,null,null,null,-0.00178849
0.99268,0.0246784,null,null,null
-0.287124,null,-0.234332,null,null
0.189666,null,null,0.0679827,null
-0.00408235,null,null,null,-0.00339869
0.992884,0.0172398,null,null,null
-0.270669,null,-0.20218,null,null
0.183505,null,null,0.0842926,null
-0.00251349,null,null,null,0.00613776
0.992672,0.01443,null,null,null
-0.287245,null,-0.235406,null,null
0.161472,null,null,0.035954,null
-0.00627306,null,null,null,-5.75596e-05
0.992762,0.010659,null,null,null
-0.267178,null,-0.187,null,null
0.242096,null,null,0.0443715,null
-0.00353265,null,null,null,0.000218264
0.992781,0.00508498,null,null,null
-0.289797,null,-0.14535,null,null
0.203291,null,null,0.0583809,null
-0.00213642,null,null,null,0.00641739
0.992846,-0.00041093,null,null,null
-0.217755,null,-0.167875,null,null
0.204795,null,null,0.0486711,null
-0.00188595,null,null,null,0.0072161
0.992827,0.00282538,null,null,null
-0.18948,null,-0.187691,null,null
0.235978,null,null,0.047646,null
0.00128363,null,null,null,0.0032854
0.992775,0.005783,null,null,null
-0.131947,null,-0.105728,null,null
0.217164,null,null,-0.0104608,null
-0.000605037,null,null,null,0.00542773
0.992901,0.00591022,null,null,null
-0.169074,null,-0.15819,null,null
0.208194,null,null,-0.0237119,null
0.0023909,null,null,null,-0.00164805
0.992825,0.0060886,null,null,null
-0.14641,null,-0.181099,null,null
0.268281,null,null,0.0829574,null
-0.00385581,null,null,null,-0.00523
0.992825,0.0060886,null,null,null
-0.14641,null,-0.181099,null,null
0.268281,null,null,0.0829574,null
-0.00385581,null,null,null,-0.00523
0.992825,0.0060886,null,null,null
-0.14641,null,-0.181099,null,null
0.268281,null,null,0.0829574,null
-0.00385581,null,null,null,-0.00523
0.993061,0.00715248,null,null,null
-0.145148,null,-0.157512,null,null
0.20754,null,null,0.0669161,null
-0.000446199,null,null,null,-0.00728636
0.993061,0.00715248,null,null,null
-0.145148,null,-0.157512,null,null
0.20754,null,null,0.0669161,null
-0.000446199,null,null,null,-0.00728636
0.993094,0.008062,null,null,null
-0.16437,null,-0.100002,null,null
0.249295,null,null,0.020793,null
-0.00241355,null,null,null,-0.004777
0.993094,0.008062,null,null,null
-0.16437,null,-0.100002,null,null
0.249295,null,null,0.020793,null
-0.00241355,null,null,null,-0.004777
0.993144,0.0109072,null,null,null
-0.223336,null,-0.0623304,null,null
0.137846,null,null,-0.00736714,null
-0.00265127,null,null,null,0.00210015
0.992839,0.0165927,null,null,null
-0.181987,null,-0.113918,null,null
0.17938,null,null,0.00460756,null
0.00352175,null,null,null,-0.000835168
0.992839,0.0165927,null,null,null
-0.181987,null,-0.113918,null,null
0.17938,null,null,0.00460756,null
0.00352175,null,null,null,-0.000835168
0.992851,0.0174392,null,null,null
-0.232695,null,-0.043408,null,null
0.193661,null,null,0.0183086,null
0.000274354,null,null,null,0.00192065
0.992851,0.0174392,null,null,null
-0.232695,null,-0.043408,null,null
0.193661,null,null,0.0183086,null
0.000274354,null,null,null,0.00192065
0.992851,0.0174392,null,null,null
-0.232695,null,-0.043408,null,null
0.193661,null,null,0.0183086,null
0.000274354,null,null,null,0.00192065
0.992736,0.0141497,null,null,null
-0.244801,null,-0.0707538,null,null
0.202279,null,null,0.0704537,null
0.00884352,null,null,null,-0.00234389
0.99282,0.012625,null,null,null
-0.217904,null,-0.0387001,null,null
0.169026,null,null,0.0893029,null
0.00762644,null,null,null,0.000980617
0.992819,0.0180484,null,null,null
-0.249787,null,-0.0446706,null,null
0.228412,null,null,0.10166,null
6.9859e-06,null,null,null,0.000684851
0.992739,0.016741,null,null,null
-0.162679,null,-0.0255961,null,null
0.20898,null,null,0.129281,null
-0.00342992,null,null,null,0.0012156
0.992924,0.0107697,null,null,null
-0.132159,null,-0.0287451,null,null
0.146309,null,null,0.0385871,null
0.0027899,null,null,null,-0.0054965
0.992883,0.0140956,null,null,null
-0.16266,null,-0.031182,null,null
0.170162,null,null,0.082227,null
-0.00285075,null,null,null,-0.0061547
0.992883,0.0140956,null,null,null
-0.16266,null,-0.031182,null,null
0.170162,null,null,0.082227,null
-0.00285075,null,null,null,-0.0061547
0.992906,0.0118488,null,null,null
-0.185886,null,-0.0836769,null,null
0.16344,null,null,0.0990604,null
0.00220321,null,null,null,0.00116399
0.992844,0.0103805,null,null,null
-0.234266,null,-0.0492578,null,null
0.10384,null,null,0.146313,null
-0.00337316,null,null,null,-0.0065929
0.993032,0.0108074,null,null,null
-0.25706,null,-0.0446597,null,null
0.187965,null,null,0.140339,null
-0.00102242,null,null,null,-0.00374174
0.99318,0.00696986,null,null,null
-0.162829,null,-0.0974259,null,null
0.159589,null,null,0.133191,null
0.00195659,null,null,null,-0.00252036
0.993096,0.00738933,null,null,null
-0.1397,null,-0.16765,null,null
0.147305,null,null,0.0402191,null
0.00182236,null,null,null,-0.00162061
0.993067,0.00881589,null,null,null
-0.134741,null,-0.171996,null,null
0.124504,null,null,0.0488662,null
-0.00516992,null,null,null,-0.00374759
0.993084,0.00335177,null,null,null
-0.138976,null,-0.14676,null,null
0.0752041,null,null,0.0260543,null
-0.00119835,null,null,null,-0.00463509
0.993084,0.00335177,null,null,null
-0.138976,null,-0.14676,null,null
0.0752041,null,null,0.0260543,null
-0.00119835,null,null,null,-0.00463509
0.993106,0.000908058,null,null,null
-0.0943984,null,-0.167946,null,null
0.109982,null,null,0.0267602,null
0.000536047,null,null,null,-0.00186045
0.993167,-5.8913e-05,null,null,null
-0.0913837,null,-0.186279,null,null
0.147694,null,null,0.089758,null
-0.00500446,null,null,null,0.00356968
0.993125,0.00554144,null,null,null
-0.0470489,null,-0.186977,null,null
0.145449,null,null,0.102298,null
0.000423445,null,null,null,0.00229203
0.993125,0.00554144,null,null,null
-0.0470489,null,-0.186977,null,null
0.145449,null,null,0.102298,null
0.000423445,null,null,null,0.00229203
0.993125,0.00554144,null,null,null
-0.0470489,null,-0.186977,null,null
0.145449,null,null,0.102298,null
0.000423445,null,null,null,0.00229203
0.993151,0.00730147,null,null,null
-0.107102,null,-0.20027,null,null
0.100893,null,null,0.0981428,null
0.00329881,null,null,null,0.00348507
0.993221,0.00627725,null,null,null
-0.0705251,null,-0.191115,null,null
0.126119,null,null,0.125394,null
0.000365681,null,null,null,0.0024736
0.993162,0.00078701,null,null,null
-0.0606296,null,-0.2156,null,null
0.10986,null,null,0.115293,null
-0.00529548,null,null,null,-0.00121226
0.993064,0.00239939,null,null,null
-0.036891,null,-0.187435,null,null
0.136997,null,null,0.17915,null
-0.00283509,null,null,null,0.0035589
0.993201,0.00114423,null,null,null
-0.0120791,null,-0.176035,null,null
0.109136,null,null,0.134736,null
-0.000579472,null,null,null,0.00166915
0.993119,-0.000711581,null,null,null
-0.0630488,null,-0.167574,null,null
0.0883415,null,null,0.0850566,null
0.00281402,null,null,null,0.00811638
0.993111,0.000456796,null,null,null
-0.0294258,null,-0.152446,null,null
0.199254,null,null,0.109331,null
0.00090806,null,null,null,0.00807626
0.993079,0.00172978,null,null,null
-0.0499267,null,-0.138755,null,null
0.161805,null,null,0.0905165,null
0.00239784,null,null,null,0.00217924
0.993082,0.00265191,null,null,null
-0.0432444,null,-0.119705,null,null
0.154629,null,null,0.112653,null
-0.00164022,null,null,null,0.0036701
0.992988,0.000431051,null,null,null
-0.0363526,null,-0.115159,null,null
0.122727,null,null,0.113287,null
0.000984636,null,null,null,-0.00527818
0.993086,0.000782716,null,null,null
0.0179631,null,-0.113681,null,null
0.251364,null,null,0.117769,null
-0.00195071,null,null,null,-0.0025815
0.993105,-0.0052337,null,null,null
0.0610137,null,-0.109014,null,null
0.264409,null,null,0.114457,null
-0.00263408,null,null,null,-0.00142291
0.993146,-0.00559912,null,null,null
0.0397052,null,-0.0871514,null,null
0.20807,null,null,0.139861,null
-0.000804496,null,null,null,-0.00398054
0.993099,-0.0086398,null,null,null
0.0501421,null,-0.0989964,null,null
0.197984,null,null,0.134361,null
-0.00198709,null,null,null,-0.00329957
0.99308,-0.0100401,null,null,null
0.0655965,null,-0.067778,null,null
0.230961,null,null,0.139376,null
-0.00178967,null,null,null,-0.00297521
0.992935,-0.0142452,null,null,null
0.0122195,null,-0.108942,null,null
0.234978,null,null,0.119567,null
0.000733438,null,null,null,0.0014131
0.993038,-0.00696904,null,null,null
0.0019102,null,-0.070046,null,null
0.234454,null,null,0.0779057,null
0.00299824,null,null,null,0.00173081
0.993024,-0.00192449,null,null,null
0.0423295,null,-0.101294,null,null
0.242446,null,null,0.0939751,null
0.00569678,null,null,null,0.00271585
0.99295,0.0046302,null,null,null
0.0778985,null,-0.161491,null,null
0.217191,null,null,0.163497,null
0.000573339,null,null,null,0.00469144
0.993032,0.00495956,null,null,null
0.0678931,null,-0.16111,null,null
0.179737,null,null,0.19149,null
0.000399301,null,null,null,0.00345954
0.992895,0.0018585,null,null,null
0.0345027,null,-0.146322,null,null
0.163096,null,null,0.240741,null
0.000558524,null,null,null,0.00121293
0.993115,0.000886794,null,null,null
-0.0152045,null,-0.085603,null,null
0.210759,null,null,0.124784,null
0.00602464,null,null,null,0.0087585
0.993115,0.000886794,null,null,null
-0.0152045,null,-0.085603,null,null
0.210759,null,null,0.124784,null
0.00602464,null,null,null,0.0087585
0.993004,0.000484636,null,null,null
-0.020556,null,-0.0458514,null,null
0.159875,null,null,0.135906,null
0.00093877,null,null,null,3.92568e-05
0.992974,-0.00431124,null,null,null
0.0210345,null,-0.0450119,null,null
0.137722,null,null,0.1578,null
0.00186775,null,null,null,-0.002512
0.992964,-0.00683311,null,null,null
0.0791934,null,-0.0790914,null,null
0.214737,null,null,0.152291,null
-0.000271984,null,null,null,-0.00411795
0.992955,-0.00574599,null,null,null
0.0936378,null,-0.0787947,null,null
0.157564,null,null,0.125269,null
0.00650827,null,null,null,0.00112841
0.993016,-0.011945,null,null,null
0.0641535,null,-0.0879542,null,null
0.139954,null,null,0.0859451,null
0.0025559,null,null,null,-0.000215149
0.992999,-0.00538519,null,null,null
0.0933494,null,-0.0471307,null,null
0.0558244,null,null,0.0824752,null
-0.000576646,null,null,null,6.08881e-05
0.993004,-0.0103574,null,null,null
0.150209,null,-0.0928774,null,null
0.0550291,null,null,0.152979,null
-0.002209,null,null,null,-0.00281056
0.993059,-0.0057938,null,null,null
0.137694,null,-0.0932073,null,null
0.124374,null,null,0.154724,null
0.00245691,null,null,null,0.00241064
0.993012,-0.000873566,null,null,null
0.19003,null,-0.120442,null,null
0.115686,null,null,0.18965,null
-0.00298884,null,null,null,0.00726605
0.992838,0.00260891,null,null,null
0.180757,null,-0.124697,null,null
0.0480701,null,null,0.18759,null
-0.00119751,null,null,null,0.00282557
0.992846,-0.00139496,null,null,null
0.16743,null,-0.108276,null,null
0.0785476,null,null,0.187354,null
0.0074993,null,null,null,-0.000621458
0.992886,0.0042399,null,null,null
0.161399,null,-0.114115,null,null
0.130523,null,null,0.169118,null
0.00543325,null,null,null,-0.00238749
0.992962,0.00708084,null,null,null
0.1317,null,-0.0973196,null,null
0.13188,null,null,0.185776,null
0.00843029,null,null,null,-0.00515841
0.992829,0.0139836,null,null,null
0.110187,null,-0.0730044,null,null
0.162979,null,null,0.186474,null
0.00883993,null,null,null,0.0051506
0.992784,0.0125865,null,null,null
0.119423,null,-0.0958991,null,null
0.106658,null,null,0.199415,null
0.000873364,null,null,null,-0.0020065
0.992909,0.00991759,null,null,null
0.129823,null,-0.0717762,null,null
0.0235827,null,null,0.240803,null
0.00328146,null,null,null,0.00103297
0.992909,0.00991759,null,null,null
0.129823,null,-0.0717762,null,null
0.0235827,null,null,0.240803,null
0.00328146,null,null,null,0.00103297
0.992899,0.011778,null,null,null
0.11918,null,-0.0116408,null,null
0.0525957,null,null,0.243449,null
0.00336039,null,null,null,0.00936872
0.992911,0.00866196,null,null,null
0.0666171,null,-0.0102603,null,null
0.0117047,null,null,0.205709,null
0.00134614,null,null,null,0.000549649
0.993101,0.00876508,null,null,null
0.105568,null,-0.0707968,null,null
0.0356399,null,null,0.164642,null
-0.00307881,null,null,null,0.000270601
0.993009,0.0132855,null,null,null
0.0956371,null,-0.120117,null,null
0.0374204,null,null,0.127087,null
-0.00073441,null,null,null,-0.00339681
0.993009,0.0132855,null,null,null
0.0956371,null,-0.120117,null,null
0.0374204,null,null,0.127087,null
-0.00073441,null,null,null,-0.00339681
0.992842,0.0170275,null,null,null
0.0955166,null,-0.0747259,null,null
0.033758,null,null,0.111257,null
-0.00277504,null,null,null,-0.00507019
0.993044,0.0172591,null,null,null
0.0263605,null,-0.0541791,null,null
-0.0346349,null,null,0.0935974,null
-0.00304645,null,null,null,-0.00533611
0.99291,0.0211404,null,null,null
0.141093,null,-0.0272222,null,null
-0.12287,null,null,0.0957053,null
-0.000714039,null,null,null,-0.00285457
0.99287,0.0198741,null,null,null
0.135081,null,-0.0298197,null,null
-0.0950253,null,null,0.17304,null
0.000272445,null,null,null,0.000740546
0.992946,0.0209327,null,null,null
0.109703,null,-0.0338212,null,null
-0.0616532,null,null,0.154081,null
0.00782401,null,null,null,0.00413342
0.993091,0.0110912,null,null,null
0.025572,null,-0.0369539,null,null
-0.00795071,null,null,0.16722,null
0.00564481,null,null,null,0.00275979
0.993111,0.0109808,null,null,null
-0.0299925,null,-0.0558982,null,null
0.0327951,null,null,0.181418,null
-0.000271839,null,null,null,0.00302522
0.993025,0.00818401,null,null,null
-0.0653076,null,-0.0691609,null,null
0.0624458,null,null,0.172676,null
0.00163316,null,null,null,0.000984109
0.992942,0.0142509,null,null,null
-0.0334325,null,-0.0345968,null,null
0.0214056,null,null,0.204221,null
-0.00207129,null,null,null,0.00371342
0.992942,0.0142509,null,null,null
-0.0334325,null,-0.0345968,null,null
0.0214056,null,null,0.204221,null
-0.00207129,null,null,null,0.00371342
0.992874,0.0204224,null,null,null
-0.0934641,null,0.0471464,null,null
0.0443503,null,null,0.253897,null
-0.000501815,null,null,null,0.00629731
0.992811,0.0224091,null,null,null
-0.043324,null,0.066042,null,null
0.0658854,null,null,0.198755,null
0.00304794,null,null,null,0.00210521
0.992885,0.0191069,null,null,null
-0.0392756,null,0.0214141,null,null
0.113528,null,null,0.136611,null
0.0048831,null,null,null,0.000139261
0.992904,0.0185825,null,null,null
0.0304639,null,0.0129474,null,null
0.0727334,null,null,0.0835786,null
0.0133305,null,null,null,-0.00112451
0.992844,0.0157089,null,null,null
-0.0285724,null,-0.035856,null,null
0.0618194,null,null,0.0953688,null
0.00686099,null,null,null,0.000656647
0.992849,0.0167846,null,null,null
-0.0604815,null,-0.0595354,null,null
0.039326,null,null,0.128598,null
0.00630266,null,null,null,-0.00238624
0.992821,0.0156892,null,null,null
-0.0775778,null,-0.0620039,null,null
0.0616146,null,null,0.15984,null
0.00264425,null,null,null,-0.000168067
0.992801,0.011283,null,null,null
-0.0782609,null,-0.0795137,null,null
0.047343,null,null,0.135889,null
0.0010952,null,null,null,-0.00251051
0.99289,0.0137906,null,null,null
-0.114167,null,-0.038001,null,null
0.0213423,null,null,0.144388,null
-0.000814785,null,null,null,-0.00661365
0.992932,0.00577181,null,null,null
-0.123948,null,-0.115219,null,null
3.19705e-05,null,null,0.122102,null
-0.00369448,null,null,null,-0.00222295
0.993147,0.00382257,null,null,null
-0.147517,null,-0.0495014,null,null
0.0700927,null,null,0.127869,null
-0.000133526,null,null,null,-0.00138289
0.992986,0.00531407,null,null,null
-0.11685,null,-0.071134,null,null
0.0946416,null,null,0.124367,null
0.00229584,null,null,null,0.00180777
0.992988,-0.00129988,null,null,null
-0.161451,null,-0.071979,null,null
0.0963932,null,null,0.219576,null
0.00857272,null,null,null,0.00226396
0.992938,-0.00194765,null,null,null
-0.143471,null,-0.0339279,null,null
0.0462702,null,null,0.19474,null
0.00528897,null,null,null,-0.00482831
0.992938,-0.00194765,null,null,null
-0.143471,null,-0.0339279,null,null
0.0462702,null,null,0.19474,null
0.00528897,null,null,null,-0.00482831
0.992911,0.00153655,null,null,null
-0.148443,null,-0.101329,null,null
0.0116097,null,null,0.130696,null
0.00415694,null,null,null,-0.000631145
0.993071,0.00153001,null,null,null
-0.122192,null,-0.0920833,null,null
0.0441864,null,null,0.154054,null
-0.00245021,null,null,null,-0.00219548
0.993071,0.00153001,null,null,null
-0.122192,null,-0.0920833,null,null
0.0441864,null,null,0.154054,null
-0.00245021,null,null,null,-0.00219548
0.99286,0.00586061,null,null,null
-0.159397,null,-0.00364084,null,null
0.0210619,null,null,0.220027,null
-0.00464943,null,null,null,0.00133019
0.992999,0.00647101,null,null,null
-0.156982,null,-0.041061,null,null
-0.015315,null,null,0.137759,null
0.00205742,null,null,null,0.000908558
0.992999,0.00647101,null,null,null
-0.156982,null,-0.041061,null,null
-0.015315,null,null,0.137759,null
0.00205742,null,null,null,0.000908558
0.993139,0.00359835,null,null,null
-0.14359,null,-0.100476,null,null
0.00292026,null,null,0.110522,null
-0.00385563,null,null,null,0.00181343
0.993079,0.00442271,null,null,null
-0.139654,null,-0.0571036,null,null
-0.0669725,null,null,0.13003,null
0.000518481,null,null,null,-0.00365097
0.993079,0.00442271,null,null,null
-0.139654,null,-0.0571036,null,null
-0.0669725,null,null,0.13003,null
0.000518481,null,null,null,-0.00365097
0.992931,0.00823378,null,null,null
-0.104419,null,-0.0527593,null,null
-0.0217681,null,null,0.166167,null
0.0014227,null,null,null,-0.00147476
0.99291,0.0119683,null,null,null
-0.144115,null,-0.0970031,null,null
-0.0451068,null,null,0.0683249,null
0.0084,null,null,null,-0.00151867
0.993051,0.0135569,null,null,null
-0.125722,null,-0.0560964,null,null
-0.0516961,null,null,0.16566,null
-4.05802e-05,null,null,null,0.00690738
0.993021,0.0163006,null,null,null
-0.107994,null,-0.0438511,null,null
-0.020682,null,null,0.163781,null
-0.00470885,null,null,null,0.00542631
0.993021,0.0163006,null,null,null
-0.107994,null,-0.0438511,null,null
-0.020682,null,null,0.163781,null
-0.00470885,null,null,null,0.00542631
0.992642,0.0180615,null,null,null
-0.124612,null,-0.0549865,null,null
0.00533245,null,null,0.126605,null
-0.00250066,null,null,null,0.00225223
0.992642,0.0180615,null,null,null
-0.124612,null,-0.0549865,null,null
0.00533245,null,null,0.126605,null
-0.00250066,null,null,null,0.00225223
0.992715,0.0157363,null,null,null
-0.0948925,null,-0.0483152,null,null
0.033534,null,null,0.079156,null
0.00184907,null,null,null,-0.000933148
0.992929,0.0172675,null,null,null
-0.0738526,null,-0.108797,null,null
0.0775921,null,null,0.137055,null
0.00226137,null,null,null,-0.000959236
0.993019,0.015763,null,null,null
-0.141613,null,-0.170536,null,null
0.0843404,null,null,0.150564,null
0.00302566,null,null,null,-0.00359463
0.993067,0.019179,null,null,null
-0.10837,null,-0.125459,null,null
0.098708,null,null,0.15917,null
0.000884058,null,null,null,-0.00435302
0.993067,0.019179,null,null,null
-0.10837,null,-0.125459,null,null
0.098708,null,null,0.15917,null
0.000884058,null,null,null,-0.00435302
0.992869,0.0229415,null,null,null
-0.198768,null,-0.121127,null,null
0.0638289,null,null,0.168793,null
-0.00432674,null,null,null,0.00340647
0.992889,0.0230174,null,null,null
-0.160774,null,-0.126252,null,null
0.0803606,null,null,0.199821,null
0.0026442,null,null,null,0.00264745
0.992838,0.0224493,null,null,null
-0.171916,null,-0.102179,null,null
0.0818307,null,null,0.110904,null
-0.00243151,null,null,null,-0.000534379
0.992849,0.0241547,null,null,null
-0.158518,null,-0.0926456,null,null
0.0509506,null,null,0.1592,null
-0.0026531,null,null,null,-0.00335984
0.99286,0.0230046,null,null,null
-0.21137,null,-0.17131,null,null
0.0548927,null,null,0.174953,null
0.00207597,null,null,null,-0.00507527
0.99286,0.0230046,null,null,null
-0.21137,null,-0.17131,null,null
0.0548927,null,null,0.174953,null
0.00207597,null,null,null,-0.00507527
0.992985,0.0188894,null,null,null
-0.242156,null,-0.0588748,null,null
0.0453563,null,null,0.187121,null
-0.00162857,null,null,null,0.00258759
0.992809,0.0221348,null,null,null
-0.214121,null,-0.0602347,null,null
0.0811063,null,null,0.17226,null
-0.00325217,null,null,null,-0.00402111
0.992781,0.0195726,null,null,null
-0.19309,null,-0.00183362,null,null
0.0265011,null,null,0.16161,null
0.00332358,null,null,null,0.00101894
0.992945,0.0124163,null,null,null
-0.233992,null,0.051771,null,null
0.0856467,null,null,0.178171,null
-0.00183018,null,null,null,0.00478641
0.992949,0.0095961,null,null,null
-0.225664,null,0.0225455,null,null
0.0580484,null,null,0.157591,null
0.00154734,null,null,null,0.00496471
0.993024,0.00553091,null,null,null
-0.256945,null,0.0391317,null,null
0.00180825,null,null,0.157933,null
0.000658074,null,null,null,0.00594617
0.993075,0.00786759,null,null,null
-0.290016,null,-0.0987035,null,null
0.0277396,null,null,0.123918,null
-0.00287608,null,null,null,0.009268
0.993044,0.00546755,null,null,null
-0.230061,null,-0.138263,null,null
0.0837805,null,null,0.146831,null
0.00504725,null,null,null,0.00664944
0.993104,0.00492256,null,null,null
-0.245275,null,-0.0648641,null,null
0.115853,null,null,0.152891,null
0.00197763,null,null,null,0.0073337
0.99305,0.00993266,null,null,null
-0.236481,null,-0.0608275,null,null
0.100563,null,null,0.092728,null
0.00185566,null,null,null,0.00447512
0.99314,0.00631466,null,null,null
-0.274911,null,-0.00970965,null,null
0.0881059,null,null,0.146973,null
-0.00674532,null,null,null,0.00491536
0.992909,0.00260466,null,null,null
-0.304872,null,-0.172891,null,null
0.11414,null,null,0.156793,null
-0.00455819,null,null,null,0.00245945
0.99296,-0.000232961,null,null,null
-0.277282,null,-0.132007,null,null
0.17728,null,null,0.111462,null
-0.00304271,null,null,null,-1.54124e-05
0.992906,-0.00315896,null,null,null
-0.241519,null,-0.194956,null,null
0.149356,null,null,0.14206,null
0.000770869,null,null,null,0.00196026
0.992997,0.00273774,null,null,null
-0.221981,null,-0.286734,null,null
0.163656,null,null,0.166536,null
-0.00286814,null,null,null,0.00355414
0.992951,0.0026052,null,null,null
-0.25325,null,-0.321283,null,null
0.191029,null,null,0.148916,null
-0.000796336,null,null,null,0.00307042
0.993089,0.00013568,null,null,null
-0.206343,null,-0.288542,null,null
0.190074,null,null,0.118693,null
-0.00419149,null,null,null,0.00297689
0.992973,-0.000709636,null,null,null
-0.19826,null,-0.193295,null,null
0.110416,null,null,0.147652,null
-0.000895481,null,null,null,0.00742141
0.992973,-0.000709636,null,null,null
-0.19826,null,-0.193295,null,null
0.110416,null,null,0.147652,null
-0.000895481,null,null,null,0.00742141
0.99295,0.0040265,null,null,null
-0.241106,null,-0.203659,null,null
0.147851,null,null,0.153927,null
-0.00661614,null,null,null,0.00495055
0.992906,0.00640184,null,null,null
-0.274938,null,-0.232233,null,null
0.0739541,null,null,0.160386,null
-0.00392321,null,null,null,0.00525404
0.992666,0.00624584,null,null,null
-0.271176,null,-0.167458,null,null
0.074069,null,null,0.123507,null
0.00140865,null,null,null,-0.00318735
0.992969,0.0103413,null,null,null
-0.225451,null,-0.134551,null,null
0.0872645,null,null,0.119554,null
0.000717829,null,null,null,-0.00254151
0.993025,0.00587261,null,null,null
-0.196096,null,-0.141058,null,null
0.13685,null,null,0.122267,null
-0.00941588,null,null,null,0.000506529
0.992988,0.0076909,null,null,null
-0.207895,null,-0.153309,null,null
0.135976,null,null,0.164795,null
-0.0034032,null,null,null,4.58746e-05
0.992988,0.0076909,null,null,null
-0.207895,null,-0.153309,null,null
0.135976,null,null,0.164795,null
-0.0034032,null,null,null,4.58746e-05
0.993065,0.00787886,null,null,null
-0.177944,null,-0.14911,null,null
0.128046,null,null,0.120025,null
-0.00309851,null,null,null,-0.00291579
0.993065,0.00787886,null,null,null
-0.177944,null,-0.14911,null,null
0.128046,null,null,0.120025,null
-0.00309851,null,null,null,-0.00291579
0.993054,0.00829604,null,null,null
-0.175288,null,-0.0856593,null,null
0.109754,null,null,0.130013,null
-0.0093356,null,null,null,-0.00105939
0.993088,0.0077163,null,null,null
-0.146879,null,-0.128982,null,null
0.0369286,null,null,0.133469,null
-0.00526325,null,null,null,0.00296826
0.993084,0.00744389,null,null,null
-0.114633,null,-0.0944082,null,null
0.0471674,null,null,0.118125,null
-0.00430034,null,null,null,-0.00114397
0.993179,0.00500895,null,null,null
-0.111952,null,-0.116738,null,null
0.0627305,null,null,0.100262,null
0.00289205,null,null,null,-0.0036033
0.993179,0.00500895,null,null,null
-0.111952,null,-0.116738,null,null
0.0627305,null,null,0.100262,null
0.00289205,null,null,null,-0.0036033
0.992938,0.00743966,null,null,null
-0.180173,null,-0.10313,null,null
0.0644421,null,null,0.144274,null
-0.00303477,null,null,null,-0.00227101
0.993076,0.0113474,null,null,null
-0.194013,null,-0.0706141,null,null
-0.0867554,null,null,0.111557,null
-0.000879194,null,null,null,0.00181412
0.993055,0.00866391,null,null,null
-0.194708,null,-0.107906,null,null
-0.0438215,null,null,0.0500292,null
-0.00126036,null,null,null,0.00373573
0.993064,0.0115631,null,null,null
-0.172973,null,-0.0620706,null,null
-0.0600196,null,null,0.076735,null
-0.000675071,null,null,null,0.000592005
0.992989,0.00908438,null,null,null
-0.182461,null,-0.126186,null,null
-0.0408246,null,null,0.106719,null
0.00175006,null,null,null,0.000984531
0.992989,0.00908438,null,null,null
-0.182461,null,-0.126186,null,null
-0.0408246,null,null,0.106719,null
0.00175006,null,null,null,0.000984531
0.992912,0.0149394,null,null,null
-0.192355,null,-0.124948,null,null
-0.031969,null,null,0.0738081,null
0.000173854,null,null,null,0.000610775
0.992912,0.0149394,null,null,null
-0.192355,null,-0.124948,null,null
-0.031969,null,null,0.0738081,null
0.000173854,null,null,null,0.000610775
0.993005,0.0159324,null,null,null
-0.191039,null,-0.103158,null,null
-0.0760337,null,null,0.122994,null
0.00234127,null,null,null,0.00277998
0.99309,0.0125185,null,null,null
-0.239105,null,-0.12089,null,null
-0.018564,null,null,0.114353,null
8.4902e-05,null,null,null,0.0027277
0.993089,0.0151654,null,null,null
-0.177315,null,-0.166964,null,null
-0.0488924,null,null,0.155056,null
0.000569773,null,null,null,0.000408053
0.993109,0.011538,null,null,null
-0.215935,null,-0.160231,null,null
-0.0856354,null,null,0.128574,null
0.000232435,null,null,null,-0.00108715
0.993181,0.0141405,null,null,null
-0.163272,null,-0.0716699,null,null
-0.0753796,null,null,0.185361,null
0.00189761,null,null,null,-0.00294285
0.993029,0.020295,null,null,null
-0.204024,null,-0.0565541,null,null
-0.124894,null,null,0.19012,null
0.00113838,null,null,null,0.0050731
0.99286,0.0232058,null,null,null
-0.198497,null,-0.0708898,null,null
-0.166041,null,null,0.237402,null
-0.00123768,null,null,null,-0.000596015
0.992805,0.0224803,null,null,null
-0.277633,null,-0.108618,null,null
-0.173964,null,null,0.281509,null
-0.000158345,null,null,null,-0.00216134
0.992754,0.0264841,null,null,null
-0.273147,null,-0.0604104,null,null
-0.162025,null,null,0.288956,null
-0.000772607,null,null,null,0.000950804
0.99237,0.0348803,null,null,null
-0.273197,null,-0.113793,null,null
-0.177093,null,null,0.260669,null
0.00215155,null,null,null,0.000532847
0.99237,0.0348803,null,null,null
-0.273197,null,-0.113793,null,null
-0.177093,null,null,0.260669,null
0.00215155,null,null,null,0.000532847
0.992356,0.0366405,null,null,null
-0.256555,null,-0.145164,null,null
-0.170505,null,null,0.229967,null
-0.0032677,null,null,null,-0.00920167
0.992356,0.0366405,null,null,null
-0.256555,null,-0.145164,null,null
-0.170505,null,null,0.229967,null
-0.0032677,null,null,null,-0.00920167
0.992598,0.0274356,null,null,null
-0.280401,null,-0.101914,null,null
-0.264456,null,null,0.222832,null
-0.00585894,null,null,null,0.00148761
0.992598,0.0274356,null,null,null
-0.280401,null,-0.101914,null,null
-0.264456,null,null,0.222832,null
-0.00585894,null,null,null,0.00148761
0.992463,0.0297467,null,null,null
-0.293947,null,-0.145954,null,null
-0.293913,null,null,0.175126,null
-0.00634489,null,null,null,-0.00240704
0.9924,0.0324845,null,null,null
-0.296549,null,-0.165165,null,null
-0.329791,null,null,0.227518,null
-0.00752328,null,null,null,-0.00284214
0.992537,0.0322848,null,null,null
-0.256401,null,-0.111779,null,null
-0.313456,null,null,0.259904,null
-0.000563461,null,null,null,-0.00228526
0.992537,0.0322848,null,null,null
-0.256401,null,-0.111779,null,null
-0.313456,null,null,0.259904,null
-0.000563461,null,null,null,-0.00228526
0.992561,0.0275344,null,null,null
-0.258271,null,-0.178314,null,null
-0.293514,null,null,0.284865,null
0.00412334,null,null,null,-0.000879719
0.992206,0.032781,null,null,null
-0.229284,null,-0.262626,null,null
-0.303184,null,null,0.30226,null
-0.00485736,null,null,null,0.00144064
0.992557,0.0294456,null,null,null
-0.190727,null,-0.240783,null,null
-0.29448,null,null,0.375653,null
-0.00468995,null,null,null,0.00141841
0.992625,0.0296348,null,null,null
-0.172206,null,-0.255866,null,null
-0.295731,null,null,0.32316,null
-0.00351317,null,null,null,0.00523519
0.992625,0.0296348,null,null,null
-0.172206,null,-0.255866,null,null
-0.295731,null,null,0.32316,null
-0.00351317,null,null,null,0.00523519
0.992607,0.0300885,null,null,null
-0.247194,null,-0.176962,null,null
-0.3205,null,null,0.25123,null
-0.0092161,null,null,null,0.00686929
0.992524,0.0225037,null,null,null
-0.161565,null,-0.196446,null,null
-0.335991,null,null,0.239196,null
0.00449359,null,null,null,0.002693
0.992797,0.0250799,null,null,null
-0.188626,null,-0.139121,null,null
-0.392154,null,null,0.255238,null
0.00170065,null,null,null,-0.00114971
0.99286,0.0199545,null,null,null
-0.193236,null,-0.184246,null,null
-0.321556,null,null,0.336058,null
-0.00171219,null,null,null,0.00143879
0.992986,0.0221749,null,null,null
-0.148938,null,-0.148835,null,null
-0.278811,null,null,0.380676,null
-0.00360265,null,null,null,0.00401764
0.992897,0.0198456,null,null,null
-0.185867,null,-0.17696,null,null
-0.300144,null,null,0.311611,null
0.000326401,null,null,null,-0.00275364
0.992999,0.0158601,null,null,null
-0.172275,null,-0.19758,null,null
-0.314056,null,null,0.260665,null
-0.00404029,null,null,null,-0.001693
0.993111,0.0125895,null,null,null
-0.173228,null,-0.182787,null,null
-0.260799,null,null,0.32592,null
0.0031507,null,null,null,0.00340884
0.993021,0.0130052,null,null,null
-0.199726,null,-0.181024,null,null
-0.315059,null,null,0.292091,null
-0.00218271,null,null,null,0.00437625
0.993125,0.00807306,null,null,null
-0.21815,null,-0.226681,null,null
-0.287658,null,null,0.285446,null
-0.00328907,null,null,null,0.0057425
0.993041,0.00810162,null,null,null
-0.25314,null,-0.275247,null,null
-0.361251,null,null,0.226744,null
-0.00195711,null,null,null,0.00386694
0.993041,0.00810162,null,null,null
-0.25314,null,-0.275247,null,null
-0.361251,null,null,0.226744,null
-0.00195711,null,null,null,0.00386694
0.99296,0.00729443,null,null,null
-0.240397,null,-0.277811,null,null
-0.382635,null,null,0.182088,null
-5.57174e-05,null,null,null,-0.00198017
0.99297,0.00550526,null,null,null
-0.256549,null,-0.264292,null,null
-0.332533,null,null,0.232006,null
0.00012834,null,null,null,-0.00525507
0.992955,0.000425916,null,null,null
-0.0760182,null,-0.238884,null,null
-0.320235,null,null,0.169551,null
0.00345935,null,null,null,0.0020393
0.99289,-0.00168609,null,null,null
-0.0357189,null,-0.285236,null,null
-0.30208,null,null,0.204305,null
-0.000929251,null,null,null,0.00145775
0.992991,0.000457365,null,null,null
-0.00976356,null,-0.257679,null,null
-0.270456,null,null,0.191213,null
0.000648904,null,null,null,-0.00188957
0.992716,0.00378931,null,null,null
-0.084207,null,-0.16958,null,null
-0.310843,null,null,0.160598,null
0.000721674,null,null,null,0.00291977
0.992796,0.00543561,null,null,null
-0.0210817,null,-0.277444,null,null
-0.278269,null,null,0.216104,null
0.0042514,null,null,null,0.00414949
0.992895,0.00417925,null,null,null
0.000792084,null,-0.19814,null,null
-0.231124,null,null,0.217495,null
0.0034348,null,null,null,0.00243015
0.992896,0.00414796,null,null,null
-0.0322337,null,-0.199221,null,null
-0.237437,null,null,0.212798,null
1.49181e-05,null,null,null,-0.00306555
0.992905,0.00194476,null,null,null
-0.0268956,null,-0.193591,null,null
-0.243564,null,null,0.190476,null
0.00555479,null,null,null,0.00624389
0.992905,0.00194476,null,null,null
-0.0268956,null,-0.193591,null,null
-0.243564,null,null,0.190476,null
0.00555479,null,null,null,0.00624389
0.992906,0.00135104,null,null,null
-0.0191536,null,-0.26679,null,null
-0.235618,null,null,0.154443,null
0.00276396,null,null,null,0.00685067
0.992896,0.00339487,null,null,null
-0.0252356,null,-0.250594,null,null
-0.265767,null,null,0.176321,null
-0.00236731,null,null,null,0.00461827
0.992908,0.000233291,null,null,null
0.0120345,null,-0.270051,null,null
-0.29537,null,null,0.158306,null
-0.0025226,null,null,null,-0.000450384
0.992908,0.000233291,null,null,null
0.0120345,null,-0.270051,null,null
-0.29537,null,null,0.158306,null
-0.0025226,null,null,null,-0.000450384
0.992908,0.000233291,null,null,null
0.0120345,null,-0.270051,null,null
-0.29537,null,null,0.158306,null
-0.0025226,null,null,null,-0.000450384
0.992815,0.00376128,null,null,null
-0.00356491,null,-0.338011,null,null
-0.29026,null,null,0.143538,null
-0.0027722,null,null,null,-0.00091083
0.992755,0.00562933,null,null,null
0.0238654,null,-0.3291,null,null
-0.307049,null,null,0.100182,null
-0.000650526,null,null,null,-0.000898545
0.992675,0.00506365,null,null,null
0.045133,null,-0.405718,null,null
-0.305708,null,null,0.136151,null
-0.00472366,null,null,null,-0.00504599
0.992675,0.00506365,null,null,null
0.045133,null,-0.405718,null,null
-0.305708,null,null,0.136151,null
-0.00472366,null,null,null,-0.00504599
0.992745,0.00685129,null,null,null
0.0481439,null,-0.37392,null,null
-0.231816,null,null,0.123278,null
0.00266009,null,null,null,-0.00290801
0.992745,0.00685129,null,null,null
0.0481439,null,-0.37392,null,null
-0.231816,null,null,0.123278,null
0.00266009,null,null,null,-0.00290801
0.992991,0.00755816,null,null,null
0.0308126,null,-0.37598,null,null
-0.336815,null,null,0.121237,null
-0.00375291,null,null,null,-0.000825035
0.992805,0.0101954,null,null,null
-0.0163709,null,-0.393973,null,null
-0.31009,null,null,0.146131,null
-0.000114702,null,null,null,-0.00152461
0.992824,0.0154693,null,null,null
0.0342829,null,-0.457984,null,null
-0.31041,null,null,0.135375,null
-0.000742609,null,null,null,-0.00156765
0.992935,0.0121181,null,null,null
0.10082,null,-0.402526,null,null
-0.269242,null,null,0.113652,null
0.00323586,null,null,null,0.00243034
0.992994,0.010218,null,null,null
0.0795198,null,-0.415996,null,null
-0.26275,null,null,0.0333164,null
-0.00179311,null,null,null,0.00048451
0.992958,0.00773341,null,null,null
0.0882109,null,-0.470936,null,null
-0.314986,null,null,0.128985,null
0.000848858,null,null,null,0.000901965
0.992886,0.00989391,null,null,null
0.0901702,null,-0.533014,null,null
-0.299418,null,null,0.227565,null
-0.000656675,null,null,null,0.00477734
0.992738,0.0118322,null,null,null
0.13779,null,-0.480725,null,null
-0.2705,null,null,0.241989,null
0.00079405,null,null,null,-0.00447013
0.992769,0.00975611,null,null,null
0.103557,null,-0.432329,null,null
-0.290376,null,null,0.240316,null
0.00359434,null,null,null,-0.0047247
0.993029,0.00444819,null,null,null
0.149998,null,-0.361108,null,null
-0.257191,null,null,0.183424,null
0.00248555,null,null,null,-0.0017969
0.993029,0.00444819,null,null,null
0.149998,null,-0.361108,null,null
-0.257191,null,null,0.183424,null
0.00248555,null,null,null,-0.0017969
0.992936,-0.00142833,null,null,null
0.1762,null,-0.405265,null,null
-0.269238,null,null,0.176803,null
-0.000443406,null,null,null,-0.00249283
0.992861,0.00346159,null,null,null
0.118348,null,-0.374814,null,null
-0.206199,null,null,0.25731,null
0.000372437,null,null,null,0.00292281
0.992857,0.00352446,null,null,null
0.140649,null,-0.437576,null,null
-0.239314,null,null,0.247342,null
0.00165701,null,null,null,0.00663199
0.992857,0.00352446,null,null,null
0.140649,null,-0.437576,null,null
-0.239314,null,null,0.247342,null
0.00165701,null,null,null,0.00663199
0.992864,0.00240185,null,null,null
0.161101,null,-0.401662,null,null
-0.236979,null,null,0.261349,null
-0.00460721,null,null,null,0.00563091
0.992794,0.00744471,null,null,null
0.137631,null,-0.357924,null,null
-0.148971,null,null,0.226594,null
0.00327411,null,null,null,0.00644562
0.992838,-0.00186281,null,null,null
0.125372,null,-0.380142,null,null
-0.17672,null,null,0.219716,null
0.000565731,null,null,null,0.00391604
0.992745,0.00161031,null,null,null
0.17093,null,-0.35804,null,null
-0.213546,null,null,0.249416,null
-0.00210274,null,null,null,0.00380542
0.992653,0.00328033,null,null,null
0.122965,null,-0.427471,null,null
-0.304664,null,null,0.266103,null
-0.00286749,null,null,null,-0.000243326
0.992653,0.00328033,null,null,null
0.122965,null,-0.427471,null,null
-0.304664,null,null,0.266103,null
-0.00286749,null,null,null,-0.000243326
0.992761,0.00317902,null,null,null
0.0722834,null,-0.410295,null,null
-0.228467,null,null,0.281586,null
-0.00783311,null,null,null,0.00368466
0.992774,0.00860008,null,null,null
0.0546016,null,-0.432327,null,null
-0.269264,null,null,0.252645,null
-0.00831143,null,null,null,-0.00410082
0.992686,0.0109585,null,null,null
0.0849201,null,-0.402284,null,null
-0.31383,null,null,0.290379,null
-0.00305071,null,null,null,-0.00315926
0.992696,0.0126685,null,null,null
0.0260305,null,-0.395471,null,null
-0.316599,null,null,0.290095,null
0.00063894,null,null,null,-0.00162317
0.99271,0.0105292,null,null,null
0.037652,null,-0.374405,null,null
-0.232616,null,null,0.328228,null
0.000826019,null,null,null,-0.00427007
0.992776,0.00968045,null,null,null
0.0628487,null,-0.31289,null,null
-0.287591,null,null,0.333614,null
-0.000199387,null,null,null,-0.000152521
0.992627,0.00661875,null,null,null
0.0957564,null,-0.339755,null,null
-0.305069,null,null,0.252366,null
0.00280341,null,null,null,-0.0064436
0.99257,0.00378425,null,null,null
-0.0593276,null,-0.256775,null,null
-0.330477,null,null,0.2348,null
0.00484829,null,null,null,-0.00961888
0.992651,0.00768596,null,null,null
-0.0541008,null,-0.239742,null,null
-0.25562,null,null,0.234568,null
-0.00449517,null,null,null,-0.00232526
0.992826,0.00709026,null,null,null
-0.0455179,null,-0.264984,null,null
-0.292143,null,null,0.218778,null
0.000589835,null,null,null,-0.00496644
0.992826,0.00709026,null,null,null
-0.0455179,null,-0.264984,null,null
-0.292143,null,null,0.218778,null
0.000589835,null,null,null,-0.00496644
0.992586,0.00644431,null,null,null
-0.0892734,null,-0.199875,null,null
-0.237402,null,null,0.202561,null
-0.00462965,null,null,null,-0.00278637
0.992739,0.00402924,null,null,null
-0.100512,null,-0.257541,null,null
-0.255059,null,null,0.176255,null
-0.00419344,null,null,null,-0.00388049
0.992979,-0.00129156,null,null,null
-0.102918,null,-0.181033,null,null
-0.260246,null,null,0.198546,null
0.00396076,null,null,null,-0.00752196
0.992979,-0.00129156,null,null,null
-0.102918,null,-0.181033,null,null
-0.260246,null,null,0.198546,null
0.00396076,null,null,null,-0.00752196
0.992979,-0.00129156,null,null,null
-0.102918,null,-0.181033,null,null
-0.260246,null,null,0.198546,null
0.00396076,null,null,null,-0.00752196
0.992779,-0.0015152,null,null,null
-0.104342,null,-0.177504,null,null
-0.24149,null,null,0.164999,null
0.00286309,null,null,null,-0.00171875
0.992849,-0.000218019,null,null,null
-0.0930095,null,-0.161855,null,null
-0.247278,null,null,0.194184,null
-0.000404245,null,null,null,-0.00401356
0.992849,-0.000218019,null,null,null
-0.0930095,null,-0.161855,null,null
-0.247278,null,null,0.194184,null
-0.000404245,null,null,null,-0.00401356
0.992726,-0.0017235,null,null,null
-0.156106,null,-0.191414,null,null
-0.203914,null,null,0.151026,null
-0.00454974,null,null,null,-0.00591594
0.992806,-0.00564061,null,null,null
-0.145778,null,-0.189425,null,null
-0.20156,null,null,0.156664,null
0.000327064,null,null,null,-0.00369206
0.992819,-0.00884751,null,null,null
-0.116333,null,-0.212943,null,null
-0.202339,null,null,0.212126,null
-0.00101423,null,null,null,-0.00127906
0.992819,-0.00884751,null,null,null
-0.116333,null,-0.212943,null,null
-0.202339,null,null,0.212126,null
-0.00101423,null,null,null,-0.00127906
0.992826,-0.00281119,null,null,null
-0.141716,null,-0.220317,null,null
-0.226988,null,null,0.204735,null
0.00209034,null,null,null,0.00469625
0.992777,0.00443434,null,null,null
-0.17561,null,-0.201665,null,null
-0.174571,null,null,0.120653,null
-0.00857646,null,null,null,-0.000246413
0.992921,0.00520798,null,null,null
-0.14753,null,-0.15991,null,null
-0.169632,null,null,0.135488,null
-0.00108044,null,null,null,-0.00484934
0.992865,0.00845546,null,null,null
-0.10568,null,-0.158084,null,null
-0.183176,null,null,0.13443,null
-0.00282363,null,null,null,0.00564525
0.992919,0.00330219,null,null,null
-0.105132,null,-0.148069,null,null
-0.164222,null,null,0.125046,null
0.0020208,null,null,null,-0.00820451
0.99282,0.0024197,null,null,null
-0.101074,null,-0.137602,null,null
-0.201013,null,null,0.134354,null
0.00389024,null,null,null,-0.00727294
0.992875,0.00354879,null,null,null
-0.100064,null,-0.123679,null,null
-0.142574,null,null,0.147092,null
0.00260629,null,null,null,-0.00582497
0.992776,0.00397443,null,null,null
-0.113053,null,-0.212024,null,null
-0.167129,null,null,0.182048,null
0.00476141,null,null,null,-0.00760741
0.992825,0.00554871,null,null,null
-0.125271,null,-0.148436,null,null
-0.158731,null,null,0.254035,null
-0.0011631,null,null,null,0.000583289
0.992932,0.00814231,null,null,null
-0.104049,null,-0.109738,null,null
-0.129719,null,null,0.285646,null
-0.00822511,null,null,null,-0.00547491
0.992818,0.00701061,null,null,null
-0.128015,null,-0.0546377,null,null
-0.257072,null,null,0.280498,null
-0.00565886,null,null,null,-0.000298936
0.992875,0.00407508,null,null,null
-0.0733051,null,-0.10972,null,null
-0.19365,null,null,0.256955,null
-0.00894158,null,null,null,-0.00150474
0.993059,-0.00200613,null,null,null
-0.103176,null,-0.116886,null,null
-0.26488,null,null,0.280111,null
-0.00497085,null,null,null,0.0016949
0.993059,-0.00200613,null,null,null
-0.103176,null,-0.116886,null,null
-0.26488,null,null,0.280111,null
-0.00497085,null,null,null,0.0016949
0.992911,-0.00380572,null,null,null
-0.13009,null,-0.15325,null,null
-0.25178,null,null,0.226035,null
-0.00336328,null,null,null,0.000267984
0.992831,0.00272395,null,null,null
-0.107697,null,-0.171229,null,null
-0.17271,null,null,0.286247,null
-0.0013119,null,null,null,-0.00322139
0.992811,0.00299916,null,null,null
-0.118527,null,-0.21782,null,null
-0.183091,null,null,0.255711,null
-0.00430798,null,null,null,0.00397339
0.992947,0.00173179,null,null,null
-0.0862584,null,-0.17284,null,null
-0.204456,null,null,0.280034,null
0.00772815,null,null,null,0.00442966
0.99289,-0.00277104,null,null,null
-0.110529,null,-0.243205,null,null
-0.159892,null,null,0.253072,null
0.00512163,null,null,null,0.00413809
0.99298,-0.00964903,null,null,null
-0.206575,null,-0.224129,null,null
-0.256916,null,null,0.285685,null
0.00568825,null,null,null,0.00630284
0.993046,-0.0120111,null,null,null
-0.216197,null,-0.188856,null,null
-0.115983,null,null,0.280769,null
0.00381759,null,null,null,0.0029297
0.992949,-0.0160734,null,null,null
-0.217842,null,-0.226415,null,null
-0.114554,null,null,0.24287,null
0.000470561,null,null,null,0.00165535
0.992671,-0.0127916,null,null,null
-0.21891,null,-0.319699,null,null
-0.127044,null,null,0.205911,null
0.00304749,null,null,null,0.000538498
0.992745,-0.00950035,null,null,null
-0.164564,null,-0.323142,null,null
-0.0992607,null,null,0.212182,null
-0.000589854,null,null,null,0.000255831
0.992703,-0.00788141,null,null,null
-0.140459,null,-0.313455,null,null
-0.126465,null,null,0.258699,null
0.00280515,null,null,null,-0.00440476
0.99282,-0.00600391,null,null,null
-0.13575,null,-0.290081,null,null
-0.212071,null,null,0.263661,null
0.00192386,null,null,null,-0.00503138
0.992814,-0.00275716,null,null,null
-0.198488,null,-0.342395,null,null
-0.165489,null,null,0.228279,null
-0.00174969,null,null,null,-0.00218768
0.992707,-0.00611651,null,null,null
-0.177795,null,-0.355602,null,null
-0.234478,null,null,0.152301,null
-0.0013759,null,null,null,-0.00695485
0.992707,-0.00611651,null,null,null
-0.177795,null,-0.355602,null,null
-0.234478,null,null,0.152301,null
-0.0013759,null,null,null,-0.00695485
0.992712,-0.00730278,null,null,null
-0.154279,null,-0.392596,null,null
-0.235786,null,null,0.124582,null
0.00392345,null,null,null,-0.000764014
0.992651,-0.0129759,null,null,null
-0.159746,null,-0.382078,null,null
-0.262638,null,null,0.139222,null
-0.00272096,null,null,null,-0.00176403
0.992578,-0.0164227,null,null,null
-0.157694,null,-0.345836,null,null
-0.186833,null,null,0.215251,null
-0.00166299,null,null,null,-0.00190527
0.992578,-0.0164227,null,null,null
-0.157694,null,-0.345836,null,null
-0.186833,null,null,0.215251,null
-0.00166299,null,null,null,-0.00190527
0.992715,-0.0146471,null,null,null
-0.186934,null,-0.330732,null,null
-0.132064,null,null,0.179854,null
-0.00279764,null,null,null,0.00322575
0.992584,-0.0148332,null,null,null
-0.222449,null,-0.396735,null,null
-0.142717,null,null,0.196919,null
-0.000346906,null,null,null,-0.000734414
0.992906,-0.00841666,null,null,null
-0.104149,null,-0.345879,null,null
-0.0630295,null,null,0.168039,null
0.0011599,null,null,null,-0.00353156
0.99296,-0.010817,null,null,null
-0.169926,null,-0.313726,null,null
-0.136799,null,null,0.147253,null
-0.00294531,null,null,null,0.00100161
0.992788,-0.0117954,null,null,null
-0.149981,null,-0.419718,null,null
-0.162305,null,null,0.106664,null
0.00167484,null,null,null,-0.00251572
0.992788,-0.0117954,null,null,null
-0.149981,null,-0.419718,null,null
-0.162305,null,null,0.106664,null
0.00167484,null,null,null,-0.00251572
0.992939,-0.0105266,null,null,null
-0.127853,null,-0.392331,null,null
-0.182096,null,null,0.114304,null
-0.00234594,null,null,null,-0.000634411
0.992994,-0.0051256,null,null,null
-0.133875,null,-0.326051,null,null
-0.256117,null,null,0.141495,null
-6.75714e-05,null,null,null,-0.00222855
0.992926,-0.0061121,null,null,null
-0.142179,null,-0.277199,null,null
-0.28339,null,null,0.0686039,null
0.00209924,null,null,null,0.000420691
0.992868,-0.0044239,null,null,null
-0.117258,null,-0.223534,null,null
-0.228995,null,null,0.122931,null
1.40564e-05,null,null,null,0.00110568
0.99292,-0.009021,null,null,null
-0.0518314,null,-0.244465,null,null
-0.244819,null,null,0.00923599,null
-0.00363233,null,null,null,0.000590669
0.99282,-0.0125782,null,null,null
-0.028682,null,-0.276597,null,null
-0.240737,null,null,0.00329827,null
-0.00780585,null,null,null,-0.0035996
0.993043,-0.0122679,null,null,null
-0.0557206,null,-0.220399,null,null
-0.280043,null,null,0.0163023,null
-0.00220448,null,null,null,0.00297603
0.993045,-0.00825191,null,null,null
-0.00936761,null,-0.22069,null,null
-0.222367,null,null,-0.0251921,null
-0.00507746,null,null,null,0.00171226
0.993045,-0.00825191,null,null,null
-0.00936761,null,-0.22069,null,null
-0.222367,null,null,-0.0251921,null
-0.00507746,null,null,null,0.00171226
0.993075,-0.00976245,null,null,null
-0.106989,null,-0.226417,null,null
-0.215846,null,null,-0.0379966,null
-0.00284521,null,null,null,-0.00146846
0.993075,-0.00976245,null,null,null
-0.106989,null,-0.226417,null,null
-0.215846,null,null,-0.0379966,null
-0.00284521,null,null,null,-0.00146846
0.993095,-0.0115703,null,null,null
-0.0935275,null,-0.334263,null,null
-0.229271,null,null,-0.0240161,null
0.000735026,null,null,null,-0.00552986
0.993095,-0.0115703,null,null,null
-0.0935275,null,-0.334263,null,null
-0.229271,null,null,-0.0240161,null
0.000735026,null,null,null,-0.00552986
0.993034,-0.013805,null,null,null
0.0255007,null,-0.364176,null,null
-0.244588,null,null,0.00781659,null
0.00520836,null,null,null,-0.00193535
0.99289,-0.016005,null,null,null
-0.00648682,null,-0.363301,null,null
-0.316784,null,null,0.00904871,null
0.00363671,null,null,null,0.000674226
0.992875,-0.0182828,null,null,null
0.070882,null,-0.338646,null,null
-0.342552,null,null,-0.011839,null
-0.00399026,null,null,null,0.00119084
0.992669,-0.0129594,null,null,null
0.0316286,null,-0.339332,null,null
-0.295851,null,null,0.0126034,null
-0.00277927,null,null,null,-0.00450329
0.992768,-0.0124085,null,null,null
0.0222651,null,-0.318472,null,null
-0.284369,null,null,-0.0235764,null
0.00231796,null,null,null,-0.00438656
0.992777,-0.0162029,null,null,null
0.0201755,null,-0.350655,null,null
-0.247998,null,null,-0.041653,null
0.009064,null,null,null,-0.00506077
0.9928,-0.015105,null,null,null
-0.0512509,null,-0.304645,null,null
-0.289811,null,null,-0.0158431,null
0.00271118,null,null,null,-0.00376514
0.993005,-0.0101486,null,null,null
0.020366,null,-0.32515,null,null
-0.232921,null,null,-0.0151204,null
-0.00168523,null,null,null,-0.00272953
0.992938,-0.0121131,null,null,null
-0.0469434,null,-0.297032,null,null
-0.269939,null,null,-1.42043e-05,null
-0.00420579,null,null,null,0.00144459
0.993046,-0.00935889,null,null,null
-0.0014173,null,-0.334716,null,null
-0.264386,null,null,0.00828506,null
-0.00602139,null,null,null,-0.00477921
0.992906,-0.0094046,null,null,null
-0.0402995,null,-0.326104,null,null
-0.220372,null,null,-0.0134039,null
-0.000892981,null,null,null,-0.00062776
0.993027,-0.0098997,null,null,null
-0.0753514,null,-0.2512,null,null
-0.211101,null,null,0.0260179,null
0.00116286,null,null,null,0.000406002
0.992932,-0.00689595,null,null,null
-0.191997,null,-0.234349,null,null
-0.220039,null,null,-0.0302489,null
0.00461601,null,null,null,0.0083987
0.99323,-0.000225769,null,null,null
-0.160021,null,-0.30769,null,null
-0.144875,null,null,-0.0607435,null
0.00563529,null,null,null,0.00424576
0.993016,-0.000941714,null,null,null
-0.176613,null,-0.328834,null,null
-0.108196,null,null,-0.0603173,null
0.00342516,null,null,null,0.0110548
0.993016,-0.000941714,null,null,null
-0.176613,null,-0.328834,null,null
-0.108196,null,null,-0.0603173,null
0.00342516,null,null,null,0.0110548
0.993016,-0.000941714,null,null,null
-0.176613,null,-0.328834,null,null
-0.108196,null,null,-0.0603173,null
0.00342516,null,null,null,0.0110548
0.99289,6.88273e-05,null,null,null
-0.140127,null,-0.302463,null,null
-0.109063,null,null,-0.0440384,null
0.00251235,null,null,null,0.00767554
0.99289,6.88273e-05,null,null,null
-0.140127,null,-0.302463,null,null
-0.109063,null,null,-0.0440384,null
0.00251235,null,null,null,0.00767554
0.993038,-0.000361647,null,null,null
-0.155168,null,-0.26829,null,null
-0.142235,null,null,-0.048787,null
0.00100493,null,null,null,0.00490215
0.9929,-0.000382232,null,null,null
-0.166694,null,-0.285705,null,null
-0.143402,null,null,-0.0415338,null
0.00387609,null,null,null,0.00321455
0.993055,-0.00396526,null,null,null
-0.101015,null,-0.270339,null,null
-0.049499,null,null,-0.014631,null
0.00560948,null,null,null,0.00291845
0.992876,-0.00344463,null,null,null
-0.109493,null,-0.267417,null,null
-0.14484,null,null,-0.0870574,null
-0.000544446,null,null,null,-0.000100768
0.993003,-0.00545578,null,null,null
-0.0725418,null,-0.269135,null,null
-0.169214,null,null,-0.0672626,null
0.00434466,null,null,null,0.000318941
0.993054,-0.00697972,null,null,null
-0.0407003,null,-0.226172,null,null
-0.212025,null,null,0.00342815,null
0.000798888,null,null,null,0.00226078
0.993106,-0.00957721,null,null,null
0.0495678,null,-0.279681,null,null
-0.330939,null,null,-0.0472221,null
-8.6814e-05,null,null,null,0.00396837
0.993258,-0.00152846,null,null,null
0.0616763,null,-0.289314,null,null
-0.32502,null,null,-0.0890543,null
-0.00211196,null,null,null,-0.0028263
0.993167,0.0058879,null,null,null
0.0306,null,-0.299265,null,null
-0.321875,null,null,-0.0759863,null
-0.00101303,null,null,null,-0.000205323
0.993167,0.0058879,null,null,null
0.0306,null,-0.299265,null,null
-0.321875,null,null,-0.0759863,null
-0.00101303,null,null,null,-0.000205323
0.993271,0.0054457,null,null,null
0.0204262,null,-0.286811,null,null
-0.302165,null,null,-0.0358971,null
-0.00124096,null,null,null,-0.00508498
0.993182,0.008039,null,null,null
0.0611429,null,-0.21571,null,null
-0.234792,null,null,-0.030023,null
-0.00086843,null,null,null,-0.00391408
0.993398,0.00516771,null,null,null
-0.00721447,null,-0.231325,null,null
-0.275354,null,null,-0.0328684,null
-0.00414928,null,null,null,-0.0033975
0.993185,0.00931989,null,null,null
-0.0180076,null,-0.229381,null,null
-0.277059,null,null,0.00250849,null
-0.00212479,null,null,null,-0.00149599
0.993135,0.00967867,null,null,null
0.0257815,null,-0.279059,null,null
-0.309468,null,null,-0.0502269,null
-0.00442238,null,null,null,-0.00541239
0.993082,0.00840627,null,null,null
-0.0531611,null,-0.200442,null,null
-0.387257,null,null,0.0186811,null
-0.0018474,null,null,null,-0.00902671
0.993082,0.00840627,null,null,null
-0.0531611,null,-0.200442,null,null
-0.387257,null,null,0.0186811,null
-0.0018474,null,null,null,-0.00902671
0.992936,0.015388,null,null,null
-0.104712,null,-0.234272,null,null
-0.373101,null,null,-0.0045175,null
-0.00065231,null,null,null,-0.00658416
0.992953,0.018316,null,null,null
-0.073359,null,-0.26419,null,null
-0.280716,null,null,0.0265204,null
-0.00328111,null,null,null,-0.00493565
0.992783,0.0212789,null,null,null
-0.0807122,null,-0.26942,null,null
-0.321229,null,null,-0.0605035,null
-0.00734028,null,null,null,-0.00614836
0.992942,0.019038,null,null,null
-0.112557,null,-0.245736,null,null
-0.363405,null,null,-0.0867726,null
-0.00368799,null,null,null,-0.0043128
0.992862,0.020674,null,null,null
-0.0839255,null,-0.240774,null,null
-0.340055,null,null,0.000261561,null
-0.00190982,null,null,null,0.00506029
0.992911,0.0216,null,null,null
-0.0262281,null,-0.210211,null,null
-0.378783,null,null,-0.0491661,null
0.000861066,null,null,null,0.0046084
0.992982,0.0244771,null,null,null
-0.107971,null,-0.248977,null,null
-0.280206,null,null,-0.0569131,null
-0.000113128,null,null,null,0.00974331
0.992982,0.0244771,null,null,null
-0.107971,null,-0.248977,null,null
-0.280206,null,null,-0.0569131,null
-0.000113128,null,null,null,0.00974331
0.992982,0.0244771,null,null,null
-0.107971,null,-0.248977,null,null
-0.280206,null,null,-0.0569131,null
-0.000113128,null,null,null,0.00974331
0.992859,0.0234756,null,null,null
-0.114516,null,-0.181023,null,null
-0.314827,null,null,-0.0998131,null
-0.00110291,null,null,null,0.000726921
0.992862,0.0213955,null,null,null
-0.0876197,null,-0.204394,null,null
-0.267354,null,null,-0.103191,null
-0.00446429,null,null,null,-0.00474144
0.992909,0.022046,null,null,null
-0.121247,null,-0.205206,null,null
-0.295507,null,null,-0.1548,null
-0.00443769,null,null,null,-0.000899989
0.992818,0.0202648,null,null,null
-0.10079,null,-0.252951,null,null
-0.328072,null,null,-0.108273,null
0.00181825,null,null,null,-0.00184399
0.99295,0.0150039,null,null,null
-0.114586,null,-0.209989,null,null
-0.275174,null,null,-0.12863,null
-0.0058442,null,null,null,4.74083e-05
0.992964,0.0189034,null,null,null
-0.132697,null,-0.280458,null,null
-0.29743,null,null,-0.119028,null
0.000295419,null,null,null,-0.00610504
0.992964,0.0189034,null,null,null
-0.132697,null,-0.280458,null,null
-0.29743,null,null,-0.119028,null
0.000295419,null,null,null,-0.00610504
0.992984,0.0163585,null,null,null
-0.111177,null,-0.221634,null,null
-0.287446,null,null,-0.0835083,null
0.00354475,null,null,null,-0.0046065
0.992936,0.0134883,null,null,null
-0.0722401,null,-0.258095,null,null
-0.270888,null,null,-0.123194,null
0.000134834,null,null,null,-0.00196184
0.99305,0.016117,null,null,null
-0.0816326,null,-0.23677,null,null
-0.340873,null,null,-0.039305,null
-0.0069622,null,null,null,0.00176111
0.992969,0.0158781,null,null,null
-0.0755146,null,-0.210415,null,null
-0.364246,null,null,-0.0669556,null
0.000111098,null,null,null,0.00103968
0.99293,0.0120883,null,null,null
-0.088994,null,-0.255732,null,null
-0.393298,null,null,-0.0405771,null
0.00363181,null,null,null,-0.00100874
0.992971,0.00959572,null,null,null
-0.0522889,null,-0.243729,null,null
-0.343395,null,null,-0.0428894,null
0.0043835,null,null,null,0.00167199
0.99292,0.00929046,null,null,null
-0.0867746,null,-0.261926,null,null
-0.324061,null,null,-0.0423104,null
0.00434801,null,null,null,0.00114067
0.99292,0.00929046,null,null,null
-0.0867746,null,-0.261926,null,null
-0.324061,null,null,-0.0423104,null
0.00434801,null,null,null,0.00114067
0.993012,0.0142996,null,null,null
-0.102763,null,-0.300925,null,null
-0.389744,null,null,-0.0349554,null
-0.000284199,null,null,null,-0.00357733
0.993121,0.00701861,null,null,null
-0.118302,null,-0.320381,null,null
-0.287343,null,null,-0.0461017,null
0.00244016,null,null,null,-0.00542965
0.993026,0.00481294,null,null,null
-0.120818,null,-0.232135,null,null
-0.306575,null,null,-0.0141134,null
-0.000386037,null,null,null,-0.000241152
0.993015,0.00383067,null,null,null
-0.0224224,null,-0.296091,null,null
-0.345385,null,null,-0.0773349,null
0.00394926,null,null,null,0.00259506
0.993015,0.00383067,null,null,null
-0.0224224,null,-0.296091,null,null
-0.345385,null,null,-0.0773349,null
0.00394926,null,null,null,0.00259506
0.993189,-0.00151898,null,null,null
0.0433839,null,-0.305553,null,null
-0.266844,null,null,-0.0949436,null
0.000484894,null,null,null,0.00133516
0.993189,-0.00151898,null,null,null
0.0433839,null,-0.305553,null,null
-0.266844,null,null,-0.0949436,null
0.000484894,null,null,null,0.00133516
0.993134,0.00226155,null,null,null
-0.0652919,null,-0.284465,null,null
-0.26379,null,null,-0.0772896,null
0.00449929,null,null,null,-0.00335046
0.993093,0.00148611,null,null,null
-0.107067,null,-0.267027,null,null
-0.184449,null,null,-0.168741,null
0.00295945,null,null,null,-0.00483201
0.993093,0.00148611,null,null,null
-0.107067,null,-0.267027,null,null
-0.184449,null,null,-0.168741,null
0.00295945,null,null,null,-0.00483201
0.993024,0.00140417,null,null,null
-0.137046,null,-0.248773,null,null
-0.133096,null,null,-0.190504,null
0.000993863,null,null,null,-0.000168563
0.992896,-0.000598937,null,null,null
-0.0711001,null,-0.200096,null,null
-0.0747494,null,null,-0.192455,null
0.00179146,null,null,null,-0.000365472
0.993101,-0.00622905,null,null,null
-0.0294984,null,-0.247796,null,null
-0.098524,null,null,-0.21196,null
-0.001972,null,null,null,-0.00159377
0.992906,-0.00709361,null,null,null
0.00614362,null,-0.22031,null,null
-0.111286,null,null,-0.16664,null
0.00339042,null,null,null,0.00429301
0.993023,-0.00556015,null,null,null
0.0281157,null,-0.247371,null,null
-0.140416,null,null,-0.145693,null
0.00831176,null,null,null,0.00198174
0.993014,-0.00765455,null,null,null
0.0565694,null,-0.287967,null,null
-0.000964946,null,null,-0.132107,null
0.000656435,null,null,null,0.00349058
0.993115,-0.0107835,null,null,null
0.0173657,null,-0.26749,null,null
0.027832,null,null,-0.0710087,null
-0.00222911,null,null,null,0.00180175
0.993164,-0.0111848,null,null,null
0.0357614,null,-0.288349,null,null
0.0175494,null,null,-0.0881404,null
-0.00828024,null,null,null,0.00594904
0.993024,-0.0135307,null,null,null
0.112627,null,-0.282334,null,null
-0.00438114,null,null,-0.0600161,null
-0.00538659,null,null,null,0.00537171
0.993164,-0.0101166,null,null,null
0.0897534,null,-0.235942,null,null
0.0274715,null,null,-0.0334775,null
-0.00362874,null,null,null,0.00271326
0.993151,-0.00937222,null,null,null
0.0972764,null,-0.223815,null,null
0.0254186,null,null,-0.0197618,null
0.00195861,null,null,null,-0.000699894
0.992912,-0.0167832,null,null,null
0.0720566,null,-0.251138,null,null
0.0734789,null,null,-0.038071,null
0.00169386,null,null,null,-0.00678471
0.993115,-0.0132236,null,null,null
0.102892,null,-0.289897,null,null
0.0683913,null,null,-0.116832,null
0.00881744,null,null,null,-0.00289006
0.993216,-0.011021,null,null,null
0.0774715,null,-0.269631,null,null
0.00945861,null,null,-0.0221259,null
0.00175274,null,null,null,-1.10468e-05
0.99309,-0.0147006,null,null,null
0.0966782,null,-0.274051,null,null
0.0434651,null,null,-0.00281295,null
0.000608014,null,null,null,0.00217825
0.993126,-0.0124925,null,null,null
0.147372,null,-0.256585,null,null
0.01359,null,null,0.0134414,null
0.00233423,null,null,null,-0.00118587
0.993035,-0.0105118,null,null,null
0.188922,null,-0.258235,null,null
0.0620407,null,null,0.0037937,null
0.00158373,null,null,null,-0.0068388
0.992888,-0.0172258,null,null,null
0.0950541,null,-0.265406,null,null
0.026584,null,null,0.0226988,null
-0.00544385,null,null,null,-0.00441109
0.992781,-0.0215824,null,null,null
0.153141,null,-0.311779,null,null
0.0384226,null,null,-0.0103302,null
-0.00180448,null,null,null,-0.00642133
0.992589,-0.0220631,null,null,null
0.0850112,null,-0.268859,null,null
0.0230358,null,null,-0.0953849,null
-0.000736329,null,null,null,-0.00447766
0.992589,-0.0220631,null,null,null
0.0850112,null,-0.268859,null,null
0.0230358,null,null,-0.0953849,null
-0.000736329,null,null,null,-0.00447766
0.992807,-0.0164829,null,null,null
0.179168,null,-0.307805,null,null
0.0541949,null,null,-0.0200861,null
0.00405392,null,null,null,-0.00137222
0.992711,-0.0162661,null,null,null
0.187629,null,-0.317852,null,null
-0.000165874,null,null,0.00733784,null
0.00303631,null,null,null,-0.00314519
0.992986,-0.017031,null,null,null
0.156666,null,-0.323521,null,null
-0.00171839,null,null,0.0202352,null
-0.00226405,null,null,null,0.00123658
0.992961,-0.0179269,null,null,null
0.101951,null,-0.260969,null,null
0.0389314,null,null,0.0862615,null
-0.00286885,null,null,null,-0.000975949
0.992938,-0.0147969,null,null,null
0.166386,null,-0.243424,null,null
0.0725984,null,null,0.0981216,null
0.00252064,null,null,null,0.00246886
0.992962,-0.0147126,null,null,null
0.0706792,null,-0.272509,null,null
0.0988656,null,null,-0.00263711,null
0.0014016,null,null,null,0.00362474
0.992883,-0.0214942,null,null,null
0.123461,null,-0.196662,null,null
0.0129967,null,null,-0.0400489,null
0.00367286,null,null,null,0.00252655
0.99284,-0.0264831,null,null,null
0.0871558,null,-0.164219,null,null
0.118845,null,null,0.0779708,null
0.0048033,null,null,null,-0.00367358
0.99284,-0.0264831,null,null,null
0.0871558,null,-0.164219,null,null
0.118845,null,null,0.0779708,null
0.0048033,null,null,null,-0.00367358
0.99284,-0.0264831,null,null,null
0.0871558,null,-0.164219,null,null
0.118845,null,null,0.0779708,null
0.0048033,null,null,null,-0.00367358
0.993001,-0.0252204,null,null,null
0.0855957,null,-0.181276,null,null
0.069916,null,null,0.0946318,null
-0.00234807,null,null,null,0.00388679
0.992744,-0.0277683,null,null,null
0.0703406,null,-0.178989,null,null
0.0637817,null,null,0.0925475,null
0.00103725,null,null,null,0.000496284
0.992892,-0.0188719,null,null,null
0.0625167,null,-0.218031,null,null
0.0871317,null,null,0.0829329,null
0.0079387,null,null,null,0.00120422
0.99301,-0.0184629,null,null,null
0.0479267,null,-0.186661,null,null
0.102384,null,null,0.103166,null
0.00282356,null,null,null,-0.00995299
0.993081,-0.013014,null,null,null
0.0317439,null,-0.211239,null,null
0.14176,null,null,0.101603,null
0.00662624,null,null,null,-0.000802336
0.992995,-0.0164278,null,null,null
0.0288356,null,-0.236401,null,null
0.0954136,null,null,0.0636069,null
0.00192168,null,null,null,-0.00393974
0.99297,-0.0184897,null,null,null
-0.0944626,null,-0.217554,null,null
0.117978,null,null,0.10303,null
0.00319554,null,null,null,-0.00279006
0.993044,-0.011013,null,null,null
-0.0148676,null,-0.198557,null,null
0.110596,null,null,0.167811,null
4.36911e-05,null,null,null,-0.00146547
0.992971,-0.0150301,null,null,null
0.00476226,null,-0.20232,null,null
0.10105,null,null,0.139377,null
-0.00370343,null,null,null,-0.00286406
0.992925,-0.0109228,null,null,null
-0.0334091,null,-0.154989,null,null
0.0506039,null,null,0.139767,null
-0.00951605,null,null,null,-0.00172703
0.992895,-0.0128844,null,null,null
-0.090571,null,-0.164098,null,null
0.0561424,null,null,0.166162,null
-0.00904264,null,null,null,-0.00195814
0.992895,-0.0128844,null,null,null
-0.090571,null,-0.164098,null,null
0.0561424,null,null,0.166162,null
-0.00904264,null,null,null,-0.00195814
0.992919,-0.0107888,null,null,null
-0.103345,null,-0.148773,null,null
0.0788045,null,null,0.199769,null
-0.00624501,null,null,null,-0.0053136
0.992919,-0.0107888,null,null,null
-0.103345,null,-0.148773,null,null
0.0788045,null,null,0.199769,null
-0.00624501,null,null,null,-0.0053136
0.99275,-0.0137374,null,null,null
-0.116936,null,-0.163379,null,null
0.069772,null,null,0.187943,null
-0.00666179,null,null,null,-0.00228904
0.992719,-0.00500948,null,null,null
-0.101729,null,-0.144106,null,null
0.0465288,null,null,0.158749,null
-0.00249017,null,null,null,0.000722301
0.992665,-0.010512,null,null,null
-0.143921,null,-0.253919,null,null
-0.029543,null,null,0.120572,null
-0.00757846,null,null,null,0.000403096
0.992842,-0.0102399,null,null,null
-0.126254,null,-0.203486,null,null
-0.0124928,null,null,0.127997,null
-0.010803,null,null,null,-0.00263715
0.992853,-0.012442,null,null,null
-0.105979,null,-0.216236,null,null
0.0241154,null,null,0.0956962,null
-0.00856498,null,null,null,-0.000450485
0.992746,-0.0158886,null,null,null
-0.105319,null,-0.240313,null,null
0.0237809,null,null,0.201387,null
-0.00600094,null,null,null,-0.00126246
0.992746,-0.0158886,null,null,null
-0.105319,null,-0.240313,null,null
0.0237809,null,null,0.201387,null
-0.00600094,null,null,null,-0.00126246
0.992746,-0.0158886,null,null,null
-0.105319,null,-0.240313,null,null
0.0237809,null,null,0.201387,null
-0.00600094,null,null,null,-0.00126246
0.992807,-0.00925597,null,null,null
-0.11628,null,-0.226944,null,null
0.0124974,null,null,0.231364,null
-0.000243224,null,null,null,0.0045101
0.992803,-0.0119517,null,null,null
-0.12451,null,-0.223463,null,null
-0.0055483,null,null,0.197492,null
-0.00236839,null,null,null,0.00565766
0.992806,-0.0115532,null,null,null
-0.0796481,null,-0.270332,null,null
-0.00339814,null,null,0.222504,null
-0.00523899,null,null,null,0.00386871
0.992911,-0.0129235,null,null,null
-0.0794852,null,-0.239753,null,null
-0.00953701,null,null,0.199826,null
0.00248721,null,null,null,-0.00101721
0.992912,-0.0101282,null,null,null
-0.121033,null,-0.280499,null,null
0.00645726,null,null,0.234497,null
0.00244024,null,null,null,-0.000324613
0.993086,-0.0103335,null,null,null
-0.0762733,null,-0.190586,null,null
-0.0401565,null,null,0.250204,null
0.00446402,null,null,null,0.0025294
0.99303,-0.0054343,null,null,null
-0.157537,null,-0.248433,null,null
-0.0300601,null,null,0.298662,null
0.00140915,null,null,null,0.00805779
0.992989,-0.0054185,null,null,null
-0.132946,null,-0.238902,null,null
-0.0407602,null,null,0.295529,null
0.00571544,null,null,null,0.00578667
0.99301,-0.00180671,null,null,null
-0.163203,null,-0.246652,null,null
-0.0621341,null,null,0.321433,null
0.000574208,null,null,null,-0.00210044
0.992871,-0.000908773,null,null,null
-0.227048,null,-0.212042,null,null
-0.107285,null,null,0.281458,null
0.000366896,null,null,null,-0.00192654
0.992826,0.000226081,null,null,null
-0.307746,null,-0.153255,null,null
-0.0118913,null,null,0.289474,null
0.00627503,null,null,null,0.0031255
0.992923,0.000218824,null,null,null
-0.232966,null,-0.199212,null,null
-0.0770767,null,null,0.28717,null
0.000381445,null,null,null,-0.0022497
0.992866,0.0039306,null,null,null
-0.273961,null,-0.157385,null,null
-0.0360456,null,null,0.290658,null
0.00248428,null,null,null,-0.00333686
0.992854,0.00449483,null,null,null
-0.278756,null,-0.179919,null,null
-0.0178698,null,null,0.283365,null
0.00564911,null,null,null,-0.00165389
0.992871,-0.00094438,null,null,null
-0.260547,null,-0.117389,null,null
0.0253264,null,null,0.312976,null
-0.00602143,null,null,null,-0.00086736
0.992683,0.00499626,null,null,null
-0.225076,null,-0.189244,null,null
0.0157279,null,null,0.33318,null
-0.00631819,null,null,null,0.00533718
0.992683,0.00499626,null,null,null
-0.225076,null,-0.189244,null,null
0.0157279,null,null,0.33318,null
-0.00631819,null,null,null,0.00533718
0.992946,0.000577761,null,null,null
-0.265405,null,-0.240448,null,null
-0.0707939,null,null,0.204533,null
-0.00607601,null,null,null,6.86065e-05
0.992868,0.00277657,null,null,null
-0.284166,null,-0.271001,null,null
-0.0897316,null,null,0.228681,null
-0.00305259,null,null,null,0.0018807
0.992877,0.00885811,null,null,null
-0.21013,null,-0.22351,null,null
-0.090099,null,null,0.256156,null
-8.57721e-05,null,null,null,0.00377137
0.992648,0.0178004,null,null,null
-0.21565,null,-0.254456,null,null
-0.0996563,null,null,0.221614,null
-0.00213905,null,null,null,0.00275116
0.992498,0.0139592,null,null,null
-0.164598,null,-0.170975,null,null
-0.0985795,null,null,0.132387,null
-0.00226151,null,null,null,0.000610964
0.992846,0.0135336,null,null,null
-0.176181,null,-0.245248,null,null
-0.126844,null,null,0.118372,null
0.000984612,null,null,null,0.00681628
0.992846,0.0135336,null,null,null
-0.176181,null,-0.245248,null,null
-0.126844,null,null,0.118372,null
0.000984612,null,null,null,0.00681628
0.992904,0.015062,null,null,null
-0.176285,null,-0.268367,null,null
-0.155183,null,null,0.17812,null
-0.000494991,null,null,null,0.00502897
0.99292,0.0155636,null,null,null
-0.142891,null,-0.256783,null,null
-0.0975705,null,null,0.183364,null
0.00379654,null,null,null,-0.00121694
0.992811,0.0118237,null,null,null
-0.146008,null,-0.27098,null,null
-0.168251,null,null,0.162849,null
-0.00102782,null,null,null,0.00176231
0.992736,0.0159361,null,null,null
-0.18954,null,-0.306739,null,null
-0.196471,null,null,0.12518,null
-6.68796e-05,null,null,null,-0.00253518
0.992951,0.0106317,null,null,null
-0.176726,null,-0.316455,null,null
-0.242,null,null,0.13526,null
-0.000695579,null,null,null,-0.00405116
0.993035,0.0102004,null,null,null
-0.122244,null,-0.291239,null,null
-0.19005,null,null,0.0907384,null
0.00138669,null,null,null,0.000821587
0.992958,0.0121297,null,null,null
-0.189796,null,-0.302446,null,null
-0.201499,null,null,0.04836,null
-0.00209365,null,null,null,0.00369271
0.992868,0.0162665,null,null,null
-0.242099,null,-0.274919,null,null
-0.294921,null,null,0.106408,null
-0.00376591,null,null,null,-0.000565714
0.992874,0.0143453,null,null,null
-0.209095,null,-0.280999,null,null
-0.296286,null,null,0.0940869,null
-0.00544926,null,null,null,0.0011788
0.99276,0.0156604,null,null,null
-0.202222,null,-0.266841,null,null
-0.229697,null,null,0.0172253,null
-0.00484063,null,null,null,0.00337729
0.99276,0.0156604,null,null,null
-0.202222,null,-0.266841,null,null
-0.229697,null,null,0.0172253,null
-0.00484063,null,null,null,0.00337729
0.99276,0.0156604,null,null,null
-0.202222,null,-0.266841,null,null
-0.229697,null,null,0.0172253,null
-0.00484063,null,null,null,0.00337729
0.99276,0.0156604,null,null,null
-0.202222,null,-0.266841,null,null
-0.229697,null,null,0.0172253,null
-0.00484063,null,null,null,0.00337729
0.992646,0.0200558,null,null,null
-0.197412,null,-0.274516,null,null
-0.228564,null,null,0.0696398,null
-0.00854856,null,null,null,0.0043005
0.992985,0.0195134,null,null,null
-0.180474,null,-0.248376,null,null
-0.225,null,null,0.0892181,null
0.0011862,null,null,null,-0.00190465
0.992985,0.0195134,null,null,null
-0.180474,null,-0.248376,null,null
-0.225,null,null,0.0892181,null
0.0011862,null,null,null,-0.00190465
0.992857,0.0191646,null,null,null
-0.214405,null,-0.208484,null,null
-0.280052,null,null,0.0227359,null
-0.00289314,null,null,null,-0.00356342
0.992896,0.0116615,null,null,null
-0.178902,null,-0.169625,null,null
-0.303085,null,null,0.120357,null
0.0066463,null,null,null,-0.00228344
0.992857,0.0119931,null,null,null
-0.242931,null,-0.144761,null,null
-0.390025,null,null,0.0586495,null
0.00476242,null,null,null,-0.00930125
0.992857,0.0119931,null,null,null
-0.242931,null,-0.144761,null,null
-0.390025,null,null,0.0586495,null
0.00476242,null,null,null,-0.00930125
0.992821,0.0156197,null,null,null
-0.230646,null,-0.131985,null,null
-0.383136,null,null,-0.0326399,null
0.00574584,null,null,null,-0.00213946
0.992823,0.0114911,null,null,null
-0.136419,null,-0.14843,null,null
-0.358847,null,null,-0.0182598,null
0.00633061,null,null,null,-0.00168346
0.992672,0.0177197,null,null,null
-0.165479,null,-0.181491,null,null
-0.313086,null,null,0.00831457,null
-0.00121221,null,null,null,0.00595669
0.992684,0.0245262,null,null,null
-0.194027,null,-0.187333,null,null
-0.318641,null,null,-0.051827,null
-0.00064371,null,null,null,-0.000553561
0.992589,0.0196692,null,null,null
-0.13853,null,-0.134211,null,null
-0.29902,null,null,-0.0170585,null
0.00462143,null,null,null,-0.00410339
0.992788,0.015182,null,null,null
-0.212404,null,-0.17302,null,null
-0.304246,null,null,-0.0597035,null
0.00574238,null,null,null,0.00510253
0.992788,0.015182,null,null,null
-0.212404,null,-0.17302,null,null
-0.304246,null,null,-0.0597035,null
0.00574238,null,null,null,0.00510253
0.992633,0.0112866,null,null,null
-0.207143,null,-0.187375,null,null
-0.325731,null,null,-0.0557896,null
0.00332883,null,null,null,-0.000717404
0.99268,0.0133172,null,null,null
-0.178036,null,-0.0657684,null,null
-0.290059,null,null,-0.0848567,null
-0.00168633,null,null,null,-0.00100574
0.992811,0.012632,null,null,null
-0.261887,null,-0.172254,null,null
-0.213706,null,null,-0.0783859,null
0.00470908,null,null,null,0.00337551
0.992945,0.00617743,null,null,null
-0.290931,null,-0.164479,null,null
-0.174904,null,null,-0.107033,null
0.005002,null,null,null,-0.00663816
0.992874,0.0091187,null,null,null
-0.190955,null,-0.139106,null,null
-0.177296,null,null,-0.111354,null
-0.00215456,null,null,null,-0.00271235
0.992925,0.0076575,null,null,null
-0.210674,null,-0.188867,null,null
-0.196799,null,null,-0.069995,null
-0.000631101,null,null,null,-0.0019576
0.992806,0.0030139,null,null,null
-0.188775,null,-0.12175,null,null
-0.210349,null,null,-0.0956594,null
0.00254073,null,null,null,-0.000322895
0.992862,0.0021946,null,null,null
-0.233637,null,-0.13857,null,null
-0.203132,null,null,-0.00767477,null
0.00816518,null,null,null,-0.00153579
0.992915,0.00100257,null,null,null
-0.260611,null,-0.0999775,null,null
-0.129911,null,null,-0.0154466,null
0.0050978,null,null,null,-0.00520929
0.992946,-0.00239878,null,null,null
-0.264203,null,-0.0984763,null,null
-0.0910245,null,null,-0.00977147,null
0.00537506,null,null,null,-0.00331915
0.993071,0.00556646,null,null,null
-0.218755,null,-0.131939,null,null
-0.121618,null,null,0.0274108,null
0.00363892,null,null,null,0.0018509
0.99299,0.00309946,null,null,null
-0.274942,null,-0.192857,null,null
-0.197561,null,null,-0.00775916,null
0.00237776,null,null,null,0.00705761
0.99299,0.00309946,null,null,null
-0.274942,null,-0.192857,null,null
-0.197561,null,null,-0.00775916,null
0.00237776,null,null,null,0.00705761
0.992949,0.0118227,null,null,null
-0.257266,null,-0.119476,null,null
-0.25204,null,null,-0.00996094,null
-0.00245668,null,null,null,0.00796536
0.992949,0.0118227,null,null,null
-0.257266,null,-0.119476,null,null
-0.25204,null,null,-0.00996094,null
-0.00245668,null,null,null,0.00796536
0.992942,0.0110508,null,null,null
-0.260686,null,-0.137869,null,null
-0.202965,null,null,-0.043911,null
-0.00345164,null,null,null,0.00590455
0.992905,0.0165295,null,null,null
-0.208976,null,-0.120427,null,null
-0.25082,null,null,-0.0673625,null
-0.00797776,null,null,null,-0.00138225
0.99279,0.0156814,null,null,null
-0.200543,null,-0.115527,null,null
-0.276509,null,null,-0.103026,null
-0.00526669,null,null,null,0.000575583
0.99279,0.0156814,null,null,null
-0.200543,null,-0.115527,null,null
-0.276509,null,null,-0.103026,null
-0.00526669,null,null,null,0.000575583
0.992846,0.0105332,null,null,null
-0.272475,null,-0.143485,null,null
-0.277885,null,null,-0.0802886,null
-0.0080716,null,null,null,-0.00142109
0.992921,0.0092057,null,null,null
-0.278465,null,-0.0553534,null,null
-0.280939,null,null,-0.0505263,null
-0.0033467,null,null,null,0.00133487
0.992984,0.00684281,null,null,null
-0.275008,null,-0.0282296,null,null
-0.260754,null,null,-0.0549856,null
0.000601421,null,null,null,0.00189832
0.993174,0.00862307,null,null,null
-0.257829,null,-0.0161479,null,null
-0.26591,null,null,-0.0805561,null
0.00560521,null,null,null,-0.00221705
0.992929,0.010468,null,null,null
-0.284484,null,0.0201288,null,null
-0.288847,null,null,-0.0659641,null
0.00156471,null,null,null,0.000427271
0.992944,0.00988114,null,null,null
-0.290156,null,0.0487719,null,null
-0.291149,null,null,-0.0294265,null
-0.00274353,null,null,null,-0.00437727
0.992955,0.013464,null,null,null
-0.298906,null,-0.0223729,null,null
-0.250261,null,null,-0.114656,null
-0.000392706,null,null,null,-0.000910441
0.992916,0.0141949,null,null,null
-0.264884,null,0.0411412,null,null
-0.264788,null,null,-0.109726,null
0.00177838,null,null,null,0.000530651
0.993034,0.00961875,null,null,null
-0.26436,null,0.0233812,null,null
-0.270713,null,null,-0.0842815,null
0.00182455,null,null,null,-0.00276981
0.992955,0.00511751,null,null,null
-0.258435,null,0.016151,null,null
-0.271306,null,null,-0.036217,null
-0.00569645,null,null,null,0.00276626
0.992955,0.00511751,null,null,null
-0.258435,null,0.016151,null,null
-0.271306,null,null,-0.036217,null
-0.00569645,null,null,null,0.00276626
0.993104,0.00216824,null,null,null
-0.282689,null,0.0495459,null,null
-0.264674,null,null,0.0480186,null
0.00211914,null,null,null,0.00445144
0.993035,0.0080493,null,null,null
-0.193679,null,0.109474,null,null
-0.285976,null,null,0.00370878,null
0.00012542,null,null,null,-0.00147364
0.993032,0.00723206,null,null,null
-0.250424,null,0.0849335,null,null
-0.201255,null,null,0.0180214,null
-0.00237575,null,null,null,-0.005477
0.993064,0.00787929,null,null,null
-0.306881,null,0.0367825,null,null
-0.251896,null,null,0.0221229,null
-0.00140745,null,null,null,0.00148836
0.993076,0.00202377,null,null,null
-0.32842,null,0.022482,null,null
-0.234769,null,null,-0.0623215,null
-0.000678574,null,null,null,-0.00575931
0.993045,-0.000342906,null,null,null
-0.288946,null,0.0545143,null,null
-0.229052,null,null,-0.0342761,null
-0.00516936,null,null,null,-0.0055176
0.993045,-0.000342906,null,null,null
-0.288946,null,0.0545143,null,null
-0.229052,null,null,-0.0342761,null
-0.00516936,null,null,null,-0.0055176
0.99295,0.00330636,null,null,null
-0.300922,null,0.0607109,null,null
-0.269956,null,null,-0.0459463,null
-0.00596665,null,null,null,-0.00207114
0.99298,0.0029967,null,null,null
-0.261654,null,0.0879898,null,null
-0.228916,null,null,-0.0312366,null
-0.00040926,null,null,null,-0.00446354
0.993097,0.0091535,null,null,null
-0.256625,null,0.115067,null,null
-0.245825,null,null,-0.0456326,null
0.00345454,null,null,null,-0.0100998
0.993166,0.00452529,null,null,null
-0.238674,null,0.0778636,null,null
-0.171843,null,null,0.00630539,null
-0.00382839,null,null,null,0.000688385
0.993166,0.00452529,null,null,null
-0.238674,null,0.0778636,null,null
-0.171843,null,null,0.00630539,null
-0.00382839,null,null,null,0.000688385
0.993066,0.00746972,null,null,null
-0.233495,null,0.105385,null,null
-0.207721,null,null,-0.0350325,null
-0.00117442,null,null,null,0.00125892
0.993079,0.0126751,null,null,null
-0.22909,null,0.0378985,null,null
-0.178397,null,null,0.0281436,null
-0.00346609,null,null,null,0.00301281
0.993001,0.0150046,null,null,null
-0.218957,null,0.101432,null,null
-0.209187,null,null,0.0147181,null
-0.00285621,null,null,null,-0.00560836
0.992823,0.0145221,null,null,null
-0.238831,null,0.0373795,null,null
-0.168851,null,null,0.0424863,null
-0.00210295,null,null,null,-0.00242219
0.992823,0.0145221,null,null,null
-0.238831,null,0.0373795,null,null
-0.168851,null,null,0.0424863,null
-0.00210295,null,null,null,-0.00242219
0.992809,0.013573,null,null,null
-0.261609,null,0.0597442,null,null
-0.186774,null,null,0.0435972,null
-0.000984011,null,null,null,-0.001018
0.992946,0.0155759,null,null,null
-0.244074,null,0.0739575,null,null
-0.269494,null,null,-0.0127148,null
-0.00470251,null,null,null,-0.000100666
0.992845,0.0136809,null,null,null
-0.218622,null,0.00422727,null,null
-0.184756,null,null,0.0462912,null
0.000116706,null,null,null,-0.00748499
0.992904,0.00779722,null,null,null
-0.203749,null,0.00988802,null,null
-0.276002,null,null,0.125567,null
-1.30104e-05,null,null,null,-0.00334632
0.992951,0.00847235,null,null,null
-0.163474,null,0.0015031,null,null
-0.245353,null,null,0.0760729,null
0.000348859,null,null,null,-0.00376565
0.993014,0.0119844,null,null,null
-0.185924,null,0.0476336,null,null
-0.23207,null,null,0.0571463,null
-0.00844657,null,null,null,-0.0023379
0.992906,0.0147119,null,null,null
-0.171426,null,0.0737987,null,null
-0.189526,null,null,0.0827438,null
-0.00260633,null,null,null,-0.00595153
0.992966,0.0145241,null,null,null
-0.126804,null,0.0647315,null,null
-0.0988146,null,null,0.077583,null
-0.0041013,null,null,null,-0.00310019
0.992994,0.0112464,null,null,null
-0.135704,null,0.0384404,null,null
-0.155778,null,null,0.0611654,null
-0.00480435,null,null,null,-0.00440808
0.992994,0.0112464,null,null,null
-0.135704,null,0.0384404,null,null
-0.155778,null,null,0.0611654,null
-0.00480435,null,null,null,-0.00440808
0.993053,0.00840011,null,null,null
-0.138192,null,0.0998531,null,null
-0.137535,null,null,0.105574,null
-0.000268141,null,null,null,-0.00280093
0.993099,0.00881776,null,null,null
-0.118643,null,0.195587,null,null
-0.148955,null,null,0.181829,null
-0.00319214,null,null,null,0.00188572
0.993193,0.00487994,null,null,null
-0.161906,null,0.158477,null,null
-0.139721,null,null,0.160826,null
0.000445364,null,null,null,0.000439563
0.993193,0.00487994,null,null,null
-0.161906,null,0.158477,null,null
-0.139721,null,null,0.160826,null
0.000445364,null,null,null,0.000439563
0.993008,0.00745819,null,null,null
-0.194724,null,0.0838596,null,null
-0.143399,null,null,0.177311,null
0.00178834,null,null,null,-0.00195038
0.993,0.00758379,null,null,null
-0.153932,null,0.114775,null,null
-0.145285,null,null,0.125466,null
-0.0041059,null,null,null,0.00369148
0.993065,0.0103043,null,null,null
-0.151719,null,0.05056,null,null
-0.105466,null,null,0.131139,null
-0.0033569,null,null,null,0.0027632
0.993065,0.0103043,null,null,null
-0.151719,null,0.05056,null,null
-0.105466,null,null,0.131139,null
-0.0033569,null,null,null,0.0027632
0.993031,0.010882,null,null,null
-0.204457,null,0.141041,null,null
-0.088166,null,null,0.16338,null
-0.00165904,null,null,null,-0.000372411
0.993047,0.0118709,null,null,null
-0.251676,null,0.0943838,null,null
-0.080602,null,null,0.161301,null
0.0040087,null,null,null,0.00128585
0.99299,0.0151136,null,null,null
-0.206593,null,0.159963,null,null
-0.0761355,null,null,0.207476,null
-0.00134576,null,null,null,0.000418906
0.992816,0.015462,null,null,null
-0.152312,null,0.108014,null,null
-0.0389345,null,null,0.180495,null
-0.00203505,null,null,null,0.00450589
0.992819,0.0131115,null,null,null
-0.175912,null,0.0445663,null,null
-0.00222085,null,null,0.160617,null
0.000632732,null,null,null,0.0010844
0.992884,0.0104173,null,null,null
-0.175535,null,0.0612225,null,null
0.00464224,null,null,0.133981,null
0.00388721,null,null,null,0.00215599
0.992846,0.0126446,null,null,null
-0.160415,null,-0.0276356,null,null
-0.0188496,null,null,0.117621,null
-0.000443334,null,null,null,-0.00380336
0.992768,0.0142157,null,null,null
-0.224107,null,-0.0296414,null,null
-0.0500605,null,null,0.0957929,null
-0.000667443,null,null,null,0.0025153
0.992724,0.0188719,null,null,null
-0.246876,null,-0.0846874,null,null
-0.0647681,null,null,0.0869066,null
-0.00244786,null,null,null,0.00178761
0.992921,0.017887,null,null,null
-0.185938,null,-0.0676146,null,null
-0.0817197,null,null,0.0981343,null
-0.00243274,null,null,null,-0.00204264
0.992921,0.017887,null,null,null
-0.185938,null,-0.0676146,null,null
-0.0817197,null,null,0.0981343,null
-0.00243274,null,null,null,-0.00204264
0.993014,0.0151774,null,null,null
-0.191526,null,0.0101137,null,null
-0.0847246,null,null,0.0638564,null
0.00290401,null,null,null,0.00220296
0.993014,0.0151774,null,null,null
-0.191526,null,0.0101137,null,null
-0.0847246,null,null,0.0638564,null
0.00290401,null,null,null,0.00220296
0.993014,0.0151774,null,null,null
-0.191526,null,0.0101137,null,null
-0.0847246,null,null,0.0638564,null
0.00290401,null,null,null,0.00220296
0.992899,0.0191029,null,null,null
-0.250089,null,0.035551,null,null
-0.060712,null,null,0.065982,null
-0.0034617,null,null,null,-0.00192026
0.992899,0.0191029,null,null,null
-0.250089,null,0.035551,null,null
-0.060712,null,null,0.065982,null
-0.0034617,null,null,null,-0.00192026
0.992672,0.0229223,null,null,null
-0.255864,null,0.029817,null,null
-0.0825356,null,null,0.0341961,null
0.000331409,null,null,null,0.00137409
0.992675,0.0223951,null,null,null
-0.254129,null,0.061717,null,null
-0.0109418,null,null,-0.058726,null
-0.00184799,null,null,null,-0.00197875
0.99262,0.0233409,null,null,null
-0.205289,null,0.060887,null,null
0.0180244,null,null,-0.0282655,null
-0.00169432,null,null,null,-0.00123783
0.99262,0.0233409,null,null,null
-0.205289,null,0.060887,null,null
0.0180244,null,null,-0.0282655,null
-0.00169432,null,null,null,-0.00123783
0.992704,0.019596,null,null,null
-0.186062,null,0.0315201,null,null
-0.0340669,null,null,-0.0655626,null
0.00223661,null,null,null,0.00355756
0.99296,0.0194974,null,null,null
-0.167522,null,0.0300958,null,null
-0.0473155,null,null,-0.0739336,null
0.0033703,null,null,null,0.000787249
0.99282,0.0164882,null,null,null
-0.1442,null,0.00426158,null,null
-0.0566276,null,null,0.0148658,null
0.00404106,null,null,null,0.00126955
0.992725,0.0191517,null,null,null
-0.135016,null,0.022098,null,null
-0.12661,null,null,0.0559201,null
-0.00191595,null,null,null,0.00444439
0.99283,0.0224137,null,null,null
-0.140698,null,0.0625331,null,null
-0.0498199,null,null,-0.00301761,null
-0.00181529,null,null,null,-0.0014749
0.992676,0.0296594,null,null,null
-0.120145,null,0.0307086,null,null
-0.0832904,null,null,-0.00767359,null
-0.006902,null,null,null,0.00356295
0.992564,0.0307915,null,null,null
-0.109197,null,0.00326866,null,null
-0.0830975,null,null,-0.000487248,null
-0.00121676,null,null,null,-2.87371e-05
0.992631,0.0310347,null,null,null
-0.134344,null,-0.0898125,null,null
-0.127606,null,null,-0.041003,null
0.00125016,null,null,null,-0.00219133
0.99259,0.0334456,null,null,null
-0.17204,null,-0.0778153,null,null
-0.0989928,null,null,0.0303414,null
-0.000155659,null,null,null,-0.00220677
0.99259,0.0334456,null,null,null
-0.17204,null,-0.0778153,null,null
-0.0989928,null,null,0.0303414,null
-0.000155659,null,null,null,-0.00220677
0.992525,0.0333567,null,null,null
-0.20964,null,-0.131807,null,null
-0.162826,null,null,0.0946375,null
-0.00101427,null,null,null,-0.00561155
0.992328,0.0385822,null,null,null
-0.239842,null,-0.157677,null,null
-0.148968,null,null,0.093229,null
-0.00454565,null,null,null,-0.00418676
0.992646,0.0332597,null,null,null
-0.24743,null,-0.176492,null,null
-0.120453,null,null,0.0488931,null
-0.00281971,null,null,null,0.00230739
0.992624,0.02947,null,null,null
-0.194518,null,-0.12508,null,null
-0.0885184,null,null,0.136838,null
-0.000836904,null,null,null,0.00226642
0.992745,0.027847,null,null,null
-0.0865309,null,-0.102745,null,null
-0.146469,null,null,0.163644,null
-0.004177,null,null,null,0.0064639
0.992799,0.0251621,null,null,null
-0.19379,null,-0.165642,null,null
-0.205983,null,null,0.124368,null
-0.00321822,null,null,null,0.0022205
0.99262,0.0283919,null,null,null
-0.150831,null,-0.105898,null,null
-0.139667,null,null,0.207211,null
-0.00503207,null,null,null,0.00296591
0.992564,0.0310727,null,null,null
-0.176476,null,-0.16427,null,null
-0.1581,null,null,0.280901,null
-0.00151542,null,null,null,0.00295612
0.992564,0.0310727,null,null,null
-0.176476,null,-0.16427,null,null
-0.1581,null,null,0.280901,null
-0.00151542,null,null,null,0.00295612
0.992505,0.0323771,null,null,null
-0.184371,null,-0.146509,null,null
-0.174066,null,null,0.285881,null
-0.00535769,null,null,null,-0.000548234
0.992631,0.0281169,null,null,null
-0.122455,null,-0.161531,null,null
-0.137836,null,null,0.307798,null
0.000591134,null,null,null,-0.000813236
0.992521,0.0303838,null,null,null
-0.0832861,null,-0.105716,null,null
-0.109415,null,null,0.183757,null
-0.00301352,null,null,null,0.00385062
0.992479,0.0344796,null,null,null
-0.130919,null,-0.196776,null,null
-0.0836909,null,null,0.20314,null
-0.00655564,null,null,null,-0.000241664
0.992479,0.0344796,null,null,null
-0.130919,null,-0.196776,null,null
-0.0836909,null,null,0.20314,null
-0.00655564,null,null,null,-0.000241664
0.992726,0.0321248,null,null,null
-0.107255,null,-0.197955,null,null
-0.111135,null,null,0.196916,null
-0.00338796,null,null,null,0.00185717
0.992366,0.0374353,null,null,null
-0.0754074,null,-0.177944,null,null
-0.142165,null,null,0.186269,null
-0.00818155,null,null,null,-0.000523983
0.992332,0.0364001,null,null,null
-0.105517,null,-0.0875499,null,null
-0.189787,null,null,0.231086,null
-0.0076725,null,null,null,-0.00271361
0.992396,0.0336365,null,null,null
-0.11588,null,-0.177347,null,null
-0.109624,null,null,0.195904,null
0.00187755,null,null,null,0.0015471
0.992496,0.0304981,null,null,null
-0.10491,null,-0.19737,null,null
-0.122258,null,null,0.198201,null
-0.00195814,null,null,null,0.0010318
0.992622,0.0280144,null,null,null
-0.117309,null,-0.202542,null,null
-0.104478,null,null,0.275222,null
-0.00378619,null,null,null,0.00176403
0.992518,0.0360291,null,null,null
-0.0902339,null,-0.191475,null,null
-0.0708608,null,null,0.267285,null
0.00370677,null,null,null,-0.00394521
0.992469,0.0384825,null,null,null
-0.0467746,null,-0.0915835,null,null
-0.0827849,null,null,0.264844,null
0.00309988,null,null,null,0.00120275
0.992385,0.0391315,null,null,null
-0.0850881,null,-0.134296,null,null
-0.165032,null,null,0.264961,null
0.00518667,null,null,null,-3.57274e-05
0.992385,0.0391315,null,null,null
-0.0850881,null,-0.134296,null,null
-0.165032,null,null,0.264961,null
0.00518667,null,null,null,-3.57274e-05
0.992267,0.0406614,null,null,null
-0.107747,null,-0.128421,null,null
-0.102601,null,null,0.325358,null
0.00422732,null,null,null,-0.00308816
0.992267,0.0406614,null,null,null
-0.107747,null,-0.128421,null,null
-0.102601,null,null,0.325358,null
0.00422732,null,null,null,-0.00308816
0.992038,0.046257,null,null,null
-0.125696,null,-0.120442,null,null
-0.100693,null,null,0.316142,null
0.00152783,null,null,null,-0.00685107
0.99222,0.0427054,null,null,null
-0.139624,null,-0.0855552,null,null
-0.0270199,null,null,0.218449,null
0.00601924,null,null,null,-0.00385863
0.992188,0.0439882,null,null,null
-0.147526,null,-0.0958792,null,null
-0.0800724,null,null,0.198857,null
0.00651895,null,null,null,-0.00525655
0.992019,0.0470311,null,null,null
-0.151056,null,-0.150129,null,null
-0.100446,null,null,0.155624,null
0.00258375,null,null,null,-0.0033616
0.992067,0.0447646,null,null,null
-0.13023,null,-0.146833,null,null
-0.116696,null,null,0.153932,null
0.000783294,null,null,null,-0.00305744
0.992111,0.0456844,null,null,null
-0.117835,null,-0.19152,null,null
-0.0625965,null,null,0.142294,null
0.0032836,null,null,null,-0.0068101
0.992229,0.037143,null,null,null
-0.0811562,null,-0.161573,null,null
0.00837094,null,null,0.167896,null
0.00374867,null,null,null,-0.00418437
0.99225,0.037426,null,null,null
-0.0398903,null,-0.150735,null,null
0.0059671,null,null,0.117669,null
-0.00223864,null,null,null,-0.00339597
0.992317,0.0367351,null,null,null
-0.0457879,null,-0.108044,null,null
-0.04983,null,null,0.0917779,null
-0.00101704,null,null,null,0.00114485
0.992654,0.0311228,null,null,null
-0.0832409,null,-0.0969816,null,null
-0.00565844,null,null,0.128381,null
-0.00534601,null,null,null,-0.00107215
0.992654,0.0311228,null,null,null
-0.0832409,null,-0.0969816,null,null
-0.00565844,null,null,0.128381,null
-0.00534601,null,null,null,-0.00107215
0.992654,0.0311228,null,null,null
-0.0832409,null,-0.0969816,null,null
-0.00565844,null,null,0.128381,null
-0.00534601,null,null,null,-0.00107215
0.992654,0.0311228,null,null,null
-0.0832409,null,-0.0969816,null,null
-0.00565844,null,null,0.128381,null
-0.00534601,null,null,null,-0.00107215
0.992544,0.0294185,null,null,null
-0.0692693,null,-0.0560744,null,null
-0.00523297,null,null,0.144824,null
-0.00484035,null,null,null,0.000764563
0.992727,0.0252899,null,null,null
-0.0577566,null,-0.0590614,null,null
-0.0618335,null,null,0.189504,null
-0.00367814,null,null,null,-0.00239714
0.992598,0.0246579,null,null,null
-0.0628284,null,-0.112773,null,null
-0.0881195,null,null,0.18494,null
0.00460051,null,null,null,0.00369976
0.992716,0.0229504,null,null,null
-0.0220634,null,-0.0952656,null,null
-0.05625,null,null,0.135903,null
0.00697771,null,null,null,-0.000106922
0.992716,0.0229504,null,null,null
-0.0220634,null,-0.0952656,null,null
-0.05625,null,null,0.135903,null
0.00697771,null,null,null,-0.000106923
0.992772,0.0141685,null,null,null
-0.0492036,null,-0.119778,null,null
-0.0857312,null,null,0.0788264,null
0.0057658,null,null,null,-0.000523957
0.992799,0.00966606,null,null,null
-0.0889376,null,-0.124798,null,null
-0.11357,null,null,0.172382,null
0.00282495,null,null,null,0.000607323
0.992926,0.00289309,null,null,null
-0.115524,null,-0.0827594,null,null
-0.185135,null,null,0.191539,null
-0.000199746,null,null,null,-0.00817303
0.992926,0.00289309,null,null,null
-0.115524,null,-0.0827594,null,null
-0.185135,null,null,0.191539,null
-0.000199746,null,null,null,-0.00817303
0.992949,0.00227189,null,null,null
0.00198877,null,-0.0365021,null,null
-0.211679,null,null,0.121119,null
-0.00183524,null,null,null,-0.00827989
0.992936,-0.000956689,null,null,null
-0.0334832,null,-0.0630276,null,null
-0.19627,null,null,0.0946812,null
-0.00170893,null,null,null,0.00363464
0.99281,0.00734865,null,null,null
-0.0507001,null,-0.115913,null,null
-0.126024,null,null,0.125752,null
0.00247033,null,null,null,6.13631e-05
0.992931,0.00908394,null,null,null
-0.048132,null,-0.0942061,null,null
-0.12264,null,null,0.131165,null
-0.00115003,null,null,null,0.000703145
0.992931,0.00908394,null,null,null
-0.048132,null,-0.0942061,null,null
-0.12264,null,null,0.131165,null
-0.00115003,null,null,null,0.000703145
0.992827,0.0152089,null,null,null
-0.0548136,null,-0.108699,null,null
-0.144769,null,null,0.106665,null
-0.00912782,null,null,null,-0.00411802
0.992844,0.0130331,null,null,null
-0.0350265,null,-0.154111,null,null
-0.158927,null,null,0.135424,null
-0.00497607,null,null,null,0.00260496
0.992674,0.0157328,null,null,null
0.038284,null,-0.174795,null,null
-0.10983,null,null,0.0888394,null
-0.00741331,null,null,null,0.00416119
0.992716,0.0190097,null,null,null
0.00598114,null,-0.0818955,null,null
-0.122987,null,null,0.17398,null
-0.00289736,null,null,null,-0.00394711
0.992716,0.0190097,null,null,null
0.00598114,null,-0.0818955,null,null
-0.122987,null,null,0.17398,null
-0.00289736,null,null,null,-0.00394711
0.992716,0.0190097,null,null,null
0.00598114,null,-0.0818955,null,null
-0.122987,null,null,0.17398,null
-0.00289736,null,null,null,-0.00394711
0.992725,0.014691,null,null,null
-0.0549261,null,-0.0913715,null,null
-0.130241,null,null,0.13423,null
0.00397868,null,null,null,-0.00242694
0.992422,0.0189711,null,null,null
-0.0801646,null,-0.169322,null,null
-0.0889854,null,null,0.115171,null
-0.000797355,null,null,null,-0.00195784
0.99267,0.0180115,null,null,null
-0.0886569,null,-0.143347,null,null
-0.05034,null,null,0.0922697,null
-0.0075734,null,null,null,-0.000619069
0.992696,0.0187707,null,null,null
-0.0427922,null,-0.126736,null,null
-0.0631165,null,null,0.0595647,null
-0.00450825,null,null,null,-0.00356966
0.992624,0.0190261,null,null,null
-0.136758,null,-0.156831,null,null
-0.051441,null,null,-0.0117344,null
-0.00259591,null,null,null,-0.00524734
0.992741,0.017649,null,null,null
-0.109057,null,-0.176079,null,null
-0.0744356,null,null,0.00682726,null
-0.00231116,null,null,null,-0.00106833
0.992779,0.0201393,null,null,null
-0.111941,null,-0.142217,null,null
-0.0636379,null,null,0.0342968,null
0.00911246,null,null,null,-0.00270368
0.992751,0.0180669,null,null,null
-0.0395611,null,-0.167472,null,null
-0.0502367,null,null,0.016078,null
0.00580992,null,null,null,0.00431411
0.992784,0.0167293,null,null,null
-0.0607871,null,-0.165836,null,null
-0.0250282,null,null,-0.00955824,null
0.00253571,null,null,null,-0.00067024
0.992784,0.0167293,null,null,null
-0.0607871,null,-0.165836,null,null
-0.0250282,null,null,-0.00955824,null
0.00253571,null,null,null,-0.00067024
0.992724,0.0178046,null,null,null
-0.0215556,null,-0.0673771,null,null
0.0255146,null,null,0.00219902,null
0.00305513,null,null,null,-0.00252434
0.992649,0.0219659,null,null,null
0.0729585,null,-0.127222,null,null
0.0141675,null,null,0.00539723,null
-0.00478735,null,null,null,0.000393907
0.992484,0.0246624,null,null,null
0.0556104,null,-0.0638431,null,null
0.0636521,null,null,-0.0434985,null
-0.00531949,null,null,null,0.00300453
0.992519,0.0247779,null,null,null
0.0748974,null,-0.0923806,null,null
0.0782655,null,null,-0.0134499,null
-0.00285126,null,null,null,0.0040403
0.992646,0.0262755,null,null,null
0.0452131,null,-0.109584,null,null
0.0830857,null,null,-0.0688079,null
-0.00519022,null,null,null,0.00343461
0.992646,0.0262755,null,null,null
0.0452131,null,-0.109584,null,null
0.0830857,null,null,-0.0688079,null
-0.00519022,null,null,null,0.00343461
0.992495,0.0253251,null,null,null
0.0257555,null,-0.077736,null,null
0.148102,null,null,-0.00650558,null
-0.00748784,null,null,null,-0.00323255
0.992414,0.0262772,null,null,null
0.0952069,null,-0.0607195,null,null
0.0857614,null,null,-0.0297864,null
-0.00498125,null,null,null,0.00309601
0.992395,0.0298384,null,null,null
0.0728404,null,-0.0973722,null,null
0.0353749,null,null,-0.0431594,null
-0.00371902,null,null,null,0.0019751
0.992299,0.0344355,null,null,null
0.0329484,null,-0.0671199,null,null
0.0507694,null,null,-0.0318969,null
-0.00099245,null,null,null,-0.00544503
0.992245,0.0369567,null,null,null
0.0593868,null,-0.120244,null,null
0.00298786,null,null,-0.00836471,null
0.00268359,null,null,null,-0.00221726
0.992352,0.0328505,null,null,null
0.0585366,null,-0.0979276,null,null
-0.0271142,null,null,-0.00099151,null
0.00247357,null,null,null,0.00133267
0.992352,0.0328505,null,null,null
0.0585366,null,-0.0979276,null,null
-0.0271142,null,null,-0.00099151,null
0.00247357,null,null,null,0.00133267
0.992457,0.031914,null,null,null
0.0156395,null,-0.0556624,null,null
0.0300051,null,null,-0.0268755,null
0.00237328,null,null,null,-0.00302896
0.992304,0.0354614,null,null,null
-0.00444059,null,-0.0409059,null,null
-0.0205444,null,null,-0.0726825,null
0.00263655,null,null,null,-0.000753166
0.992395,0.0362613,null,null,null
-0.00458328,null,0.0147731,null,null
-0.00837992,null,null,-0.0838864,null
0.00507932,null,null,null,0.000976672
0.992324,0.0361158,null,null,null
-0.0924905,null,0.0356272,null,null
0.0408147,null,null,-0.124585,null
0.00211817,null,null,null,0.000425551
0.992324,0.0351175,null,null,null
-0.0985661,null,0.018728,null,null
0.106136,null,null,-0.0939413,null
0.00228406,null,null,null,0.0014198
0.992324,0.0351175,null,null,null
-0.0985661,null,0.018728,null,null
0.106136,null,null,-0.0939413,null
0.00228406,null,null,null,0.0014198
0.992304,0.0341197,null,null,null
-0.0874894,null,0.0187161,null,null
0.190094,null,null,-0.109483,null
0.00143159,null,null,null,-0.0026108
0.992256,0.0393107,null,null,null
-0.0771478,null,-0.0493808,null,null
0.0899482,null,null,-0.129294,null
0.00498798,null,null,null,-0.0082049
0.992487,0.0365325,null,null,null
-0.0525103,null,0.0421874,null,null
0.127266,null,null,-0.152255,null
0.0025626,null,null,null,-0.00257189
0.992329,0.0384318,null,null,null
-0.100008,null,0.0991812,null,null
0.136568,null,null,-0.179918,null
0.0091462,null,null,null,-0.00189018
0.992466,0.0343543,null,null,null
-0.102568,null,0.0312536,null,null
0.175412,null,null,-0.14172,null
0.006974,null,null,null,-0.00339571
0.992466,0.0343543,null,null,null
-0.102568,null,0.0312536,null,null
0.175412,null,null,-0.14172,null
0.006974,null,null,null,-0.00339571
0.992466,0.0343543,null,null,null
-0.102568,null,0.0312536,null,null
0.175412,null,null,-0.14172,null
0.006974,null,null,null,-0.00339571
0.992466,0.0343543,null,null,null
-0.102568,null,0.0312536,null,null
0.175412,null,null,-0.14172,null
0.006974,null,null,null,-0.00339571
0.992586,0.0248821,null,null,null
-0.133881,null,0.069693,null,null
0.162809,null,null,-0.139245,null
0.00469418,null,null,null,3.45365e-05
0.992668,0.0261849,null,null,null
-0.0953512,null,0.0928924,null,null
0.0997776,null,null,-0.109978,null
0.00282548,null,null,null,-0.00151471
0.992572,0.0268261,null,null,null
-0.136845,null,0.129101,null,null
0.124317,null,null,-0.0246604,null
0.00190466,null,null,null,0.00350373
0.992589,0.025528,null,null,null
-0.164323,null,0.0988571,null,null
0.144911,null,null,-0.126451,null
0.00118773,null,null,null,0.00158566
0.992668,0.0253503,null,null,null
-0.160429,null,0.0189633,null,null
0.108254,null,null,-0.13001,null
0.00271086,null,null,null,0.00266301
0.992711,0.0201022,null,null,null
-0.145338,null,0.0644755,null,null
0.148666,null,null,-0.153225,null
0.00306681,null,null,null,-0.00253034
0.992871,0.0171955,null,null,null
-0.153215,null,0.00737675,null,null
0.150507,null,null,-0.109055,null
0.00469582,null,null,null,0.00114069
0.992801,0.0173844,null,null,null
-0.21999,null,0.036051,null,null
0.182699,null,null,-0.13338,null
0.00442671,null,null,null,0.00336096
0.992845,0.0191341,null,null,null
-0.212602,null,0.00389775,null,null
0.201279,null,null,-0.0677039,null
-8.49897e-05,null,null,null,-0.00066164
0.992629,0.0158794,null,null,null
-0.168085,null,0.050218,null,null
0.155151,null,null,-0.174333,null
0.00194916,null,null,null,-0.000458132
0.99291,0.0154335,null,null,null
-0.19638,null,0.0338541,null,null
0.150141,null,null,-0.184979,null
-0.00243731,null,null,null,0.000738452
0.992701,0.0155347,null,null,null
-0.164246,null,0.0124105,null,null
0.14737,null,null,-0.151058,null
-0.000291252,null,null,null,-0.000388822
0.992701,0.0155347,null,null,null
-0.164246,null,0.0124105,null,null
0.14737,null,null,-0.151058,null
-0.000291252,null,null,null,-0.000388822
0.992734,0.0086374,null,null,null
-0.211736,null,0.000441276,null,null
0.127763,null,null,-0.189064,null
-0.00115848,null,null,null,-0.00583077
0.992824,0.0120275,null,null,null
-0.279764,null,0.053279,null,null
0.156351,null,null,-0.159073,null
-0.00322273,null,null,null,-0.00328771
0.99284,0.0137989,null,null,null
-0.263072,null,0.0511574,null,null
0.149466,null,null,-0.0900718,null
0.00300049,null,null,null,-0.00144694
0.992704,0.0139959,null,null,null
-0.172439,null,0.0273061,null,null
0.159384,null,null,-0.119664,null
-0.00173598,null,null,null,-0.00449007
0.992724,0.0105418,null,null,null
-0.173409,null,-0.0124155,null,null
0.179281,null,null,-0.112398,null
0.000368948,null,null,null,-0.00385234
0.993014,0.00832064,null,null,null
-0.176629,null,0.0520275,null,null
0.237659,null,null,-0.139948,null
-0.00353282,null,null,null,-0.0031244
0.993049,0.00345025,null,null,null
-0.171497,null,0.114689,null,null
0.225165,null,null,-0.126661,null
-0.00651598,null,null,null,-0.000413584
0.992976,0.00681758,null,null,null
-0.147519,null,0.169822,null,null
0.26037,null,null,-0.0896301,null
-0.00115832,null,null,null,-0.00605708
0.992974,0.0035706,null,null,null
-0.175229,null,0.206006,null,null
0.311314,null,null,-0.0283255,null
0.001507,null,null,null,-0.00908247
0.992792,0.00785616,null,null,null
-0.212641,null,0.207583,null,null
0.25241,null,null,-0.114257,null
0.000811523,null,null,null,-0.00551234
0.992792,0.00785616,null,null,null
-0.212641,null,0.207583,null,null
0.25241,null,null,-0.114257,null
0.000811523,null,null,null,-0.00551234
0.992792,0.00785616,null,null,null
-0.212641,null,0.207583,null,null
0.25241,null,null,-0.114257,null
0.000811523,null,null,null,-0.00551234
0.992779,0.0028265,null,null,null
-0.270201,null,0.228356,null,null
0.27633,null,null,-0.0248919,null
0.00249548,null,null,null,0.00180394
0.992779,0.0028265,null,null,null
-0.270201,null,0.228356,null,null
0.27633,null,null,-0.0248919,null
0.00249548,null,null,null,0.00180394
0.992739,2.9932e-05,null,null,null
-0.285264,null,0.236045,null,null
0.291414,null,null,0.0136975,null
0.000224755,null,null,null,0.00695051
0.992739,2.9932e-05,null,null,null
-0.285264,null,0.236045,null,null
0.291414,null,null,0.0136975,null
0.000224755,null,null,null,0.00695051
0.992742,-0.00347375,null,null,null
-0.299614,null,0.291471,null,null
0.292474,null,null,-0.0215026,null
-0.0032185,null,null,null,0.00318067
0.992694,-0.00184484,null,null,null
-0.301699,null,0.245306,null,null
0.252924,null,null,-0.00948942,null
0.00649691,null,null,null,-0.00024511
0.992857,-0.0012051,null,null,null
-0.303641,null,0.184991,null,null
0.207303,null,null,-0.00913088,null
-0.00433482,null,null,null,0.000297758
0.992819,-0.00549809,null,null,null
-0.298881,null,0.226453,null,null
0.244413,null,null,0.0685104,null
7.22292e-06,null,null,null,-0.00121106
0.992892,-0.00295419,null,null,null
-0.292324,null,0.251047,null,null
0.276043,null,null,-0.0657271,null
-0.00651246,null,null,null,-0.00119148
0.992734,-0.011242,null,null,null
-0.295662,null,0.272697,null,null
0.239349,null,null,-0.060406,null
-0.00701331,null,null,null,-0.00282628
0.992842,-0.00442595,null,null,null
-0.301051,null,0.222458,null,null
0.289801,null,null,-0.0643958,null
-0.000447306,null,null,null,0.00247565
0.992923,-0.00557089,null,null,null
-0.265341,null,0.154986,null,null
0.25205,null,null,-0.0494214,null
-0.00735615,null,null,null,0.00180942
0.99298,0.00143331,null,null,null
-0.244359,null,0.165522,null,null
0.23933,null,null,-0.0331809,null
-0.00738024,null,null,null,0.00891686
0.992795,0.00530064,null,null,null
-0.28147,null,0.193409,null,null
0.27635,null,null,-0.023638,null
-0.00505221,null,null,null,0.00484256
0.992973,0.0103465,null,null,null
-0.260336,null,0.237964,null,null
0.341426,null,null,0.00348715,null
0.000108178,null,null,null,0.00204608
0.992696,0.0127502,null,null,null
-0.281917,null,0.268975,null,null
0.264636,null,null,-0.0395745,null
-0.000538457,null,null,null,0.00939326
0.992756,0.0122474,null,null,null
-0.269327,null,0.161834,null,null
0.216935,null,null,-0.0389123,null
-0.0012793,null,null,null,0.000984805
0.992606,0.0139607,null,null,null
-0.32905,null,0.152441,null,null
0.207371,null,null,-0.0208217,null
-0.00382989,null,null,null,-0.00146062
0.992429,0.0183409,null,null,null
-0.274099,null,0.167779,null,null
0.165626,null,null,-0.0677736,null
-0.000207965,null,null,null,0.000931833
0.992429,0.0183409,null,null,null
-0.274099,null,0.167779,null,null
0.165626,null,null,-0.0677736,null
-0.000207965,null,null,null,0.000931833
0.992429,0.0183409,null,null,null
-0.274099,null,0.167779,null,null
0.165626,null,null,-0.0677736,null
-0.000207965,null,null,null,0.000931833
0.992479,0.0138218,null,null,null
-0.221626,null,0.154166,null,null
0.218213,null,null,-0.0391549,null
0.00133103,null,null,null,-0.000583879
0.992692,0.0100552,null,null,null
-0.260728,null,0.192811,null,null
0.11659,null,null,-0.0518795,null
-0.00412153,null,null,null,0.0014881
0.992833,0.00173595,null,null,null
-0.251691,null,0.226669,null,null
0.166403,null,null,-0.0968261,null
0.000693771,null,null,null,0.00199112
0.992855,-5.62212e-05,null,null,null
-0.226081,null,0.220005,null,null
0.139559,null,null,-0.0256259,null
-0.00563551,null,null,null,0.00161428
0.992834,0.00415922,null,null,null
-0.169369,null,0.184719,null,null
0.177616,null,null,-0.0478877,null
-0.00387776,null,null,null,-0.00242369
0.992834,0.00415922,null,null,null
-0.169369,null,0.184719,null,null
0.177616,null,null,-0.0478877,null
-0.00387776,null,null,null,-0.00242369
0.99282,0.0027545,null,null,null
-0.163909,null,0.19714,null,null
0.188312,null,null,-0.0298984,null
-0.00226759,null,null,null,-0.00307985
0.99282,0.0027545,null,null,null
-0.163909,null,0.19714,null,null
0.188312,null,null,-0.0298984,null
-0.00226759,null,null,null,-0.00307985
0.992932,0.00470755,null,null,null
-0.134176,null,0.142668,null,null
0.175168,null,null,0.024438,null
0.00749391,null,null,null,-0.00272756
0.993059,0.0037524,null,null,null
-0.131972,null,0.105725,null,null
0.198026,null,null,0.0161809,null
0.0022661,null,null,null,0.000996971
0.993089,0.000578606,null,null,null
-0.152089,null,0.136745,null,null
0.230027,null,null,0.0305434,null
0.0018756,null,null,null,-0.000112421
0.993089,0.000578606,null,null,null
-0.152089,null,0.136745,null,null
0.230027,null,null,0.0305434,null
0.0018756,null,null,null,-0.000112421
0.993089,0.000578606,null,null,null
-0.152089,null,0.136745,null,null
0.230027,null,null,0.0305434,null
0.0018756,null,null,null,-0.000112421
0.993109,0.000550207,null,null,null
-0.191096,null,0.0769211,null,null
0.191654,null,null,-0.010582,null
0.000693148,null,null,null,-0.000451214
0.992935,-0.000553726,null,null,null
-0.114187,null,0.0660951,null,null
0.25566,null,null,-0.00535255,null
0.00745356,null,null,null,-0.000195588
0.992842,0.00273226,null,null,null
-0.0560765,null,0.0521838,null,null
0.307762,null,null,-0.0871234,null
-0.00176886,null,null,null,-0.00450736
0.992839,0.00541314,null,null,null
-0.0695676,null,0.0660022,null,null
0.337863,null,null,-0.126748,null
0.000550485,null,null,null,0.00255031
0.992691,0.00629087,null,null,null
-0.137021,null,0.115904,null,null
0.262948,null,null,-0.0583113,null
-0.00255841,null,null,null,0.00162065
0.99265,0.00900605,null,null,null
-0.120831,null,0.11216,null,null
0.221082,null,null,-0.0795955,null
0.000180336,null,null,null,-0.00392111
0.992509,0.0118758,null,null,null
-0.162288,null,0.133801,null,null
0.181436,null,null,-0.0554576,null
0.000232825,null,null,null,0.000562904
0.992657,0.00917575,null,null,null
-0.200839,null,0.050201,null,null
0.248495,null,null,-0.103274,null
-0.00298904,null,null,null,0.000607024
0.992706,0.00553888,null,null,null
-0.214919,null,0.0758344,null,null
0.25877,null,null,-0.123236,null
0.00222554,null,null,null,0.00308346
0.992705,-0.00149156,null,null,null
-0.181605,null,0.052139,null,null
0.161929,null,null,-0.0799834,null
0.00532014,null,null,null,0.00491994
0.992826,0.00346534,null,null,null
-0.127647,null,0.0170588,null,null
0.187929,null,null,-0.0913946,null
-0.000907733,null,null,null,0.00192056
0.992783,0.0023897,null,null,null
-0.118027,null,0.0559994,null,null
0.231623,null,null,-0.072991,null
-0.00210246,null,null,null,-0.00222454
0.992892,0.00227597,null,null,null
-0.0813315,null,0.0369599,null,null
0.164145,null,null,-0.0519805,null
-0.00248358,null,null,null,0.00693456
0.992779,0.00513986,null,null,null
-0.102895,null,0.121615,null,null
0.15935,null,null,-0.0572984,null
-0.00193075,null,null,null,0.00366241
0.992791,0.00337601,null,null,null
-0.11652,null,0.135607,null,null
0.164958,null,null,-0.0633848,null
0.001492,null,null,null,1.75277e-05
0.992791,0.00337601,null,null,null
-0.11652,null,0.135607,null,null
0.164958,null,null,-0.0633848,null
0.001492,null,null,null,1.75277e-05
0.992791,0.00337601,null,null,null
-0.11652,null,0.135607,null,null
0.164958,null,null,-0.0633848,null
0.001492,null,null,null,1.75277e-05
0.992847,0.00188241,null,null,null
-0.15356,null,0.190754,null,null
0.147918,null,null,-0.0874542,null
0.00616676,null,null,null,0.000330555
0.992859,0.0050844,null,null,null
-0.19188,null,0.218351,null,null
0.14472,null,null,-0.0463055,null
0.000484367,null,null,null,0.00297465
0.992859,0.0050844,null,null,null
-0.19188,null,0.218351,null,null
0.14472,null,null,-0.0463055,null
0.000484367,null,null,null,0.00297465
0.992873,0.00704221,null,null,null
-0.263738,null,0.224604,null,null
0.201059,null,null,-0.0332609,null
-0.00178645,null,null,null,-0.00364216
0.992956,-0.00064178,null,null,null
-0.232096,null,0.155451,null,null
0.168623,null,null,-0.0468631,null
-0.00505638,null,null,null,-0.00219116
0.992834,-0.00330059,null,null,null
-0.155515,null,0.121728,null,null
0.20273,null,null,-0.0965251,null
-0.00315583,null,null,null,-0.00381636
0.992834,-0.00330059,null,null,null
-0.155515,null,0.121728,null,null
0.20273,null,null,-0.0965251,null
-0.00315583,null,null,null,-0.00381636
0.993003,-0.0025119,null,null,null
-0.17563,null,0.145131,null,null
0.227587,null,null,-0.0753711,null
0.00434694,null,null,null,-0.00274251
0.992809,-0.00582699,null,null,null
-0.195199,null,0.155379,null,null
0.177619,null,null,-0.118069,null
-0.00103276,null,null,null,0.00625022
0.992726,-0.000963981,null,null,null
-0.164733,null,0.178049,null,null
0.130607,null,null,-0.158147,null
-0.00110897,null,null,null,0.00255383
0.992789,0.00378089,null,null,null
-0.25511,null,0.174881,null,null
0.119474,null,null,-0.153012,null
-0.00100896,null,null,null,0.00496426
0.99285,-0.00043415,null,null,null
-0.180536,null,0.112179,null,null
0.114328,null,null,-0.160814,null
-0.00113098,null,null,null,0.000797125
0.992735,0.0107317,null,null,null
-0.16506,null,0.137125,null,null
0.11209,null,null,-0.173797,null
-0.000248104,null,null,null,-0.00238795
0.992739,0.0116527,null,null,null
-0.214749,null,0.115072,null,null
0.199799,null,null,-0.194959,null
-0.0042116,null,null,null,-0.00341819
0.992675,0.0177721,null,null,null
-0.295724,null,0.0978891,null,null
0.127654,null,null,-0.202393,null
0.00444885,null,null,null,-0.000415855
0.99281,0.0150835,null,null,null
-0.275817,null,0.089749,null,null
0.183035,null,null,-0.17976,null
0.00510419,null,null,null,-0.00534353
0.992912,0.0118387,null,null,null
-0.253291,null,0.0751299,null,null
0.120689,null,null,-0.183482,null
0.00349788,null,null,null,-0.00520841
0.992958,0.0140019,null,null,null
-0.217807,null,0.0844587,null,null
0.178327,null,null,-0.0636751,null
0.00072452,null,null,null,0.00306266
0.992901,0.0120443,null,null,null
-0.21824,null,0.0437256,null,null
0.105732,null,null,0.0078008,null
-0.00171188,null,null,null,0.00246294
0.992901,0.0120443,null,null,null
-0.21824,null,0.0437256,null,null
0.105732,null,null,0.0078008,null
-0.00171188,null,null,null,0.00246294
0.992901,0.0120443,null,null,null
-0.21824,null,0.0437256,null,null
0.105732,null,null,0.0078008,null
-0.00171188,null,null,null,0.00246294
0.992766,0.014825,null,null,null
-0.201369,null,0.0751133,null,null
0.13824,null,null,-0.0703864,null
-2.7118e-05,null,null,null,-0.00132524
0.992636,0.0112067,null,null,null
-0.126575,null,0.066203,null,null
0.111159,null,null,-0.0458195,null
0.000720054,null,null,null,0.00546416
0.992958,0.00698216,null,null,null
-0.170794,null,0.0933824,null,null
0.192915,null,null,-0.0398466,null
-0.00118378,null,null,null,-0.00492754
0.992836,0.00818509,null,null,null
-0.107099,null,0.0780039,null,null
0.184425,null,null,-0.090878,null
0.00209246,null,null,null,0.00631311
0.992836,0.00818509,null,null,null
-0.107099,null,0.0780039,null,null
0.184425,null,null,-0.090878,null
0.00209246,null,null,null,0.00631311
0.992775,0.0127486,null,null,null
-0.175122,null,0.0861035,null,null
0.182619,null,null,-0.0365206,null
-0.001002,null,null,null,0.00358351
0.992775,0.0127486,null,null,null
-0.175122,null,0.0861035,null,null
0.182619,null,null,-0.0365206,null
-0.001002,null,null,null,0.00358351
0.992627,0.0131678,null,null,null
-0.170339,null,0.0790594,null,null
0.174984,null,null,-0.0115278,null
0.0039231,null,null,null,-0.00392638
0.992915,0.00822786,null,null,null
-0.142801,null,0.087677,null,null
0.195958,null,null,-0.0404916,null
0.000283126,null,null,null,-0.000308914
0.992915,0.00822786,null,null,null
-0.142801,null,0.087677,null,null
0.195958,null,null,-0.0404916,null
0.000283126,null,null,null,-0.000308914
0.992915,0.00822786,null,null,null
-0.142801,null,0.087677,null,null
0.195958,null,null,-0.0404916,null
0.000283126,null,null,null,-0.000308913
0.992915,0.0141534,null,null,null
-0.168708,null,0.0531864,null,null
0.141751,null,null,-0.021056,null
-0.0018445,null,null,null,0.00509918
0.992941,0.0191942,null,null,null
-0.25891,null,0.0642035,null,null
0.154189,null,null,-0.0484334,null
-0.00629496,null,null,null,-0.00214079
0.992809,0.0198396,null,null,null
-0.217647,null,0.060005,null,null
0.202016,null,null,-0.136533,null
-0.00738914,null,null,null,0.00265049
0.992809,0.0198396,null,null,null
-0.217647,null,0.060005,null,null
0.202016,null,null,-0.136533,null
-0.00738914,null,null,null,0.00265049
0.992904,0.0104965,null,null,null
-0.21679,null,0.0423082,null,null
0.179125,null,null,-0.122862,null
-0.00481164,null,null,null,-0.000598141
0.992847,0.0135058,null,null,null
-0.208185,null,0.0672154,null,null
0.125339,null,null,-0.0890428,null
-0.00106516,null,null,null,-0.0022764
0.992847,0.0135058,null,null,null
-0.208185,null,0.0672154,null,null
0.125339,null,null,-0.0890428,null
-0.00106516,null,null,null,-0.0022764
0.992869,0.0175278,null,null,null
-0.176759,null,0.0759421,null,null
0.155434,null,null,-0.0582128,null
-0.00202287,null,null,null,-0.00379279
0.99279,0.0168382,null,null,null
-0.213176,null,0.0887421,null,null
0.171664,null,null,-0.0817051,null
-0.00287427,null,null,null,-0.000729759
0.992698,0.0182551,null,null,null
-0.149067,null,0.099161,null,null
0.195623,null,null,-0.123375,null
0.00154995,null,null,null,-0.00317405
0.992734,0.0152685,null,null,null
-0.118827,null,0.0435538,null,null
0.186837,null,null,-0.133691,null
0.00229554,null,null,null,0.000436125
0.992719,0.00984929,null,null,null
-0.0796863,null,0.0909884,null,null
0.144998,null,null,-0.13642,null
0.00574754,null,null,null,0.00100984
0.992789,0.0135096,null,null,null
-0.110843,null,0.0571825,null,null
0.180034,null,null,-0.146877,null
0.00531987,null,null,null,0.00875379
0.992698,0.0193733,null,null,null
-0.11045,null,0.0427134,null,null
0.190075,null,null,-0.10245,null
0.00623133,null,null,null,-0.00092926
0.992698,0.0193733,null,null,null
-0.11045,null,0.0427134,null,null
0.190075,null,null,-0.10245,null
0.00623133,null,null,null,-0.00092926
0.992885,0.0168514,null,null,null
-0.0949428,null,0.00748272,null,null
0.197504,null,null,-0.0975669,null
0.0055102,null,null,null,0.00396994
0.992865,0.0180945,null,null,null
-0.121148,null,0.0641301,null,null
0.147819,null,null,-0.0868861,null
-0.000696011,null,null,null,0.00638625
0.99268,0.0208702,null,null,null
-0.172964,null,0.0740975,null,null
0.112961,null,null,-0.104282,null
0.00274556,null,null,null,-0.000597015
0.992649,0.0191764,null,null,null
-0.124155,null,0.0791768,null,null
0.128834,null,null,-0.0961024,null
0.000469012,null,null,null,0.00120616
0.992649,0.0191764,null,null,null
-0.124155,null,0.0791768,null,null
0.128834,null,null,-0.0961024,null
0.000469012,null,null,null,0.00120616
0.992671,0.0211739,null,null,null
-0.0730735,null,0.0437679,null,null
0.109683,null,null,-0.0332624,null
-0.00123318,null,null,null,0.00181645
0.992826,0.0192851,null,null,null
-0.0895259,null,0.0509091,null,null
0.130763,null,null,-0.0673861,null
0.00228808,null,null,null,-0.00237407
0.992826,0.0192851,null,null,null
-0.0895259,null,0.0509091,null,null
0.130763,null,null,-0.0673861,null
0.00228808,null,null,null,-0.00237407
0.992699,0.0230412,null,null,null
-0.0982195,null,0.0425553,null,null
0.119277,null,null,-0.0630837,null
0.0101304,null,null,null,-0.00108663
0.992988,0.0162071,null,null,null
-0.0483222,null,0.0116616,null,null
0.0679928,null,null,0.0139614,null
0.00329078,null,null,null,-0.00214369
0.992988,0.0162071,null,null,null
-0.0483222,null,0.0116616,null,null
0.0679928,null,null,0.0139614,null
0.00329078,null,null,null,-0.00214369
0.992734,0.0200549,null,null,null
-0.134734,null,0.0127665,null,null
0.021153,null,null,0.00603407,null
0.00540879,null,null,null,0.00141748
0.992712,0.021138,null,null,null
-0.0527683,null,-0.0266249,null,null
0.0149476,null,null,-0.0762516,null
-0.00436531,null,null,null,-0.00246481
0.992557,0.021358,null,null,null
-0.0715684,null,0.0767397,null,null
0.0855484,null,null,-0.0755365,null
0.00138203,null,null,null,-0.0105456
0.992514,0.0242088,null,null,null
-0.0718972,null,0.124006,null,null
0.0661947,null,null,-0.0657303,null
0.000685463,null,null,null,-0.00376054
0.992514,0.0242088,null,null,null
-0.0718972,null,0.124006,null,null
0.0661947,null,null,-0.0657303,null
0.000685463,null,null,null,-0.00376054
0.992559,0.0181361,null,null,null
-0.0547508,null,0.143305,null,null
0.133949,null,null,-0.0119407,null
0.0011428,null,null,null,-0.0092143
0.9925,0.0255295,null,null,null
-0.0839714,null,0.101247,null,null
0.212421,null,null,-0.038358,null
-0.001436,null,null,null,-0.00723945
0.99257,0.0212006,null,null,null
-0.0461885,null,0.0736806,null,null
0.13474,null,null,-0.0771685,null
-0.00208133,null,null,null,-0.00811979
0.992753,0.0174778,null,null,null
-0.0645414,null,0.0818931,null,null
0.0850782,null,null,-0.0661419,null
-0.000200198,null,null,null,-0.00173935
0.992753,0.0174778,null,null,null
-0.0645414,null,0.0818931,null,null
0.0850782,null,null,-0.0661419,null
-0.000200198,null,null,null,-0.00173935
0.992753,0.0174778,null,null,null
-0.0645414,null,0.0818931,null,null
0.0850782,null,null,-0.0661419,null
-0.000200198,null,null,null,-0.00173935
0.992862,0.0147469,null,null,null
-0.197209,null,0.0802325,null,null
0.0204627,null,null,-0.014885,null
0.00603597,null,null,null,0.000247436
0.992722,0.0162624,null,null,null
-0.156633,null,0.070099,null,null
0.131546,null,null,-0.0572801,null
0.00218622,null,null,null,-0.00125086
0.992722,0.0162624,null,null,null
-0.156633,null,0.070099,null,null
0.131546,null,null,-0.0572801,null
0.00218622,null,null,null,-0.00125086
0.992551,0.0203382,null,null,null
-0.185299,null,0.0995469,null,null
0.13917,null,null,-0.0994209,null
0.00323863,null,null,null,-0.00399
0.992536,0.02073,null,null,null
-0.160479,null,0.0524609,null,null
0.11349,null,null,-0.0429255,null
-7.2372e-05,null,null,null,-0.00345065
0.992605,0.0209274,null,null,null
-0.156621,null,0.100004,null,null
0.176448,null,null,-0.100009,null
-0.00340451,null,null,null,-0.000165669
0.992676,0.0187128,null,null,null
-0.0306085,null,0.0678055,null,null
0.199289,null,null,-0.0672968,null
-0.000399202,null,null,null,-0.00441891
0.992676,0.0187128,null,null,null
-0.0306085,null,0.0678055,null,null
0.199289,null,null,-0.0672968,null
-0.000399202,null,null,null,-0.00441891
0.992724,0.0182549,null,null,null
-0.110294,null,0.144634,null,null
0.211512,null,null,-0.0876959,null
-0.00273798,null,null,null,0.00238014
0.992724,0.0182549,null,null,null
-0.110294,null,0.144634,null,null
0.211512,null,null,-0.0876959,null
-0.00273798,null,null,null,0.00238014
0.992789,0.0188384,null,null,null
-0.0796995,null,0.161386,null,null
0.130891,null,null,-0.0562947,null
-0.00476552,null,null,null,-5.12158e-05
0.992687,0.0190636,null,null,null
-0.0860711,null,0.138565,null,null
0.143284,null,null,-0.0867861,null
0.000851087,null,null,null,-0.00561395
0.992505,0.0220204,null,null,null
-0.110967,null,0.167034,null,null
0.23902,null,null,-0.0714251,null
-0.0039822,null,null,null,-7.27146e-05
0.992505,0.0220204,null,null,null
-0.110967,null,0.167034,null,null
0.23902,null,null,-0.0714251,null
-0.0039822,null,null,null,-7.27146e-05
0.992505,0.0220204,null,null,null
-0.110967,null,0.167034,null,null
0.23902,null,null,-0.0714251,null
-0.0039822,null,null,null,-7.27146e-05
0.992651,0.0191,null,null,null
-0.021866,null,0.128672,null,null
0.217645,null,null,-0.0396396,null
0.00231321,null,null,null,0.00527607
0.992615,0.0181149,null,null,null
-0.0359875,null,0.137981,null,null
0.198022,null,null,-0.170951,null
0.0025208,null,null,null,-0.0052308
0.992615,0.0181149,null,null,null
-0.0359875,null,0.137981,null,null
0.198022,null,null,-0.170951,null
0.0025208,null,null,null,-0.0052308
0.992807,0.0206598,null,null,null
-0.0343444,null,0.0388619,null,null
0.170849,null,null,-0.140508,null
-0.00460307,null,null,null,-0.00317993
0.992801,0.02336,null,null,null
-0.0408491,null,0.0716741,null,null
0.151516,null,null,-0.14864,null
7.9994e-05,null,null,null,-0.00478286
0.992801,0.02336,null,null,null
-0.0408491,null,0.0716741,null,null
0.151516,null,null,-0.14864,null
7.9994e-05,null,null,null,-0.00478286
0.992801,0.02336,null,null,null
-0.0408491,null,0.0716741,null,null
0.151516,null,null,-0.14864,null
7.9994e-05,null,null,null,-0.00478286
0.99264,0.0212318,null,null,null
-0.0288942,null,0.157718,null,null
0.174152,null,null,-0.185384,null
0.00113179,null,null,null,-0.00435604
0.992704,0.0190971,null,null,null
-0.070554,null,0.152904,null,null
0.23372,null,null,-0.12505,null
-2.83076e-05,null,null,null,0.00304608
0.992816,0.0189419,null,null,null
-0.0905295,null,0.18555,null,null
0.184949,null,null,-0.160859,null
-0.0010888,null,null,null,0.00101087
0.992884,0.0169575,null,null,null
-0.0600521,null,0.169238,null,null
0.138709,null,null,-0.151156,null
-0.00182134,null,null,null,-0.000116583
0.992884,0.0169575,null,null,null
-0.0600521,null,0.169238,null,null
0.138709,null,null,-0.151156,null
-0.00182134,null,null,null,-0.000116583
0.992912,0.018063,null,null,null
-0.105852,null,0.168529,null,null
0.161141,null,null,-0.180581,null
0.00378354,null,null,null,-7.95653e-05
0.992715,0.0187454,null,null,null
-0.166841,null,0.197323,null,null
0.194154,null,null,-0.194735,null
0.00451782,null,null,null,-0.00055856
0.992566,0.0216995,null,null,null
-0.171936,null,0.15961,null,null
0.172514,null,null,-0.140302,null
0.0047867,null,null,null,0.00180102
0.992604,0.0150996,null,null,null
-0.170797,null,0.166337,null,null
0.104427,null,null,-0.120768,null
0.00540983,null,null,null,-0.000102705
0.992851,0.0134634,null,null,null
-0.182536,null,0.178196,null,null
0.12509,null,null,-0.187475,null
0.00757721,null,null,null,-4.5258e-06
0.992981,0.0130156,null,null,null
-0.189389,null,0.137765,null,null
0.120498,null,null,-0.193151,null
0.000445853,null,null,null,-0.00386581
0.992981,0.0130156,null,null,null
-0.189389,null,0.137765,null,null
0.120498,null,null,-0.193151,null
0.000445853,null,null,null,-0.00386581
0.992919,0.0145624,null,null,null
-0.266189,null,0.168596,null,null
0.18525,null,null,-0.127413,null
-0.00325294,null,null,null,-0.00349978
0.99286,0.0140311,null,null,null
-0.276019,null,0.223307,null,null
0.1241,null,null,-0.068541,null
0.00179135,null,null,null,-0.00335771
0.992816,0.0144919,null,null,null
-0.301028,null,0.211516,null,null
0.145396,null,null,-0.126274,null
0.003213,null,null,null,-0.00471675
0.992923,0.00945099,null,null,null
-0.291841,null,0.148006,null,null
0.0807081,null,null,-0.141029,null
0.00263477,null,null,null,-0.00132704
0.992923,0.00945099,null,null,null
-0.291841,null,0.148006,null,null
0.0807081,null,null,-0.141029,null
0.00263477,null,null,null,-0.00132704
0.993014,0.0068725,null,null,null
-0.249061,null,0.112534,null,null
0.121125,null,null,-0.155612,null
-0.00166653,null,null,null,0.00278739
0.992771,0.00853725,null,null,null
-0.228466,null,0.133616,null,null
0.0960439,null,null,-0.188422,null
0.00134404,null,null,null,-0.00236121
0.992665,0.00738379,null,null,null
-0.216973,null,0.169684,null,null
0.0821286,null,null,-0.14064,null
0.000678241,null,null,null,0.00138441
0.992776,0.005382,null,null,null
-0.292924,null,0.172089,null,null
0.0602797,null,null,-0.140491,null
-0.000887846,null,null,null,-0.00155324
0.99292,0.00370795,null,null,null
-0.296555,null,0.117509,null,null
0.0452794,null,null,-0.12782,null
0.00122244,null,null,null,0.000437556
0.99292,0.00370795,null,null,null
-0.296555,null,0.117509,null,null
0.0452794,null,null,-0.12782,null
0.00122244,null,null,null,0.000437556
0.992849,0.00389137,null,null,null
-0.323604,null,0.184749,null,null
0.0867751,null,null,-0.100344,null
0.00174185,null,null,null,0.00265625
0.992849,0.00389137,null,null,null
-0.323604,null,0.184749,null,null
0.0867751,null,null,-0.100344,null
0.00174185,null,null,null,0.00265625
0.992849,0.00389137,null,null,null
-0.323604,null,0.184749,null,null
0.0867751,null,null,-0.100344,null
0.00174185,null,null,null,0.00265625
0.992646,0.00549441,null,null,null
-0.273547,null,0.16867,null,null
0.0589301,null,null,-0.0764826,null
-0.00405215,null,null,null,0.00131255
0.992777,0.00485514,null,null,null
-0.223344,null,0.0996864,null,null
0.049168,null,null,-0.0757247,null
-0.00158454,null,null,null,0.00282609
0.992971,0.00793361,null,null,null
-0.169643,null,0.180547,null,null
0.0391442,null,null,-0.0974025,null
0.000244774,null,null,null,0.00367756
0.992831,0.0115833,null,null,null
-0.173091,null,0.159609,null,null
0.0845165,null,null,-0.055878,null
-0.000974108,null,null,null,0.0026948
0.992989,0.00370574,null,null,null
-0.180567,null,0.145371,null,null
0.0448042,null,null,-0.121096,null
0.00333309,null,null,null,0.0031501
0.993025,0.00365449,null,null,null
-0.0950275,null,0.23429,null,null
0.0535934,null,null,-0.0407675,null
0.00593621,null,null,null,-0.000484871
0.992901,0.0060094,null,null,null
-0.094425,null,0.174655,null,null
0.0574046,null,null,-0.00650295,null
-0.00230289,null,null,null,-0.0065129
0.993082,-0.00054581,null,null,null
-0.0626017,null,0.239749,null,null
0.0291688,null,null,-0.0408996,null
-0.00449011,null,null,null,-0.0050287
0.992999,-0.00233132,null,null,null
-0.0584326,null,0.226439,null,null
-0.0053384,null,null,0.0109947,null
-0.00210409,null,null,null,-0.00487926
0.993114,-0.00121774,null,null,null
-0.0435972,null,0.139436,null,null
0.010423,null,null,0.0189364,null
-0.00572149,null,null,null,-0.00147884
0.993114,-0.00121774,null,null,null
-0.0435972,null,0.139436,null,null
0.010423,null,null,0.0189364,null
-0.00572149,null,null,null,-0.00147884
0.993074,-0.000566144,null,null,null
-0.0470424,null,0.152622,null,null
0.00234669,null,null,0.00928174,null
-0.00608932,null,null,null,0.000942976
0.993074,-0.000566144,null,null,null
-0.0470424,null,0.152622,null,null
0.00234669,null,null,0.00928174,null
-0.00608932,null,null,null,0.000942976
0.993091,0.00198745,null,null,null
-0.107264,null,0.135111,null,null
0.0225201,null,null,-0.0154284,null
-0.00108107,null,null,null,0.000924088
0.993059,-0.00207764,null,null,null
-0.166676,null,0.171527,null,null
0.0571016,null,null,-0.032693,null
0.00272111,null,null,null,0.00076555
0.992839,0.00210339,null,null,null
-0.104373,null,0.170155,null,null
0.033392,null,null,-0.0330365,null
-0.00321139,null,null,null,0.000571029
0.993064,0.00396388,null,null,null
-0.102761,null,0.148929,null,null
0.076825,null,null,-0.00873977,null
0.00456996,null,null,null,0.00377479
0.99314,0.0029818,null,null,null
0.00282816,null,0.238313,null,null
0.0954489,null,null,0.0680831,null
0.00310122,null,null,null,0.00175191
0.99314,0.0029818,null,null,null
0.00282816,null,0.238313,null,null
0.0954489,null,null,0.0680831,null
0.00310122,null,null,null,0.00175191
0.99292,0.00073106,null,null,null
-0.00229166,null,0.205305,null,null
0.0553683,null,null,0.0651409,null
0.00128002,null,null,null,-0.00170446
0.992986,0.0059988,null,null,null
0.018438,null,0.192172,null,null
-0.0224135,null,null,0.0757129,null
0.00061151,null,null,null,-0.00154173
0.992986,0.0059988,null,null,null
0.018438,null,0.192172,null,null
-0.0224135,null,null,0.0757129,null
0.00061151,null,null,null,-0.00154173
0.992986,0.0059988,null,null,null
0.018438,null,0.192172,null,null
-0.0224135,null,null,0.0757129,null
0.00061151,null,null,null,-0.00154173
0.993016,0.000394749,null,null,null
0.0110781,null,0.0797998,null,null
-0.00869245,null,null,0.0617341,null
-0.0020233,null,null,null,-0.000780107
0.993096,0.00147184,null,null,null
-0.0163469,null,0.125725,null,null
-0.0377111,null,null,0.0487246,null
-0.00373585,null,null,null,0.00112589
0.993096,0.00147184,null,null,null
-0.0163469,null,0.125725,null,null
-0.0377111,null,null,0.0487246,null
-0.00373585,null,null,null,0.00112589
0.993091,0.00380801,null,null,null
0.00230226,null,0.177913,null,null
-0.0231356,null,null,0.0545491,null
-0.00236834,null,null,null,0.000717833
0.993125,0.00518365,null,null,null
-0.0134124,null,0.138437,null,null
0.0315563,null,null,0.0885278,null
0.00115898,null,null,null,-0.000202265
0.993269,0.00158662,null,null,null
-0.0349739,null,0.133115,null,null
0.0132794,null,null,0.0699313,null
0.00434248,null,null,null,0.00252381
0.993274,-0.000165186,null,null,null
-0.107327,null,0.112217,null,null
0.0122396,null,null,0.103774,null
-0.000212579,null,null,null,0.00269775
0.993139,0.00143859,null,null,null
-0.00805081,null,0.0700931,null,null
-0.0142673,null,null,0.0393625,null
-0.00223661,null,null,null,0.000716311
0.993062,-0.000361399,null,null,null
-0.0770907,null,0.159629,null,null
0.0561787,null,null,0.0977941,null
-0.00169053,null,null,null,-0.00492846
0.993155,-0.00387857,null,null,null
-0.0687965,null,0.148666,null,null
0.0602804,null,null,0.073129,null
0.00446594,null,null,null,0.000247014
0.993164,-0.00105656,null,null,null
-0.110421,null,0.087327,null,null
0.0599283,null,null,0.102593,null
0.00506266,null,null,null,0.00607262
0.99319,-0.00166979,null,null,null
-0.0901467,null,0.102212,null,null
0.00502888,null,null,0.100826,null
-0.00045619,null,null,null,0.001915
0.992986,-0.00467008,null,null,null
-0.037366,null,0.195176,null,null
0.0227301,null,null,0.099345,null
0.00239065,null,null,null,0.00444387
0.993036,-0.00743702,null,null,null
-0.0097308,null,0.180504,null,null
-0.000561394,null,null,0.117427,null
0.00422069,null,null,null,0.0038895
0.992961,-0.00539307,null,null,null
0.0236703,null,0.181226,null,null
-0.0154604,null,null,0.143107,null
0.00356204,null,null,null,0.00132879
0.993035,-0.00870965,null,null,null
0.00524965,null,0.14708,null,null
-0.000843943,null,null,0.117445,null
0.000609425,null,null,null,0.00253073
0.992921,-0.0124196,null,null,null
0.0096121,null,0.174691,null,null
0.0562521,null,null,0.159741,null
-0.000646312,null,null,null,-0.0040441
0.992921,-0.0124196,null,null,null
0.0096121,null,0.174691,null,null
0.0562521,null,null,0.159741,null
-0.000646312,null,null,null,-0.0040441
0.993053,-0.013386,null,null,null
-0.0359882,null,0.100124,null,null
0.0412386,null,null,0.154268,null
-0.00419073,null,null,null,-0.00150631
0.993036,-0.0160781,null,null,null
-0.0866077,null,0.0473421,null,null
0.083372,null,null,0.16209,null
-0.00130135,null,null,null,-0.00566925
0.993017,-0.0149106,null,null,null
-0.0422595,null,0.0530336,null,null
0.0891549,null,null,0.18246,null
0.000146635,null,null,null,2.01724e-05
0.99308,-0.0094615,null,null,null
-0.0644928,null,0.0972679,null,null
0.0500364,null,null,0.160436,null
-0.00172029,null,null,null,0.00289186
0.993032,-0.00481181,null,null,null
-0.101163,null,0.142985,null,null
0.0309377,null,null,0.175444,null
0.00329494,null,null,null,-0.00108096
0.993021,-0.00395,null,null,null
-0.0875186,null,0.104933,null,null
0.00630595,null,null,0.164175,null
0.00204312,null,null,null,-0.000646139
0.992966,-0.00336551,null,null,null
-0.0700127,null,0.117485,null,null
0.0721175,null,null,0.179666,null
-0.00338394,null,null,null,0.00056588
0.992991,-0.00219503,null,null,null
-0.00810946,null,0.0905871,null,null
-0.0243837,null,null,0.18688,null
0.00405661,null,null,null,-0.00360874
0.993,0.00665846,null,null,null
-0.0113178,null,0.153534,null,null
-0.0486004,null,null,0.165384,null
-0.00234105,null,null,null,-0.00346128
0.992911,-0.000715728,null,null,null
-0.0493248,null,0.12989,null,null
-0.0409565,null,null,0.141249,null
0.00104737,null,null,null,-0.00615267
0.992911,-0.000715728,null,null,null
-0.0493248,null,0.12989,null,null
-0.0409565,null,null,0.141249,null
0.00104737,null,null,null,-0.00615267
0.993074,-0.00370624,null,null,null
-0.102948,null,0.0555005,null,null
-0.0236686,null,null,0.128099,null
0.0023392,null,null,null,-0.00423743
0.993074,-0.00370624,null,null,null
-0.102948,null,0.0555005,null,null
-0.0236686,null,null,0.128099,null
0.0023392,null,null,null,-0.00423743
0.993124,-0.0017422,null,null,null
-0.0521947,null,0.0481927,null,null
-0.039972,null,null,0.0688543,null
-0.000367213,null,null,null,-0.000708826
0.993124,-0.0017422,null,null,null
-0.0521947,null,0.0481927,null,null
-0.039972,null,null,0.0688543,null
-0.000367213,null,null,null,-0.000708826
0.993185,0.000666931,null,null,null
-0.0138996,null,0.0425091,null,null
-0.0223545,null,null,0.0344524,null
-0.00055419,null,null,null,-0.00119431
0.993,0.00519158,null,null,null
-0.0361855,null,-0.00666249,null,null
0.00654379,null,null,0.0937004,null
0.000634335,null,null,null,0.0069146
0.992945,0.00267726,null,null,null
0.0120785,null,-0.0126761,null,null
0.0114094,null,null,0.140588,null
0.00713986,null,null,null,0.00517463
0.992976,0.00301646,null,null,null
-0.0129235,null,-0.0624844,null,null
0.0586773,null,null,0.117722,null
-0.0054736,null,null,null,0.00527035
0.992997,0.00987275,null,null,null
-0.0709015,null,-0.0590416,null,null
0.0185161,null,null,0.12354,null
-0.0017524,null,null,null,0.00492246
0.992997,0.00987275,null,null,null
-0.0709015,null,-0.0590416,null,null
0.0185161,null,null,0.12354,null
-0.0017524,null,null,null,0.00492246
0.993027,0.00721487,null,null,null
0.00715483,null,-0.0679356,null,null
0.010719,null,null,0.123791,null
0.00196445,null,null,null,0.00186001
0.993065,0.0077498,null,null,null
-0.0106408,null,-0.0434872,null,null
0.00831911,null,null,0.113112,null
0.000318255,null,null,null,-0.00150446
0.992929,0.0120701,null,null,null
-0.0158208,null,-0.0576702,null,null
0.00667802,null,null,0.132489,null
0.00744561,null,null,null,-0.00400104
0.99293,0.0160068,null,null,null
0.018089,null,-0.124795,null,null
-0.0142746,null,null,0.090641,null
0.00129204,null,null,null,-0.00155317
0.992537,0.0214561,null,null,null
-0.0749148,null,-0.0772918,null,null
-0.00117155,null,null,0.112779,null
-0.00151554,null,null,null,0.00242705
0.99276,0.0148104,null,null,null
-0.0339846,null,-0.0460192,null,null
0.0109878,null,null,0.111954,null
0.00783745,null,null,null,0.00815316
0.992979,0.0148138,null,null,null
-0.0867751,null,-0.0221106,null,null
-0.07243,null,null,0.15562,null
-0.000734051,null,null,null,0.00654059
0.992715,0.0191959,null,null,null
-0.0893779,null,-0.0307157,null,null
-0.0825146,null,null,0.0458098,null
-0.00422093,null,null,null,0.007802
0.992703,0.0176601,null,null,null
-0.0839506,null,-0.0179193,null,null
-0.0116983,null,null,0.0824877,null
-0.00440736,null,null,null,0.000856641
0.992703,0.0176601,null,null,null
-0.0839506,null,-0.0179193,null,null
-0.0116983,null,null,0.0824877,null
-0.00440736,null,null,null,0.000856641
0.992847,0.0150041,null,null,null
-0.112416,null,-0.0139259,null,null
-0.0231796,null,null,0.0839284,null
-0.000774674,null,null,null,-0.00556999
0.993025,0.00650489,null,null,null
-0.0841146,null,-0.0253454,null,null
-0.054408,null,null,0.118159,null
-0.00104771,null,null,null,-0.00169295
0.993003,0.00783421,null,null,null
-0.144758,null,-0.0179994,null,null
-0.124795,null,null,0.126977,null
0.000191101,null,null,null,0.000516326
0.993044,0.00794881,null,null,null
-0.118697,null,-0.0148354,null,null
-0.126579,null,null,0.0321893,null
-0.00612394,null,null,null,0.00672989
0.992956,0.0108847,null,null,null
-0.117271,null,-0.0401692,null,null
-0.0668212,null,null,0.0764274,null
0.00326325,null,null,null,-0.00230996
0.992956,0.0108847,null,null,null
-0.117271,null,-0.0401692,null,null
-0.0668212,null,null,0.0764274,null
0.00326325,null,null,null,-0.00230996
0.993006,0.0118997,null,null,null
-0.0232898,null,-0.00469778,null,null
-0.0922672,null,null,0.0730561,null
0.0034808,null,null,null,-0.00453986
0.992851,0.0122134,null,null,null
-0.0720914,null,-0.0631069,null,null
-0.0575274,null,null,0.0593344,null
-0.000350108,null,null,null,-0.00372783
0.992912,0.00938427,null,null,null
-0.128634,null,-0.0696741,null,null
-0.0643207,null,null,0.0280915,null
-0.00490015,null,null,null,-0.00417758
0.992944,0.00692632,null,null,null
-0.157262,null,-0.0548036,null,null
-0.101482,null,null,0.0670343,null
-0.00215769,null,null,null,-0.00364136
0.992984,0.00320865,null,null,null
-0.134437,null,0.00356276,null,null
-0.121415,null,null,0.0636476,null
0.00699697,null,null,null,-0.000952119
0.992927,0.001888,null,null,null
-0.134524,null,-0.0059955,null,null
-0.0700652,null,null,-0.0723049,null
6.14445e-05,null,null,null,-0.00260817
0.992942,0.00683211,null,null,null
-0.147791,null,-0.0628609,null,null
-0.00396351,null,null,-0.12852,null
-0.0032658,null,null,null,0.00071079
0.993031,0.00733634,null,null,null
-0.181977,null,-0.107454,null,null
-0.0103674,null,null,-0.121639,null
-0.000167425,null,null,null,-0.000426746
0.993069,0.00109606,null,null,null
-0.17916,null,-0.119417,null,null
0.0133854,null,null,-0.0902264,null
-0.00293065,null,null,null,-0.00424776
0.993075,-0.00199065,null,null,null
-0.162984,null,-0.153551,null,null
0.0149571,null,null,-0.105884,null
-0.00591474,null,null,null,-0.00630824
0.992992,-0.000125929,null,null,null
-0.114111,null,-0.149744,null,null
-0.0118159,null,null,-0.131988,null
0.00202059,null,null,null,-0.00680795
0.992992,-0.000125929,null,null,null
-0.114111,null,-0.149744,null,null
-0.0118159,null,null,-0.131988,null
0.00202059,null,null,null,-0.00680795
0.992992,-0.000125929,null,null,null
-0.114111,null,-0.149744,null,null
-0.0118159,null,null,-0.131988,null
0.00202059,null,null,null,-0.00680795
0.992992,-0.000125929,null,null,null
-0.114111,null,-0.149744,null,null
-0.0118159,null,null,-0.131988,null
0.00202059,null,null,null,-0.00680795
0.993077,0.00178118,null,null,null
-0.125774,null,-0.131711,null,null
0.03515,null,null,-0.0743309,null
0.00587996,null,null,null,0.00217503
0.993026,0.000173469,null,null,null
-0.154641,null,-0.163824,null,null
-0.00981181,null,null,-0.0682781,null
0.00487389,null,null,null,-0.00029396
0.993059,-0.00438401,null,null,null
-0.133459,null,-0.147235,null,null
0.0145623,null,null,-0.0451191,null
-0.00039103,null,null,null,0.00456051
0.993059,-0.00438401,null,null,null
-0.133459,null,-0.147235,null,null
0.0145623,null,null,-0.0451191,null
-0.00039103,null,null,null,0.00456051
0.993008,-0.00977034,null,null,null
-0.155861,null,-0.165307,null,null
-0.0127288,null,null,-0.0644295,null
0.00443837,null,null,null,0.00304329
0.993008,-0.00977034,null,null,null
-0.155861,null,-0.165307,null,null
-0.0127288,null,null,-0.0644295,null
0.00443837,null,null,null,0.00304329
0.992966,-0.0115398,null,null,null
-0.150125,null,-0.177279,null,null
-0.0532687,null,null,-0.028194,null
-0.00273025,null,null,null,0.00102895
0.992938,-0.00799557,null,null,null
-0.192739,null,-0.165618,null,null
0.0320105,null,null,0.00367939,null
0.0024946,null,null,null,0.00213046
0.992938,-0.00799557,null,null,null
-0.192739,null,-0.165618,null,null
0.0320105,null,null,0.00367939,null
0.0024946,null,null,null,0.00213046
0.992924,-0.00885999,null,null,null
-0.113196,null,-0.197451,null,null
-0.0712244,null,null,0.00652279,null
0.00735365,null,null,null,0.00107532
0.992936,-0.00848076,null,null,null
-0.085982,null,-0.190221,null,null
-0.0375309,null,null,-0.0196244,null
0.00370445,null,null,null,-0.00200651
0.992868,-0.0113368,null,null,null
-0.0663549,null,-0.199005,null,null
-0.117143,null,null,-0.0381336,null
0.00530438,null,null,null,0.00237994
0.992868,-0.0113368,null,null,null
-0.0663549,null,-0.199005,null,null
-0.117143,null,null,-0.0381336,null
0.00530438,null,null,null,0.00237994
0.992944,-0.0116882,null,null,null
-0.102719,null,-0.164742,null,null
-0.0873455,null,null,0.0258052,null
0.00657089,null,null,null,0.000828935
0.992944,-0.0116882,null,null,null
-0.102719,null,-0.164742,null,null
-0.0873455,null,null,0.0258052,null
0.00657089,null,null,null,0.000828935
0.992944,-0.0116882,null,null,null
-0.102719,null,-0.164742,null,null
-0.0873455,null,null,0.0258052,null
0.00657089,null,null,null,0.000828935
0.99307,-0.0122454,null,null,null
-0.0506464,null,-0.167766,null,null
-0.0969476,null,null,0.0777641,null
0.00284814,null,null,null,0.00280493
0.992968,-0.00995497,null,null,null
-0.202054,null,-0.126499,null,null
-0.132901,null,null,0.0214487,null
0.0012905,null,null,null,0.00113727
0.993099,-0.00391254,null,null,null
-0.188176,null,-0.161469,null,null
-0.121991,null,null,0.000299786,null
-0.00481587,null,null,null,0.00414471
0.993144,-0.00128281,null,null,null
-0.222999,null,-0.0960236,null,null
-0.0563854,null,null,0.022805,null
-0.000799031,null,null,null,0.000153549
0.992939,-0.00881784,null,null,null
-0.189988,null,-0.0972661,null,null
-0.00184314,null,null,0.0121166,null
-0.00169135,null,null,null,-0.00399204
0.992939,-0.00881784,null,null,null
-0.189988,null,-0.0972661,null,null
-0.00184314,null,null,0.0121166,null
-0.00169135,null,null,null,-0.00399204
0.992939,-0.00881784,null,null,null
-0.189988,null,-0.0972661,null,null
-0.00184314,null,null,0.0121166,null
-0.00169135,null,null,null,-0.00399204
0.993184,-0.00694978,null,null,null
-0.182375,null,-0.0503896,null,null
-0.0707518,null,null,-0.0308614,null
-0.00236827,null,null,null,-0.00228558
0.993205,-0.000106066,null,null,null
-0.218828,null,-0.14026,null,null
-0.118432,null,null,-0.0842114,null
-0.00225273,null,null,null,0.00123076
0.993149,-0.00180339,null,null,null
-0.289129,null,-0.0972245,null,null
-0.104651,null,null,-0.0343641,null
-0.00168404,null,null,null,-0.00134892
0.993058,0.00131381,null,null,null
-0.290071,null,-0.0459355,null,null
-0.148534,null,null,-0.0871405,null
-0.000142882,null,null,null,0.00429174
0.993075,-0.000999411,null,null,null
-0.255774,null,-0.122583,null,null
-0.134034,null,null,-0.0306179,null
0.00684604,null,null,null,0.00346903
0.992996,-0.000118793,null,null,null
-0.277753,null,-0.105454,null,null
-0.08515,null,null,-0.00940696,null
0.00485088,null,null,null,0.00303149
0.992996,-0.000118793,null,null,null
-0.277753,null,-0.105454,null,null
-0.08515,null,null,-0.00940696,null
0.00485088,null,null,null,0.00303149
0.992996,-0.000118793,null,null,null
-0.277753,null,-0.105454,null,null
-0.08515,null,null,-0.00940696,null
0.00485088,null,null,null,0.00303149
0.992953,-0.00308472,null,null,null
-0.296459,null,0.0093513,null,null
-0.108021,null,null,0.00165966,null
-0.000462225,null,null,null,0.00508031
0.992992,-0.0063444,null,null,null
-0.254854,null,-0.0366415,null,null
-0.147517,null,null,-0.0697105,null
-0.00143257,null,null,null,0.00781005
0.992885,0.00100359,null,null,null
-0.257194,null,0.0461026,null,null
-0.0972689,null,null,0.00222126,null
-0.00197865,null,null,null,0.00293164
0.992982,0.000791624,null,null,null
-0.266364,null,0.0902644,null,null
-0.0984803,null,null,0.00185871,null
0.00550959,null,null,null,-0.00335835
0.992954,0.00345785,null,null,null
-0.282275,null,0.0905232,null,null
-0.107063,null,null,-0.0153963,null
-0.00124603,null,null,null,0.000317966
0.992875,0.00504746,null,null,null
-0.237632,null,0.131869,null,null
-0.128874,null,null,0.0112185,null
-0.00463355,null,null,null,0.00739442
0.992904,0.00630424,null,null,null
-0.200027,null,0.0771866,null,null
-0.0865232,null,null,0.0373671,null
-0.00416503,null,null,null,0.00744446
0.992921,0.0082066,null,null,null
-0.242701,null,0.0987356,null,null
-0.0526726,null,null,0.0791378,null
-0.00210845,null,null,null,0.00106251
0.992931,0.00822486,null,null,null
-0.224789,null,0.00748475,null,null
-0.080869,null,null,0.0155692,null
-0.00165169,null,null,null,0.00664728
0.992903,0.015396,null,null,null
-0.22664,null,0.0310859,null,null
-0.107989,null,null,0.0803394,null
-0.00708577,null,null,null,0.00424555
0.992806,0.016661,null,null,null
-0.175466,null,0.000323799,null,null
-0.116983,null,null,0.0457211,null
0.00349991,null,null,null,0.00233636
0.992896,0.00895608,null,null,null
-0.243144,null,-0.0134211,null,null
-0.0873051,null,null,0.0222669,null
0.0031718,null,null,null,0.00438571
0.992827,0.000380885,null,null,null
-0.270875,null,-0.0370551,null,null
-0.151146,null,null,0.0721298,null
0.00721483,null,null,null,0.000156291
0.992745,-0.00100623,null,null,null
-0.306774,null,-0.0265989,null,null
-0.101159,null,null,0.0656058,null
0.00129502,null,null,null,0.000263498
0.992709,-0.00124961,null,null,null
-0.254202,null,0.00261815,null,null
-0.0666605,null,null,0.0745665,null
-0.00280535,null,null,null,-0.00307084
0.992707,0.00213465,null,null,null
-0.265225,null,-0.0232691,null,null
-0.0667249,null,null,0.0401774,null
-0.00179809,null,null,null,-0.00311551
0.992714,0.00508379,null,null,null
-0.251886,null,-0.0669687,null,null
-0.071808,null,null,0.0590369,null
-0.00455628,null,null,null,-0.00471951
0.992676,0.00314416,null,null,null
-0.232898,null,-0.0532296,null,null
-0.00940765,null,null,0.02596,null
-0.000154894,null,null,null,-0.00215236
0.992945,0.00182214,null,null,null
-0.155995,null,0.019276,null,null
0.0100599,null,null,0.0335094,null
-0.0042799,null,null,null,-0.00548474
0.993,-0.00239726,null,null,null
-0.169955,null,-0.00422905,null,null
0.0632566,null,null,0.00718288,null
-0.00591193,null,null,null,-0.00369095
0.992939,-0.00501663,null,null,null
-0.098608,null,-0.0300585,null,null
0.0483235,null,null,0.0415019,null
0.00314644,null,null,null,-0.000740057
0.992939,-0.00501663,null,null,null
-0.098608,null,-0.0300585,null,null
0.0483235,null,null,0.0415019,null
0.00314644,null,null,null,-0.000740057
0.992936,-0.00898104,null,null,null
-0.0607179,null,-0.0243294,null,null
0.0523066,null,null,0.0630981,null
0.00438415,null,null,null,-0.000155515
0.992654,-0.0148396,null,null,null
-0.072738,null,0.0138972,null,null
0.00246431,null,null,0.0974047,null
0.00486641,null,null,null,-6.01214e-05
0.992751,-0.0194453,null,null,null
-0.03472,null,0.00782251,null,null
-0.00964403,null,null,0.0634428,null
0.00208716,null,null,null,0.00154253
0.992557,-0.0207844,null,null,null
-0.0534749,null,-0.0263535,null,null
-0.0847578,null,null,0.117472,null
0.00242019,null,null,null,4.68093e-06
0.992707,-0.0247629,null,null,null
-0.0228674,null,0.00815411,null,null
-0.0544007,null,null,0.0793741,null
0.00357455,null,null,null,0.00217795
0.992594,-0.0302121,null,null,null
-0.0661384,null,0.0091143,null,null
-0.129509,null,null,0.109427,null
-0.00109722,null,null,null,0.000657424
0.992656,-0.0263089,null,null,null
-0.0404294,null,-0.055107,null,null
-0.118182,null,null,0.142325,null
-0.000770885,null,null,null,-0.00549046
0.992797,-0.022805,null,null,null
0.00906175,null,-0.0095445,null,null
-0.144486,null,null,0.0738606,null
-0.00160744,null,null,null,-0.00318639
0.992815,-0.0231018,null,null,null
-0.0331824,null,-0.0383346,null,null
-0.0879594,null,null,0.0741071,null
-0.00257516,null,null,null,-0.00594304
0.992748,-0.0229061,null,null,null
-0.020968,null,0.0377016,null,null
-0.0721281,null,null,0.0239168,null
0.002133,null,null,null,-0.00260223
0.992741,-0.0138195,null,null,null
-0.00158844,null,0.0513298,null,null
-0.066404,null,null,0.0680214,null
-0.00164715,null,null,null,0.00332985
0.992976,-0.00583664,null,null,null
-0.018432,null,-0.038022,null,null
-0.0769205,null,null,0.115402,null
-0.00152721,null,null,null,-0.00387246
0.992956,-0.00438305,null,null,null
0.0500515,null,-0.0155572,null,null
-0.148349,null,null,0.0226478,null
6.10359e-05,null,null,null,-0.00325639
0.99294,-0.0102793,null,null,null
0.0754667,null,-0.0707327,null,null
-0.150699,null,null,0.0669059,null
0.00371836,null,null,null,-0.0051464
0.992958,-0.0139902,null,null,null
0.0616274,null,-0.0309337,null,null
-0.164493,null,null,0.09218,null
0.00271991,null,null,null,0.00232765
0.992956,-0.0137589,null,null,null
-0.0222259,null,0.0155535,null,null
-0.163556,null,null,0.0357092,null
-0.00430705,null,null,null,0.00273277
0.992831,-0.0200484,null,null,null
-0.00804244,null,0.00107208,null,null
-0.186336,null,null,0.0225106,null
0.00377384,null,null,null,0.00572674
0.992831,-0.0200484,null,null,null
-0.00804244,null,0.00107208,null,null
-0.186336,null,null,0.0225106,null
0.00377384,null,null,null,0.00572674
0.992938,-0.0193691,null,null,null
0.0715511,null,-0.0874586,null,null
-0.123473,null,null,0.0475369,null
0.00548585,null,null,null,0.000371737
0.992929,-0.0185551,null,null,null
0.0686639,null,-0.0589079,null,null
-0.140684,null,null,0.0629698,null
0.00550489,null,null,null,-0.00380924
0.993075,-0.0165994,null,null,null
0.111448,null,-0.105933,null,null
-0.15117,null,null,0.0676647,null
0.00210944,null,null,null,0.000896912
0.99308,-0.0155549,null,null,null
0.0799839,null,-0.104856,null,null
-0.145149,null,null,0.125045,null
-0.00079708,null,null,null,-0.00256901
0.992997,-0.012832,null,null,null
0.131045,null,-0.120035,null,null
-0.132784,null,null,0.16891,null
-0.00490548,null,null,null,0.000655654
0.993021,-0.00903535,null,null,null
0.175571,null,-0.1778,null,null
-0.112027,null,null,0.223263,null
-0.00241347,null,null,null,0.000704758
0.993021,-0.00903535,null,null,null
0.175571,null,-0.1778,null,null
-0.112027,null,null,0.223263,null
-0.00241347,null,null,null,0.000704758
0.992973,-0.00274559,null,null,null
0.147778,null,-0.0769691,null,null
-0.16802,null,null,0.197277,null
0.00528039,null,null,null,0.000182714
0.992985,-0.0019374,null,null,null
0.170684,null,-0.0237265,null,null
-0.169244,null,null,0.224683,null
0.00235861,null,null,null,0.0017093
0.992985,-0.0019374,null,null,null
0.170684,null,-0.0237265,null,null
-0.169244,null,null,0.224683,null
0.00235861,null,null,null,0.0017093
0.992854,0.00407599,null,null,null
0.169255,null,-0.046503,null,null
-0.200014,null,null,0.19034,null
0.000458544,null,null,null,-0.00287708
0.992869,0.000347726,null,null,null
0.170231,null,0.00361478,null,null
-0.16616,null,null,0.157879,null
0.00163334,null,null,null,0.000970815
0.992906,-0.00112343,null,null,null
0.146962,null,0.0292719,null,null
-0.129824,null,null,0.0566464,null
-0.000139494,null,null,null,-0.00713531
0.992906,-0.00112343,null,null,null
0.146962,null,0.0292719,null,null
-0.129824,null,null,0.0566464,null
-0.000139494,null,null,null,-0.00713531
0.992785,-0.00087343,null,null,null
0.191781,null,0.000311554,null,null
-0.146514,null,null,0.0763324,null
-0.000875068,null,null,null,-0.00097496
0.992785,-0.00087343,null,null,null
0.191781,null,0.000311554,null,null
-0.146514,null,null,0.0763324,null
-0.000875068,null,null,null,-0.00097496
0.992865,-0.00255399,null,null,null
0.134632,null,-0.0920327,null,null
-0.0973265,null,null,0.129736,null
0.00138743,null,null,null,-0.00338209
0.992946,0.00227555,null,null,null
0.111545,null,-0.0609069,null,null
-0.0863546,null,null,0.177454,null
0.00459994,null,null,null,-0.0030315
0.992946,0.00227555,null,null,null
0.111545,null,-0.0609069,null,null
-0.0863546,null,null,0.177454,null
0.00459994,null,null,null,-0.0030315
0.992833,0.00470767,null,null,null
0.0742972,null,-0.134861,null,null
-0.055242,null,null,0.189806,null
-0.000813544,null,null,null,-0.00411721
0.992861,-0.000178718,null,null,null
0.0683659,null,-0.0595835,null,null
-0.0323305,null,null,0.166325,null
-0.00403644,null,null,null,0.00082439
0.992781,0.00342087,null,null,null
0.0931491,null,-0.049757,null,null
0.027766,null,null,0.176301,null
-0.00730604,null,null,null,0.00424484
0.992865,-0.00171427,null,null,null
0.107354,null,-0.0672226,null,null
0.0428632,null,null,0.122603,null
-0.00542161,null,null,null,0.00710406
0.992925,-0.00276319,null,null,null
0.105778,null,-0.0318157,null,null
-0.0318016,null,null,0.0830746,null
-0.00025669,null,null,null,-0.000895023
0.99282,-0.00762641,null,null,null
0.0544386,null,0.0567229,null,null
-0.124035,null,null,0.110522,null
0.00131915,null,null,null,-0.00789024
0.992716,-0.0110638,null,null,null
0.0943779,null,0.0404062,null,null
-0.164878,null,null,0.19353,null
0.000478346,null,null,null,-0.00424844
0.992701,-0.0119622,null,null,null
0.119672,null,0.0723261,null,null
-0.15373,null,null,0.19646,null
-0.00343258,null,null,null,-0.00348886
0.992694,-0.0118147,null,null,null
0.112492,null,0.0222416,null,null
-0.153369,null,null,0.247115,null
0.00365551,null,null,null,-0.00519644
0.992694,-0.0118147,null,null,null
0.112492,null,0.0222416,null,null
-0.153369,null,null,0.247115,null
0.00365551,null,null,null,-0.00519644
0.992805,-0.0114162,null,null,null
0.118868,null,0.0292658,null,null
-0.144359,null,null,0.235874,null
0.00795645,null,null,null,-0.0077706
0.992753,-0.0176219,null,null,null
0.121474,null,0.020341,null,null
-0.113365,null,null,0.270018,null
0.00835287,null,null,null,-0.00520465
0.992795,-0.011668,null,null,null
0.12215,null,-0.0233924,null,null
-0.088989,null,null,0.217389,null
-0.00119809,null,null,null,-0.00336034
0.993047,-0.00998657,null,null,null
0.11754,null,-0.0536195,null,null
-0.06301,null,null,0.122974,null
-0.0011854,null,null,null,-0.000513941
0.992968,-0.00443267,null,null,null
0.15089,null,-0.0425879,null,null
-0.116675,null,null,0.14605,null
-0.00191645,null,null,null,-0.000127806
0.992968,-0.00443267,null,null,null
0.15089,null,-0.0425879,null,null
-0.116675,null,null,0.14605,null
-0.00191645,null,null,null,-0.000127806
0.992975,0.000300623,null,null,null
0.165412,null,-0.0485646,null,null
-0.047625,null,null,0.221481,null
-0.000338919,null,null,null,0.00257449
0.993044,0.00525302,null,null,null
0.147283,null,-0.0677646,null,null
-0.0585941,null,null,0.166739,null
-0.00106339,null,null,null,0.00371421
0.99295,-0.00229526,null,null,null
0.21139,null,-0.0703341,null,null
-0.0369866,null,null,0.195341,null
0.00532385,null,null,null,-0.00508411
0.992996,-0.00566785,null,null,null
0.19756,null,-0.0269085,null,null
-0.113381,null,null,0.202698,null
0.00287487,null,null,null,0.000301895
0.992996,-0.00566785,null,null,null
0.19756,null,-0.0269085,null,null
-0.113381,null,null,0.202698,null
0.00287487,null,null,null,0.000301895
0.99298,-0.00365814,null,null,null
0.170355,null,-0.0180274,null,null
-0.118916,null,null,0.173975,null
-0.004163,null,null,null,-0.0100855
0.992744,-0.000792809,null,null,null
0.140679,null,-0.0474774,null,null
-0.0777979,null,null,0.202614,null
-0.00378911,null,null,null,-0.00380414
0.992842,0.00516461,null,null,null
0.115345,null,-0.0561499,null,null
0.00510884,null,null,0.240461,null
-0.00383727,null,null,null,-0.00132171
0.992774,-0.00105362,null,null,null
0.185609,null,-0.0902881,null,null
0.00520025,null,null,0.238272,null
-0.00480061,null,null,null,-0.000303653
0.992989,0.00295553,null,null,null
0.190666,null,-0.120324,null,null
-0.12511,null,null,0.250829,null
-0.000618443,null,null,null,-0.0029223
0.992989,0.00295553,null,null,null
0.190666,null,-0.120324,null,null
-0.12511,null,null,0.250829,null
-0.000618443,null,null,null,-0.0029223
0.992936,0.00127956,null,null,null
0.198979,null,-0.151385,null,null
-0.0940714,null,null,0.231184,null
0.000655574,null,null,null,0.00160073
0.992995,0.00427575,null,null,null
0.203668,null,-0.17798,null,null
-0.159614,null,null,0.243833,null
-0.00482494,null,null,null,-0.000232144
0.993121,0.00310019,null,null,null
0.208363,null,-0.21663,null,null
-0.182864,null,null,0.193746,null
-0.00294366,null,null,null,-0.00194746
0.993025,-0.000885608,null,null,null
0.239235,null,-0.184641,null,null
-0.2031,null,null,0.170225,null
0.00228197,null,null,null,0.00636215
0.993005,0.000512474,null,null,null
0.199249,null,-0.175528,null,null
-0.179675,null,null,0.189741,null
0.00510355,null,null,null,-0.00232586
0.993011,0.00357057,null,null,null
0.190474,null,-0.0802516,null,null
-0.152865,null,null,0.223101,null
-0.00391515,null,null,null,-0.00160754
0.993073,0.00187226,null,null,null
0.206904,null,-0.146289,null,null
-0.185361,null,null,0.220468,null
0.00172952,null,null,null,-0.00319448
0.993115,-0.00127194,null,null,null
0.129341,null,-0.176168,null,null
-0.188951,null,null,0.246054,null
0.00242115,null,null,null,-0.00154239
0.993115,-0.00127194,null,null,null
0.129341,null,-0.176168,null,null
-0.188951,null,null,0.246054,null
0.00242115,null,null,null,-0.00154239
0.993119,0.00241508,null,null,null
0.0692922,null,-0.210427,null,null
-0.133115,null,null,0.207575,null
-0.00085403,null,null,null,-0.00272558
0.993166,0.00161415,null,null,null
0.119259,null,-0.18961,null,null
-0.107687,null,null,0.19115,null
-0.00119055,null,null,null,-0.00190285
0.993166,0.00161415,null,null,null
0.119259,null,-0.18961,null,null
-0.107687,null,null,0.19115,null
-0.00119055,null,null,null,-0.00190285
0.993213,-0.000653509,null,null,null
0.112056,null,-0.125119,null,null
-0.083609,null,null,0.240649,null
-0.00196405,null,null,null,0.00211553
0.992982,0.000998626,null,null,null
0.16211,null,-0.1342,null,null
-0.110087,null,null,0.226066,null
0.000484292,null,null,null,-0.000223331
0.992929,0.000390702,null,null,null
0.122669,null,-0.180955,null,null
-0.146414,null,null,0.256375,null
-0.00144413,null,null,null,-0.00128916
0.992905,0.00322347,null,null,null
0.0519123,null,-0.168515,null,null
-0.117861,null,null,0.23716,null
-0.00208677,null,null,null,-0.00244164
0.992991,-0.0013737,null,null,null
-0.0276368,null,-0.174471,null,null
-0.0955226,null,null,0.280817,null
-0.00773286,null,null,null,-3.12812e-05
0.992991,-0.0013737,null,null,null
-0.0276368,null,-0.174471,null,null
-0.0955226,null,null,0.280817,null
-0.00773286,null,null,null,-3.12812e-05
0.992846,-0.00517735,null,null,null
0.0017514,null,-0.242324,null,null
-0.113281,null,null,0.223685,null
-0.00197978,null,null,null,-0.00306027
0.992946,-0.00991472,null,null,null
0.0257642,null,-0.248356,null,null
-0.0948804,null,null,0.27247,null
-0.00415654,null,null,null,0.00082808
0.992859,-0.00776151,null,null,null
0.00572065,null,-0.181579,null,null
-0.184445,null,null,0.340445,null
-0.000733427,null,null,null,-0.00110272
0.992835,-0.00559917,null,null,null
0.0435689,null,-0.18469,null,null
-0.146496,null,null,0.240338,null
0.00442836,null,null,null,-0.00473794
0.99286,0.00159956,null,null,null
0.0418203,null,-0.217216,null,null
-0.216721,null,null,0.22161,null
0.000690054,null,null,null,-0.00256149
0.992875,0.00386675,null,null,null
0.0347037,null,-0.218,null,null
-0.222081,null,null,0.236907,null
-0.00630419,null,null,null,-0.00230535
0.992875,0.00386675,null,null,null
0.0347037,null,-0.218,null,null
-0.222081,null,null,0.236907,null
-0.00630419,null,null,null,-0.00230535
0.992938,0.010267,null,null,null
-0.0603385,null,-0.212316,null,null
-0.256801,null,null,0.263614,null
-0.00374899,null,null,null,0.00138178
0.993004,0.00705274,null,null,null
-0.0171635,null,-0.217399,null,null
-0.233195,null,null,0.225124,null
-0.00416095,null,null,null,0.00479535
0.992864,0.0087804,null,null,null
-0.0177205,null,-0.217806,null,null
-0.216294,null,null,0.208193,null
0.000744421,null,null,null,0.000593076
0.993029,0.00428581,null,null,null
-0.00339304,null,-0.188475,null,null
-0.217446,null,null,0.229854,null
-0.00233629,null,null,null,-1.99539e-05
0.992938,0.00446241,null,null,null
0.0353328,null,-0.184045,null,null
-0.173105,null,null,0.205205,null
0.00225449,null,null,null,-0.00288882
0.99281,0.00341834,null,null,null
-0.0333856,null,-0.202041,null,null
-0.250445,null,null,0.187663,null
-0.00304621,null,null,null,-0.00101999
0.992953,0.00392041,null,null,null
-0.0518013,null,-0.161049,null,null
-0.254421,null,null,0.287514,null
0.0033524,null,null,null,-0.0030378
0.992909,0.00171053,null,null,null
-0.0464934,null,-0.156094,null,null
-0.172476,null,null,0.212661,null
-0.000889671,null,null,null,-0.00380386
0.99282,0.00627445,null,null,null
-0.0310844,null,-0.177258,null,null
-0.18332,null,null,0.209385,null
-0.004289,null,null,null,-0.007583
0.99282,0.00627445,null,null,null
-0.0310844,null,-0.177258,null,null
-0.18332,null,null,0.209385,null
-0.004289,null,null,null,-0.007583
0.99292,0.00813497,null,null,null
0.0111481,null,-0.0985503,null,null
-0.208792,null,null,0.23615,null
0.00720328,null,null,null,-0.00201026
0.99291,0.0111451,null,null,null
-0.0466306,null,-0.0899105,null,null
-0.148751,null,null,0.2713,null
0.00180506,null,null,null,-0.000404194
0.992694,0.0170023,null,null,null
-0.0811782,null,-0.0642996,null,null
-0.188749,null,null,0.231582,null
0.00509414,null,null,null,0.00141215
0.992877,0.0117196,null,null,null
-0.00440395,null,-0.0752236,null,null
-0.156424,null,null,0.187059,null
0.00174859,null,null,null,0.000116603
0.992976,0.015603,null,null,null
-0.0691745,null,-0.0670722,null,null
-0.212507,null,null,0.158293,null
0.00242932,null,null,null,-0.000686343
0.993031,0.00999386,null,null,null
-0.00583809,null,-0.0264692,null,null
-0.20335,null,null,0.174797,null
0.00273886,null,null,null,0.000520898
0.992956,0.00683339,null,null,null
-0.0212794,null,-0.0402493,null,null
-0.27121,null,null,0.230671,null
0.00419092,null,null,null,0.00327661
0.992956,0.00683339,null,null,null
-0.0212794,null,-0.0402493,null,null
-0.27121,null,null,0.230671,null
0.00419092,null,null,null,0.00327661
0.993109,0.00384011,null,null,null
0.0011664,null,-0.0284191,null,null
-0.268331,null,null,0.243322,null
0.00224855,null,null,null,0.00346028
0.993061,0.00230445,null,null,null
0.0392233,null,-0.142994,null,null
-0.277534,null,null,0.19698,null
-0.00121465,null,null,null,0.00155104
0.99299,0.0083912,null,null,null
0.0307122,null,-0.067576,null,null
-0.32595,null,null,0.189246,null
0.000975819,null,null,null,-0.00329691
0.993044,0.00453529,null,null,null
0.0164921,null,-0.0951913,null,null
-0.32079,null,null,0.156152,null
0.00471171,null,null,null,-0.00511959
0.992904,0.00393555,null,null,null
0.0516745,null,-0.12763,null,null
-0.340011,null,null,0.202501,null
0.00286951,null,null,null,-0.00782338
0.993019,0.007723,null,null,null
0.0809246,null,-0.137948,null,null
-0.334209,null,null,0.214049,null
-0.00121456,null,null,null,-0.00280434
0.992997,0.0069083,null,null,null
0.0482611,null,-0.179769,null,null
-0.311258,null,null,0.225616,null
0.00373157,null,null,null,0.00137215
0.992997,0.0069083,null,null,null
0.0482611,null,-0.179769,null,null
-0.311258,null,null,0.225616,null
0.00373157,null,null,null,0.00137215
0.993259,0.00380254,null,null,null
0.116107,null,-0.193975,null,null
-0.300909,null,null,0.144104,null
-0.00602251,null,null,null,0.000284209
0.993132,-0.000975799,null,null,null
0.122891,null,-0.168111,null,null
-0.35313,null,null,0.130024,null
-0.00496415,null,null,null,0.000290073
0.993044,-0.00107687,null,null,null
0.165494,null,-0.219493,null,null
-0.335579,null,null,0.164752,null
-0.00631421,null,null,null,-0.00144261
0.993025,-0.00206433,null,null,null
0.0384007,null,-0.206699,null,null
-0.399662,null,null,0.0853591,null
-0.00124859,null,null,null,-0.00219705
0.993039,-0.000984346,null,null,null
0.0433105,null,-0.160271,null,null
-0.389786,null,null,0.0630488,null
0.00185904,null,null,null,-8.41825e-05
0.993039,-0.000984346,null,null,null
0.0433105,null,-0.160271,null,null
-0.389786,null,null,0.0630488,null
0.00185904,null,null,null,-8.41825e-05
0.99308,-0.00648481,null,null,null
0.0193581,null,-0.158304,null,null
-0.320145,null,null,0.0602766,null
0.00350065,null,null,null,-0.000256664
0.992989,-0.00565656,null,null,null
0.0882022,null,-0.170861,null,null
-0.429365,null,null,0.0158706,null
-0.000170477,null,null,null,-0.00153234
0.99281,-0.00752896,null,null,null
0.124357,null,-0.134621,null,null
-0.375346,null,null,0.0428124,null
-3.24824e-05,null,null,null,-0.0010582
0.993012,-0.0148056,null,null,null
0.0861086,null,-0.0868145,null,null
-0.388547,null,null,0.0818139,null
-0.00191312,null,null,null,0.0041721
0.993012,-0.0148056,null,null,null
0.0861086,null,-0.0868145,null,null
-0.388547,null,null,0.0818139,null
-0.00191312,null,null,null,0.0041721
0.99296,-0.019259,null,null,null
0.0794334,null,-0.180122,null,null
-0.413715,null,null,0.0616123,null
0.00555456,null,null,null,0.00323383
0.99301,-0.0188365,null,null,null
0.0794644,null,-0.165332,null,null
-0.483601,null,null,0.059193,null
-0.00185673,null,null,null,0.00496604
0.993024,-0.0179958,null,null,null
0.036021,null,-0.193476,null,null
-0.422375,null,null,0.114387,null
-0.00178697,null,null,null,0.0021439
0.993135,-0.0136647,null,null,null
0.0624416,null,-0.193403,null,null
-0.413791,null,null,0.0331455,null
0.00714388,null,null,null,0.00232654
0.993005,-0.0135961,null,null,null
0.0640401,null,-0.120039,null,null
-0.369649,null,null,0.00585502,null
0.00351855,null,null,null,-6.95196e-05
0.992997,-0.0160472,null,null,null
0.0686617,null,-0.12384,null,null
-0.383692,null,null,0.0193164,null
0.0059918,null,null,null,0.00651293
0.992768,-0.0200187,null,null,null
0.110405,null,-0.069148,null,null
-0.351045,null,null,0.0312085,null
0.00055779,null,null,null,0.000271844
0.992945,-0.0147559,null,null,null
0.111712,null,-0.0301839,null,null
-0.346253,null,null,-0.0264535,null
0.00635125,null,null,null,0.00390828
0.993076,-0.00852984,null,null,null
0.117226,null,-0.118855,null,null
-0.370115,null,null,-0.116455,null
-0.00218172,null,null,null,0.00282675
0.993224,-0.00439002,null,null,null
0.186998,null,-0.0706826,null,null
-0.327151,null,null,-0.0411076,null
0.000344454,null,null,null,0.000229648
0.993086,-0.000150348,null,null,null
0.104985,null,-0.0665436,null,null
-0.320252,null,null,-0.0263709,null
0.000374059,null,null,null,0.00134607
0.993102,0.00209338,null,null,null
0.133697,null,-0.0679315,null,null
-0.30302,null,null,-0.014928,null
0.000779914,null,null,null,-0.00032227
0.992964,0.00690436,null,null,null
0.0745121,null,-0.0594356,null,null
-0.325887,null,null,0.0369299,null
0.00544984,null,null,null,0.0018506
0.99309,0.0038222,null,null,null
0.165598,null,-0.0462614,null,null
-0.328095,null,null,0.0625049,null
0.00282373,null,null,null,-0.00123093
0.992971,0.000792203,null,null,null
0.137621,null,-0.0533158,null,null
-0.303914,null,null,0.0756576,null
0.00558456,null,null,null,-4.56047e-05
0.992876,0.00118078,null,null,null
0.153796,null,-0.0456032,null,null
-0.373993,null,null,0.0787691,null
0.00452768,null,null,null,0.0032987
0.99287,0.00647316,null,null,null
0.159996,null,-0.0580268,null,null
-0.325864,null,null,0.0228956,null
-0.00340943,null,null,null,0.0037385
0.99295,0.00646817,null,null,null
0.174141,null,-0.083471,null,null
-0.29219,null,null,-0.00677159,null
-0.00281242,null,null,null,-0.000830741
0.992919,0.00683841,null,null,null
0.146206,null,-0.0449955,null,null
-0.364347,null,null,0.0696124,null
-0.00533334,null,null,null,0.00240689
0.992846,0.00345876,null,null,null
0.155554,null,-0.0737081,null,null
-0.432104,null,null,0.101047,null
-0.00185369,null,null,null,0.0107794
0.992846,0.00345876,null,null,null
0.155554,null,-0.0737081,null,null
-0.432104,null,null,0.101047,null
-0.00185369,null,null,null,0.0107794
0.99293,0.00497794,null,null,null
0.135989,null,-0.118641,null,null
-0.393289,null,null,0.115732,null
0.00199561,null,null,null,0.00751016
0.993012,0.0106734,null,null,null
0.13051,null,-0.0242044,null,null
-0.35257,null,null,0.0593463,null
-0.00462303,null,null,null,0.00227505
0.99299,0.00944115,null,null,null
0.152496,null,-0.122502,null,null
-0.300982,null,null,0.0966451,null
-0.00494741,null,null,null,0.00194971
0.992866,0.0127281,null,null,null
0.122419,null,-0.0673131,null,null
-0.328391,null,null,0.0628428,null
-0.00526612,null,null,null,-0.00429533
0.992785,0.00912931,null,null,null
0.116849,null,-0.0368815,null,null
-0.327848,null,null,0.100614,null
-0.00591522,null,null,null,-0.00277573
0.992821,0.0048552,null,null,null
0.119124,null,-0.0107431,null,null
-0.34262,null,null,0.071903,null
-0.00440204,null,null,null,-0.000577616
0.99293,0.00344941,null,null,null
0.165556,null,-0.00744699,null,null
-0.389571,null,null,0.00248397,null
-0.00252852,null,null,null,-0.00282914
0.992849,-0.000779993,null,null,null
0.160944,null,-0.00444691,null,null
-0.399232,null,null,-0.0233488,null
-0.00509841,null,null,null,-0.00495629
0.992946,0.00292896,null,null,null
0.193105,null,-0.0362372,null,null
-0.360428,null,null,-0.078058,null
0.000428047,null,null,null,-0.00640731
0.992854,0.00242742,null,null,null
0.162246,null,-0.0519379,null,null
-0.417189,null,null,-0.0512123,null
-0.000364471,null,null,null,-0.00340306
0.992901,0.000775005,null,null,null
0.199845,null,-0.0241641,null,null
-0.327739,null,null,-0.0433262,null
0.00259703,null,null,null,0.000234536
0.992901,0.000775005,null,null,null
0.199845,null,-0.0241641,null,null
-0.327739,null,null,-0.0433262,null
0.00259703,null,null,null,0.000234536
0.992901,0.000775005,null,null,null
0.199845,null,-0.0241641,null,null
-0.327739,null,null,-0.0433262,null
0.00259703,null,null,null,0.000234536
0.992984,0.00299851,null,null,null
0.215113,null,-0.0257365,null,null
-0.299073,null,null,-0.0624468,null
-0.00298592,null,null,null,0.00130859
0.993059,-0.00094924,null,null,null
0.223718,null,-0.0547378,null,null
-0.276006,null,null,-0.067653,null
-0.00337587,null,null,null,0.00766539
0.993059,-0.00094924,null,null,null
0.223718,null,-0.0547378,null,null
-0.276006,null,null,-0.067653,null
-0.00337587,null,null,null,0.00766539
0.993135,0.00460516,null,null,null
0.231307,null,-0.0146844,null,null
-0.2941,null,null,-0.0927758,null
-0.0010348,null,null,null,0.0022862
0.993112,0.00822072,null,null,null
0.229025,null,-0.00560861,null,null
-0.330476,null,null,-0.1247,null
-0.00154745,null,null,null,0.00270631
0.993053,0.0107528,null,null,null
0.183349,null,0.0206901,null,null
-0.29096,null,null,-0.10632,null
-0.00368576,null,null,null,0.00195065
0.992988,0.00580721,null,null,null
0.162497,null,-0.0649698,null,null
-0.194832,null,null,-0.13839,null
-0.00679852,null,null,null,0.001145
0.992996,0.00752787,null,null,null
0.227031,null,0.00775083,null,null
-0.239443,null,null,-0.119264,null
-0.00649215,null,null,null,-0.00194397
0.992985,0.0031613,null,null,null
0.237052,null,-0.00344626,null,null
-0.227166,null,null,-0.0688147,null
0.00333545,null,null,null,-0.000971689
0.992969,0.00121943,null,null,null
0.216486,null,-0.00814909,null,null
-0.222875,null,null,-0.0726202,null
0.000283611,null,null,null,0.00401238
0.992969,0.00121943,null,null,null
0.216486,null,-0.00814909,null,null
-0.222875,null,null,-0.0726202,null
0.000283611,null,null,null,0.00401238
0.992958,-0.000675276,null,null,null
0.246696,null,0.050506,null,null
-0.235987,null,null,-0.0211849,null
0.00187649,null,null,null,0.00967344
0.992958,-0.000675276,null,null,null
0.246696,null,0.050506,null,null
-0.235987,null,null,-0.0211849,null
0.00187649,null,null,null,0.00967344
0.993008,-0.0127366,null,null,null
0.15852,null,0.0810961,null,null
-0.254501,null,null,-0.0303038,null
0.00167754,null,null,null,0.0053719
0.992774,-0.0174217,null,null,null
0.176681,null,0.039903,null,null
-0.274576,null,null,-0.0184585,null
0.00538811,null,null,null,0.00566759
0.992801,-0.016833,null,null,null
0.188206,null,0.062646,null,null
-0.302971,null,null,-0.0256481,null
0.00455773,null,null,null,0.000341308
0.992801,-0.016833,null,null,null
0.188206,null,0.062646,null,null
-0.302971,null,null,-0.0256481,null
0.00455773,null,null,null,0.000341308
0.992801,-0.016833,null,null,null
0.188206,null,0.062646,null,null
-0.302971,null,null,-0.0256481,null
0.00455773,null,null,null,0.000341308
0.992929,-0.0165647,null,null,null
0.181356,null,0.0491383,null,null
-0.247934,null,null,-0.033146,null
-4.54722e-05,null,null,null,0.000276116
0.992936,-0.0102246,null,null,null
0.167815,null,0.0461558,null,null
-0.232618,null,null,-0.0681627,null
0.00711375,null,null,null,-0.000299059
0.992825,-0.013115,null,null,null
0.204911,null,0.0344795,null,null
-0.268829,null,null,-0.103064,null
0.00877957,null,null,null,0.00071242
0.992745,-0.0117994,null,null,null
0.260072,null,0.0356602,null,null
-0.282761,null,null,-0.151706,null
0.00617833,null,null,null,-0.00420446
0.992821,-0.0159506,null,null,null
0.298664,null,-0.0143538,null,null
-0.26326,null,null,-0.148152,null
0.00119396,null,null,null,0.00161129
0.992821,-0.0159506,null,null,null
0.298664,null,-0.0143538,null,null
-0.26326,null,null,-0.148152,null
0.00119396,null,null,null,0.00161129
0.992921,-0.0153133,null,null,null
0.322962,null,-0.019789,null,null
-0.216446,null,null,-0.0866565,null
-0.0025351,null,null,null,-0.00093216
0.992921,-0.0153133,null,null,null
0.322962,null,-0.019789,null,null
-0.216446,null,null,-0.0866565,null
-0.0025351,null,null,null,-0.00093216
0.992784,-0.0174721,null,null,null
0.262705,null,-0.0201211,null,null
-0.199324,null,null,-0.071014,null
0.00421411,null,null,null,9.54295e-05
0.992784,-0.0174721,null,null,null
0.262705,null,-0.0201211,null,null
-0.199324,null,null,-0.071014,null
0.00421411,null,null,null,9.54295e-05
0.992884,-0.0172219,null,null,null
0.318447,null,-0.0264506,null,null
-0.193024,null,null,-0.0184061,null
0.000420749,null,null,null,-0.00252545
0.992961,-0.00940147,null,null,null
0.294243,null,-0.0593945,null,null
-0.215956,null,null,0.00376995,null
-0.000521841,null,null,null,0.00228544
0.992961,-0.00940147,null,null,null
0.294243,null,-0.0593945,null,null
-0.215956,null,null,0.00376995,null
-0.000521841,null,null,null,0.00228544
0.992981,-0.00946914,null,null,null
0.277439,null,-0.00980456,null,null
-0.285573,null,null,0.0428323,null
-0.00511203,null,null,null,-1.5701e-05
0.992981,-0.00946914,null,null,null
0.277439,null,-0.00980456,null,null
-0.285573,null,null,0.0428323,null
-0.00511203,null,null,null,-1.5701e-05
0.992981,-0.00946914,null,null,null
0.277439,null,-0.00980456,null,null
-0.285573,null,null,0.0428323,null
-0.00511203,null,null,null,-1.5701e-05
0.992842,-0.00526591,null,null,null
0.27488,null,-0.0784761,null,null
-0.274854,null,null,0.0765931,null
0.0017332,null,null,null,0.000753716
0.992842,-0.00526591,null,null,null
0.27488,null,-0.0784761,null,null
-0.274854,null,null,0.0765931,null
0.0017332,null,null,null,0.000753716
0.993059,-0.00654874,null,null,null
0.318721,null,-0.0575155,null,null
-0.234192,null,null,0.083028,null
0.00134917,null,null,null,0.00367785
0.99306,-0.00454644,null,null,null
0.327502,null,-0.0787385,null,null
-0.190959,null,null,0.112488,null
0.00696391,null,null,null,-0.00274805
0.992982,0.00105453,null,null,null
0.300413,null,-0.0917445,null,null
-0.151346,null,null,0.123388,null
0.0109783,null,null,null,0.00605914
0.9929,0.00653317,null,null,null
0.228784,null,-0.0963921,null,null
-0.144461,null,null,0.124865,null
0.00751161,null,null,null,0.00247684
0.992851,0.0115534,null,null,null
0.265047,null,-0.0498554,null,null
-0.152971,null,null,0.0952329,null
0.00693156,null,null,null,-0.00113124
0.992851,0.0115534,null,null,null
0.265047,null,-0.0498554,null,null
-0.152971,null,null,0.0952329,null
0.00693156,null,null,null,-0.00113124
0.992851,0.0115534,null,null,null
0.265047,null,-0.0498554,null,null
-0.152971,null,null,0.0952329,null
0.00693156,null,null,null,-0.00113124
0.992862,0.0119185,null,null,null
0.20082,null,-0.118559,null,null
-0.254174,null,null,0.0484882,null
0.000851138,null,null,null,0.0015705
0.992873,0.0122541,null,null,null
0.24273,null,-0.140681,null,null
-0.265296,null,null,0.0727361,null
-0.00768549,null,null,null,-0.00015858
0.992718,0.0134176,null,null,null
0.296627,null,-0.134584,null,null
-0.217477,null,null,0.0947035,null
-0.00410471,null,null,null,0.00848594
0.992656,0.0137005,null,null,null
0.334069,null,-0.14546,null,null
-0.263819,null,null,0.0737524,null
-0.0031721,null,null,null,0.0100096
0.992915,0.0140296,null,null,null
0.370499,null,-0.121958,null,null
-0.239595,null,null,0.0982874,null
-0.00109708,null,null,null,0.00698602
0.99305,0.0102489,null,null,null
0.375702,null,-0.179875,null,null
-0.17686,null,null,0.113207,null
0.00526627,null,null,null,0.00470128
0.993019,0.00569634,null,null,null
0.364174,null,-0.162631,null,null
-0.140264,null,null,0.0806231,null
0.00357471,null,null,null,0.00228546
0.993011,0.00244895,null,null,null
0.391556,null,-0.230949,null,null
-0.17492,null,null,0.116455,null
0.000459671,null,null,null,0.0047282
0.993084,0.00389544,null,null,null
0.317289,null,-0.189645,null,null
-0.196898,null,null,0.112493,null
0.00608259,null,null,null,5.72014e-05
0.993084,0.00389544,null,null,null
0.317289,null,-0.189645,null,null
-0.196898,null,null,0.112493,null
0.00608259,null,null,null,5.72014e-05
0.992965,0.00335914,null,null,null
0.343979,null,-0.1571,null,null
-0.201536,null,null,0.121989,null
-0.00260862,null,null,null,-0.000784529
0.993049,0.00144664,null,null,null
0.268578,null,-0.130584,null,null
-0.242925,null,null,0.132683,null
-0.0053624,null,null,null,0.00354914
0.992942,-0.00121505,null,null,null
0.309134,null,-0.140134,null,null
-0.280319,null,null,0.158961,null
-0.00254193,null,null,null,0.00182929
0.992919,0.00238168,null,null,null
0.317789,null,-0.10387,null,null
-0.302661,null,null,0.148695,null
0.00294722,null,null,null,-0.0011333
0.992919,0.00238168,null,null,null
0.317789,null,-0.10387,null,null
-0.302661,null,null,0.148695,null
0.00294722,null,null,null,-0.0011333
0.992988,0.00218192,null,null,null
0.365916,null,-0.125131,null,null
-0.232879,null,null,0.179895,null
-0.00450959,null,null,null,-0.00330123
0.993046,0.0059592,null,null,null
0.40651,null,-0.150709,null,null
-0.242854,null,null,0.20948,null
-0.00152466,null,null,null,-0.000977407
0.992994,-0.000924093,null,null,null
0.389734,null,-0.124843,null,null
-0.208759,null,null,0.193339,null
0.00200792,null,null,null,-0.00295116
0.992892,-0.0028139,null,null,null
0.416286,null,-0.130227,null,null
-0.179244,null,null,0.173758,null
0.000621459,null,null,null,-0.00504167
0.993026,-0.00588221,null,null,null
0.380996,null,-0.115995,null,null
-0.18285,null,null,0.137708,null
0.00692041,null,null,null,0.00237396
0.992912,-0.00882076,null,null,null
0.342624,null,-0.161593,null,null
-0.234159,null,null,0.105824,null
0.00598085,null,null,null,-0.0049743
0.993006,-0.00944232,null,null,null
0.357156,null,-0.196835,null,null
-0.169636,null,null,0.0961792,null
0.00162814,null,null,null,-0.00420362
0.992982,-0.0133928,null,null,null
0.351976,null,-0.15986,null,null
-0.28102,null,null,0.138106,null
-0.0037187,null,null,null,-0.008041
0.992965,-0.0131427,null,null,null
0.41704,null,-0.105199,null,null
-0.323989,null,null,0.101983,null
-0.00230885,null,null,null,-0.0026463
0.993006,-0.0171191,null,null,null
0.395105,null,-0.0875468,null,null
-0.267832,null,null,0.0972854,null
-0.00157689,null,null,null,-0.00843657
0.993006,-0.0171191,null,null,null
0.395105,null,-0.0875468,null,null
-0.267832,null,null,0.0972854,null
-0.00157689,null,null,null,-0.00843657
0.992814,-0.0217306,null,null,null
0.371784,null,-0.0617,null,null
-0.247312,null,null,0.171824,null
0.00272627,null,null,null,-0.0033354
0.99268,-0.0171623,null,null,null
0.40181,null,-0.0921909,null,null
-0.289506,null,null,0.143525,null
-0.000233905,null,null,null,-0.00597909
0.993014,-0.0158274,null,null,null
0.466753,null,-0.0676154,null,null
-0.270564,null,null,0.0614039,null
0.00262992,null,null,null,-0.0111508
0.992885,-0.0223448,null,null,null
0.45187,null,-0.0315905,null,null
-0.324536,null,null,0.0886917,null
0.00143035,null,null,null,-0.00281029
0.992885,-0.0223448,null,null,null
0.45187,null,-0.0315905,null,null
-0.324536,null,null,0.0886917,null
0.00143035,null,null,null,-0.00281029
0.992681,-0.0221936,null,null,null
0.437425,null,0.00561509,null,null
-0.306781,null,null,0.169279,null
-0.0050266,null,null,null,0.00462222
0.992712,-0.0221775,null,null,null
0.476929,null,-0.0342885,null,null
-0.295739,null,null,0.18821,null
-0.00160219,null,null,null,-0.00024499
0.992631,-0.025388,null,null,null
0.422414,null,-0.0281625,null,null
-0.382004,null,null,0.117525,null
-0.00127189,null,null,null,0.000896422
0.992841,-0.0270049,null,null,null
0.438519,null,-0.0331366,null,null
-0.35836,null,null,0.13699,null
0.00156666,null,null,null,0.00356537
0.992841,-0.0270049,null,null,null
0.438519,null,-0.0331366,null,null
-0.35836,null,null,0.13699,null
0.00156666,null,null,null,0.00356537
0.9928,-0.0237141,null,null,null
0.447299,null,-0.092335,null,null
-0.311334,null,null,0.189724,null
-0.0040222,null,null,null,3.73124e-05
0.99274,-0.0218145,null,null,null
0.37307,null,-0.0423711,null,null
-0.408854,null,null,0.11855,null
-0.00338716,null,null,null,-0.00199285
0.992736,-0.0241598,null,null,null
0.376126,null,0.0358686,null,null
-0.343936,null,null,0.132706,null
-0.000833367,null,null,null,-0.00722358
0.992779,-0.023488,null,null,null
0.368638,null,0.0254159,null,null
-0.321415,null,null,0.111269,null
-0.00108209,null,null,null,-0.00459229
0.992756,-0.022566,null,null,null
0.38051,null,0.0901075,null,null
-0.34197,null,null,0.0911249,null
-0.00119436,null,null,null,-0.00168321
0.992559,-0.0272204,null,null,null
0.433421,null,0.0741581,null,null
-0.364165,null,null,0.109968,null
-0.0044266,null,null,null,0.002818
0.99265,-0.0282114,null,null,null
0.481815,null,0.0556641,null,null
-0.332949,null,null,0.0684764,null
-0.0016016,null,null,null,-0.00192409
0.992529,-0.0275244,null,null,null
0.518089,null,0.0659444,null,null
-0.367156,null,null,0.0378409,null
0.00485007,null,null,null,-0.00226068
0.992549,-0.0347467,null,null,null
0.463367,null,0.0710907,null,null
-0.412966,null,null,0.0405324,null
0.000659162,null,null,null,-0.000678014
0.992614,-0.03074,null,null,null
0.537244,null,0.056767,null,null
-0.401193,null,null,0.0352621,null
0.00057389,null,null,null,0.00124997
0.992659,-0.0266814,null,null,null
0.484636,null,0.0607906,null,null
-0.357874,null,null,-0.0203566,null
-0.00586119,null,null,null,0.00240435
0.992766,-0.0210033,null,null,null
0.477814,null,0.0960677,null,null
-0.315724,null,null,0.0242627,null
-0.00171635,null,null,null,0.00180434
0.992709,-0.0222875,null,null,null
0.483274,null,0.110424,null,null
-0.335671,null,null,-0.017603,null
-0.000281349,null,null,null,0.00907236
0.99262,-0.0248576,null,null,null
0.444489,null,0.0558066,null,null
-0.330815,null,null,-0.00295154,null
-0.00113208,null,null,null,0.00591748
0.99264,-0.0230429,null,null,null
0.446714,null,-0.0636935,null,null
-0.360718,null,null,0.0696289,null
0.00130266,null,null,null,-6.39206e-05
0.99269,-0.0230646,null,null,null
0.476197,null,-0.0702761,null,null
-0.398235,null,null,0.0462529,null
0.00404149,null,null,null,0.000793514
0.992544,-0.0250435,null,null,null
0.515513,null,-0.0543639,null,null
-0.38734,null,null,0.0492923,null
0.00413837,null,null,null,0.000921465
0.992657,-0.0232191,null,null,null
0.461209,null,-0.0919673,null,null
-0.344695,null,null,0.066479,null
0.00112361,null,null,null,0.000666495
0.992851,-0.0225983,null,null,null
0.465966,null,-0.0288549,null,null
-0.437609,null,null,0.00410871,null
-0.00199909,null,null,null,-0.00430345
0.992979,-0.0178652,null,null,null
0.452386,null,-0.04035,null,null
-0.448798,null,null,0.0256011,null
-0.0033187,null,null,null,0.000213481
0.993117,-0.012734,null,null,null
0.42437,null,-0.022883,null,null
-0.420549,null,null,-0.0240458,null
-0.00343916,null,null,null,-0.00135413
0.993117,-0.012734,null,null,null
0.42437,null,-0.022883,null,null
-0.420549,null,null,-0.0240458,null
-0.00343916,null,null,null,-0.00135413
0.993152,-0.00960384,null,null,null
0.403885,null,-0.0326676,null,null
-0.357416,null,null,0.0646569,null
-0.00262284,null,null,null,2.98042e-05
0.99298,-0.00776315,null,null,null
0.48811,null,-0.0596851,null,null
-0.376939,null,null,0.0603706,null
0.00284031,null,null,null,-0.00344736
0.992794,-0.00993265,null,null,null
0.432962,null,-0.0669049,null,null
-0.428646,null,null,-0.0491716,null
0.010969,null,null,null,9.28942e-05
0.992757,-0.0115025,null,null,null
0.381295,null,-0.0598163,null,null
-0.35819,null,null,-0.0625964,null
0.00438186,null,null,null,0.00247488
0.992806,-0.0105013,null,null,null
0.357604,null,-0.0492047,null,null
-0.331595,null,null,-0.0732581,null
-0.00246603,null,null,null,0.00323506
0.993038,-0.00106362,null,null,null
0.347722,null,-0.0113449,null,null
-0.322483,null,null,-0.125435,null
-0.0012163,null,null,null,0.000677941
0.992919,-0.003378,null,null,null
0.401224,null,-0.047968,null,null
-0.372419,null,null,-0.0740439,null
-0.00288217,null,null,null,0.00187055
0.992923,-0.00815501,null,null,null
0.43094,null,0.0521594,null,null
-0.415084,null,null,0.021845,null
-0.00233001,null,null,null,-0.00310571
0.993091,-0.00700421,null,null,null
0.45849,null,0.141415,null,null
-0.384391,null,null,-0.0344566,null
0.00102629,null,null,null,0.00159806
0.99307,-0.00903542,null,null,null
0.390071,null,0.160489,null,null
-0.390249,null,null,0.00676714,null
-0.00238273,null,null,null,-0.00178094
0.99307,-0.00903542,null,null,null
0.390071,null,0.160489,null,null
-0.390249,null,null,0.00676714,null
-0.00238273,null,null,null,-0.00178094
0.993211,-0.00878776,null,null,null
0.419034,null,0.1779,null,null
-0.428102,null,null,0.0528692,null
-0.00435642,null,null,null,0.00670697
0.993067,-0.0164063,null,null,null
0.405974,null,0.190159,null,null
-0.4333,null,null,0.0300095,null
-0.000114392,null,null,null,0.00331776
0.993067,-0.0164063,null,null,null
0.405974,null,0.190159,null,null
-0.4333,null,null,0.0300095,null
-0.000114392,null,null,null,0.00331776
0.993044,-0.0146015,null,null,null
0.420208,null,0.163422,null,null
-0.525379,null,null,-0.0261954,null
-0.000901441,null,null,null,-0.00189139
0.992754,-0.0225041,null,null,null
0.423893,null,0.103456,null,null
-0.492414,null,null,-0.086286,null
-0.00489961,null,null,null,-0.00362469
0.992796,-0.0194196,null,null,null
0.412269,null,0.114447,null,null
-0.450195,null,null,0.031156,null
-0.00174453,null,null,null,-0.00699871
0.992624,-0.0201271,null,null,null
0.421006,null,0.136392,null,null
-0.41694,null,null,-0.0413878,null
-0.00219895,null,null,null,-0.00165401
0.992624,-0.0201271,null,null,null
0.421006,null,0.136392,null,null
-0.41694,null,null,-0.0413878,null
-0.00219895,null,null,null,-0.00165401
0.992581,-0.0221274,null,null,null
0.432491,null,0.128121,null,null
-0.451512,null,null,-0.0430619,null
-0.00319224,null,null,null,-0.0111001
0.992757,-0.0252658,null,null,null
0.426486,null,0.141001,null,null
-0.474998,null,null,0.00037065,null
-0.00198603,null,null,null,-0.00528448
0.992889,-0.0224579,null,null,null
0.392933,null,0.122326,null,null
-0.481284,null,null,-0.0442873,null
0.000797135,null,null,null,-0.00488046
0.992946,-0.0196565,null,null,null
0.429827,null,0.0950691,null,null
-0.47546,null,null,-0.059832,null
0.00168881,null,null,null,0.0011568
0.992942,-0.0260761,null,null,null
0.439891,null,0.129954,null,null
-0.389295,null,null,-0.0778646,null
-0.000190896,null,null,null,-0.000624855
0.992918,-0.024958,null,null,null
0.475851,null,0.0977043,null,null
-0.319671,null,null,-0.115982,null
0.00539089,null,null,null,0.0031593
0.992722,-0.0234806,null,null,null
0.468838,null,0.13822,null,null
-0.368995,null,null,-0.140948,null
0.0100631,null,null,null,0.00790826
0.992528,-0.0296233,null,null,null
0.443701,null,0.163896,null,null
-0.383436,null,null,-0.0896311,null
0.00658132,null,null,null,0.000575615
0.992528,-0.0296233,null,null,null
0.443701,null,0.163896,null,null
-0.383436,null,null,-0.0896311,null
0.00658132,null,null,null,0.000575615
0.992621,-0.0250819,null,null,null
0.427737,null,0.122648,null,null
-0.345155,null,null,-0.113743,null
0.00756269,null,null,null,-0.00108597
0.992621,-0.0250819,null,null,null
0.427737,null,0.122648,null,null
-0.345155,null,null,-0.113743,null
0.00756269,null,null,null,-0.00108597
0.992378,-0.0313372,null,null,null
0.416737,null,0.131399,null,null
-0.350183,null,null,-0.126726,null
0.00294064,null,null,null,-0.00515201
0.992263,-0.031854,null,null,null
0.412025,null,0.145441,null,null
-0.334427,null,null,-0.168575,null
0.00122743,null,null,null,-0.00343975
0.992263,-0.031854,null,null,null
0.412025,null,0.145441,null,null
-0.334427,null,null,-0.168575,null
0.00122743,null,null,null,-0.00343975
0.991932,-0.0343131,null,null,null
0.322752,null,0.17865,null,null
-0.32885,null,null,-0.201637,null
0.00107942,null,null,null,-0.00404555
0.991932,-0.0343131,null,null,null
0.322752,null,0.17865,null,null
-0.32885,null,null,-0.201637,null
0.00107942,null,null,null,-0.00404555
0.992134,-0.0348933,null,null,null
0.39224,null,0.181427,null,null
-0.312589,null,null,-0.23861,null
-0.0102139,null,null,null,-0.00129966
0.992134,-0.0348933,null,null,null
0.39224,null,0.181427,null,null
-0.312589,null,null,-0.23861,null
-0.0102139,null,null,null,-0.00129966
0.992134,-0.0348933,null,null,null
0.39224,null,0.181427,null,null
-0.312589,null,null,-0.23861,null
-0.0102139,null,null,null,-0.00129966
0.992134,-0.0348933,null,null,null
0.39224,null,0.181427,null,null
-0.312589,null,null,-0.23861,null
-0.0102139,null,null,null,-0.00129966
0.992273,-0.0304471,null,null,null
0.390065,null,0.193233,null,null
-0.253798,null,null,-0.178726,null
-0.00340081,null,null,null,-0.00508459
0.992428,-0.0271615,null,null,null
0.328804,null,0.132971,null,null
-0.311698,null,null,-0.15811,null
-0.00543079,null,null,null,-0.0028203
0.992476,-0.0293419,null,null,null
0.30176,null,0.16544,null,null
-0.378305,null,null,-0.117315,null
-0.00340881,null,null,null,0.00282834
0.992539,-0.0261958,null,null,null
0.283724,null,0.189874,null,null
-0.309376,null,null,-0.124093,null
0.000647088,null,null,null,0.00395635
0.99254,-0.0274336,null,null,null
0.287809,null,0.11478,null,null
-0.258891,null,null,-0.128569,null
0.00336496,null,null,null,-0.00265851
0.99276,-0.0233122,null,null,null
0.268765,null,0.138203,null,null
-0.281517,null,null,-0.113903,null
-0.0027342,null,null,null,-0.00233581
0.992915,-0.0134541,null,null,null
0.280229,null,0.112291,null,null
-0.322441,null,null,-0.0828354,null
0.000639901,null,null,null,-0.00530859
0.992753,-0.0111501,null,null,null
0.324816,null,0.101829,null,null
-0.306588,null,null,-0.0678685,null
-0.00557749,null,null,null,0.00440119
0.992753,-0.0111501,null,null,null
0.324816,null,0.101829,null,null
-0.306588,null,null,-0.0678685,null
-0.00557749,null,null,null,0.00440119
0.992619,-0.01461,null,null,null
0.244574,null,0.102518,null,null
-0.341197,null,null,-0.116717,null
7.72731e-05,null,null,null,0.00294944
0.992748,-0.0125232,null,null,null
0.217795,null,0.141371,null,null
-0.351721,null,null,-0.151787,null
0.0018788,null,null,null,-0.00176871
0.992827,-0.00743408,null,null,null
0.218452,null,0.155304,null,null
-0.382657,null,null,-0.0931656,null
0.00180131,null,null,null,-0.00397116
0.992974,-0.00983775,null,null,null
0.270294,null,0.181625,null,null
-0.310123,null,null,-0.112897,null
0.00272139,null,null,null,-0.0109907
0.992974,-0.00983775,null,null,null
0.270294,null,0.181625,null,null
-0.310123,null,null,-0.112897,null
0.00272139,null,null,null,-0.0109907
0.992941,-0.00708633,null,null,null
0.246179,null,0.120526,null,null
-0.320471,null,null,-0.0984745,null
-0.000691204,null,null,null,-0.0091623
0.993036,-0.00087232,null,null,null
0.248266,null,0.246874,null,null
-0.325984,null,null,-0.171481,null
-0.00278249,null,null,null,-0.00383319
0.99318,-0.00181393,null,null,null
0.213114,null,0.275324,null,null
-0.307173,null,null,-0.178363,null
-0.00331637,null,null,null,-0.000413201
0.993044,0.00143352,null,null,null
0.222915,null,0.298215,null,null
-0.289566,null,null,-0.174678,null
-0.00185958,null,null,null,-0.00157251
0.99303,0.0094434,null,null,null
0.174421,null,0.212902,null,null
-0.261335,null,null,-0.169914,null
-0.00485674,null,null,null,0.00108461
0.992945,0.00994673,null,null,null
0.210869,null,0.232033,null,null
-0.215346,null,null,-0.187218,null
0.00591279,null,null,null,0.000904325
0.992886,0.00831307,null,null,null
0.172863,null,0.264071,null,null
-0.261195,null,null,-0.171597,null
-0.00188338,null,null,null,-0.00276705
0.992886,0.00831307,null,null,null
0.172863,null,0.264071,null,null
-0.261195,null,null,-0.171597,null
-0.00188338,null,null,null,-0.00276705
0.992964,0.00295454,null,null,null
0.213786,null,0.318493,null,null
-0.340473,null,null,-0.144613,null
0.00318031,null,null,null,-5.01768e-05
0.99311,-0.00211634,null,null,null
0.130447,null,0.354041,null,null
-0.23143,null,null,-0.120309,null
0.00661249,null,null,null,-0.00269136
0.993206,0.000254753,null,null,null
0.179773,null,0.344239,null,null
-0.21543,null,null,-0.064779,null
0.000559783,null,null,null,0.000734865
0.993079,-0.00131139,null,null,null
0.243934,null,0.33811,null,null
-0.228373,null,null,-0.105979,null
0.00188784,null,null,null,0.000494931
0.993155,0.000392611,null,null,null
0.304501,null,0.313707,null,null
-0.214072,null,null,-0.0802738,null
0.00128593,null,null,null,-0.00202899
0.993206,-0.00178736,null,null,null
0.320776,null,0.26716,null,null
-0.305035,null,null,-0.11189,null
-0.00328426,null,null,null,0.00308718
0.993211,0.00122011,null,null,null
0.346835,null,0.295185,null,null
-0.291371,null,null,-0.132046,null
0.00269326,null,null,null,-0.000909758
0.993221,-0.00204589,null,null,null
0.354154,null,0.190551,null,null
-0.273595,null,null,-0.106444,null
0.00332231,null,null,null,-0.00252305
0.993252,-0.000749494,null,null,null
0.32144,null,0.200086,null,null
-0.231942,null,null,-0.16456,null
-0.000217568,null,null,null,-0.000139189
0.992986,-0.00427919,null,null,null
0.343479,null,0.262934,null,null
-0.213798,null,null,-0.205203,null
0.00407595,null,null,null,0.0020126
0.9931,-0.00927579,null,null,null
0.350699,null,0.174542,null,null
-0.245688,null,null,-0.104183,null
0.00182135,null,null,null,-0.000855004
0.993169,-0.00565112,null,null,null
0.346708,null,0.142549,null,null
-0.261774,null,null,-0.0766354,null
0.00415131,null,null,null,-0.00606079
0.993145,-0.00698569,null,null,null
0.410095,null,0.156702,null,null
-0.285981,null,null,-0.118655,null
0.00242666,null,null,null,-0.00123208
0.993094,-0.000193302,null,null,null
0.439065,null,0.132581,null,null
-0.340145,null,null,-0.205396,null
0.0018047,null,null,null,-0.00311431
0.992827,0.00175024,null,null,null
0.429746,null,0.161095,null,null
-0.245919,null,null,-0.268625,null
0.0052901,null,null,null,-0.00115785
0.992995,0.00111087,null,null,null
0.441075,null,0.14095,null,null
-0.279844,null,null,-0.261779,null
-0.0030788,null,null,null,-0.00408613
0.992921,0.00272267,null,null,null
0.518525,null,0.17125,null,null
-0.34692,null,null,-0.226946,null
-0.000872327,null,null,null,-0.00411132
0.993029,0.000873254,null,null,null
0.469077,null,0.167697,null,null
-0.257155,null,null,-0.202664,null
-0.00188226,null,null,null,-0.00724852
0.993108,0.00434166,null,null,null
0.4814,null,0.188341,null,null
-0.193294,null,null,-0.213084,null
-0.00241528,null,null,null,-0.000233987
0.992958,0.00245419,null,null,null
0.483675,null,0.22377,null,null
-0.203449,null,null,-0.194341,null
-0.00439298,null,null,null,-0.000261002
0.993125,-0.00539648,null,null,null
0.469143,null,0.210476,null,null
-0.196949,null,null,-0.1392,null
0.00133923,null,null,null,0.00208081
0.993179,0.0017857,null,null,null
0.471118,null,0.178969,null,null
-0.183104,null,null,-0.136909,null
0.00135039,null,null,null,0.0020203
0.993199,-0.000288701,null,null,null
0.44937,null,0.116613,null,null
-0.168602,null,null,-0.223615,null
-0.00483989,null,null,null,0.00150975
0.993161,0.00112909,null,null,null
0.456665,null,0.147198,null,null
-0.181756,null,null,-0.210413,null
-0.00374353,null,null,null,-0.0072277
0.993065,-0.0011461,null,null,null
0.439289,null,0.141379,null,null
-0.214298,null,null,-0.188239,null
-0.0055507,null,null,null,0.000923649
0.993141,0.00651644,null,null,null
0.435226,null,0.19446,null,null
-0.261166,null,null,-0.223286,null
0.00094467,null,null,null,-0.00298709
0.993214,0.0047873,null,null,null
0.446018,null,0.0943364,null,null
-0.257572,null,null,-0.271184,null
-0.00312752,null,null,null,-0.00402111
0.993146,0.00832641,null,null,null
0.417403,null,0.124037,null,null
-0.301269,null,null,-0.318544,null
0.00264466,null,null,null,-0.00395462
0.993026,0.00559409,null,null,null
0.416422,null,0.139914,null,null
-0.21674,null,null,-0.33387,null
0.00415896,null,null,null,0.00554063
0.99295,0.00715076,null,null,null
0.366677,null,0.22954,null,null
-0.235531,null,null,-0.352083,null
0.00937489,null,null,null,-0.00040138
0.993088,0.0081326,null,null,null
0.36758,null,0.266086,null,null
-0.249672,null,null,-0.381947,null
0.00365201,null,null,null,0.00324575
0.993025,0.00654775,null,null,null
0.330711,null,0.186215,null,null
-0.146711,null,null,-0.312694,null
0.00544289,null,null,null,-0.0014879
0.993025,0.00654775,null,null,null
0.330711,null,0.186215,null,null
-0.146711,null,null,-0.312694,null
0.00544289,null,null,null,-0.0014879
0.992939,0.0174916,null,null,null
0.365989,null,0.213554,null,null
-0.102038,null,null,-0.323951,null
0.000189537,null,null,null,-0.00718126
0.992939,0.0174916,null,null,null
0.365989,null,0.213554,null,null
-0.102038,null,null,-0.323951,null
0.000189537,null,null,null,-0.00718126
0.992819,0.0154298,null,null,null
0.299311,null,0.206824,null,null
-0.13378,null,null,-0.242551,null
-0.00688467,null,null,null,-0.00388106
0.992779,0.0156016,null,null,null
0.332357,null,0.121242,null,null
-0.176025,null,null,-0.207425,null
-0.00821996,null,null,null,0.000742835
0.992779,0.0156016,null,null,null
0.332357,null,0.121242,null,null
-0.176025,null,null,-0.207425,null
-0.00821996,null,null,null,0.000742835
0.992709,0.0166071,null,null,null
0.351896,null,0.109453,null,null
-0.172489,null,null,-0.227513,null
-0.00468385,null,null,null,0.00147182
0.992749,0.0166952,null,null,null
0.329564,null,0.0997509,null,null
-0.10738,null,null,-0.25964,null
-0.00455516,null,null,null,-0.00778566
0.99292,0.0128357,null,null,null
0.356336,null,0.215087,null,null
-0.0842356,null,null,-0.236776,null
0.00119877,null,null,null,-0.00370229
0.992818,0.0137336,null,null,null
0.330086,null,0.244474,null,null
-0.101979,null,null,-0.257389,null
-0.0039815,null,null,null,-0.00280124
0.992766,0.00912374,null,null,null
0.351265,null,0.19835,null,null
-0.109223,null,null,-0.161731,null
-0.00274491,null,null,null,-0.00141176
0.992904,0.00965069,null,null,null
0.331361,null,0.221691,null,null
-0.124452,null,null,-0.176241,null
-0.00466829,null,null,null,-0.00236464
0.992824,0.013343,null,null,null
0.367639,null,0.221225,null,null
-0.101508,null,null,-0.23145,null
-0.000824199,null,null,null,0.00171046
0.992794,0.0196265,null,null,null
0.32988,null,0.1775,null,null
-0.125035,null,null,-0.15128,null
-0.00209422,null,null,null,0.000775272
0.992603,0.0204734,null,null,null
0.332534,null,0.159716,null,null
-0.081451,null,null,-0.188163,null
-0.00563076,null,null,null,-0.000241431
0.992726,0.0192259,null,null,null
0.270742,null,0.181501,null,null
-0.0775031,null,null,-0.157787,null
-0.000493566,null,null,null,-0.00315283
0.992653,0.024515,null,null,null
0.270444,null,0.127977,null,null
-0.108167,null,null,-0.164835,null
-0.000181485,null,null,null,0.00204331
0.992556,0.021552,null,null,null
0.24721,null,0.158269,null,null
-0.127835,null,null,-0.190179,null
-0.00130166,null,null,null,0.00325703
0.992611,0.0260704,null,null,null
0.247836,null,0.202613,null,null
-0.110785,null,null,-0.124112,null
-0.000394771,null,null,null,0.00268696
0.992683,0.0280617,null,null,null
0.226175,null,0.1946,null,null
-0.119065,null,null,-0.100695,null
-0.000555836,null,null,null,-0.0057096
0.99284,0.0150195,null,null,null
0.223621,null,0.156485,null,null
-0.0526776,null,null,-0.11039,null
-0.00797735,null,null,null,-0.00061926
0.992734,0.0103952,null,null,null
0.223581,null,0.190183,null,null
-0.082201,null,null,-0.118655,null
-0.00345116,null,null,null,-0.00296729
0.992919,0.0103465,null,null,null
0.191002,null,0.256959,null,null
-0.0947155,null,null,-0.0501946,null
0.000571024,null,null,null,-0.00244395
0.992892,0.00147712,null,null,null
0.184968,null,0.24356,null,null
-0.0777959,null,null,-0.0925429,null
-0.0025037,null,null,null,-0.00224647
0.992892,0.00147712,null,null,null
0.184968,null,0.24356,null,null
-0.0777959,null,null,-0.0925429,null
-0.0025037,null,null,null,-0.00224647
0.992968,0.00322366,null,null,null
0.192981,null,0.191159,null,null
-0.0904738,null,null,-0.120097,null
-0.00244515,null,null,null,0.0018215
0.993023,0.00438233,null,null,null
0.235614,null,0.239186,null,null
0.0127921,null,null,-0.0846463,null
-0.00474513,null,null,null,0.00233075
0.993023,0.00438233,null,null,null
0.235614,null,0.239186,null,null
0.0127921,null,null,-0.0846463,null
-0.00474513,null,null,null,0.00233075
0.993162,-0.000599817,null,null,null
0.191234,null,0.17535,null,null
-0.00262117,null,null,-0.116978,null
-0.00266132,null,null,null,0.00134358
0.993061,-0.00695904,null,null,null
0.187917,null,0.177014,null,null
-0.0225603,null,null,-0.141324,null
-0.000309554,null,null,null,0.00106128
0.993026,-0.00560728,null,null,null
0.213399,null,0.206689,null,null
-0.0423786,null,null,-0.0998051,null
-0.000603344,null,null,null,-0.00414941
0.993056,0.0018702,null,null,null
0.178553,null,0.213566,null,null
-0.00578685,null,null,-0.0949057,null
0.00517203,null,null,null,0.000946484
0.99316,0.000882233,null,null,null
0.181669,null,0.23259,null,null
-0.0399637,null,null,-0.0944174,null
0.00634674,null,null,null,0.00364983
0.993205,0.00608598,null,null,null
0.18187,null,0.195793,null,null
0.0169295,null,null,-0.090987,null
0.000640762,null,null,null,0.00872824
0.993205,0.00608598,null,null,null
0.18187,null,0.195793,null,null
0.0169295,null,null,-0.090987,null
0.000640762,null,null,null,0.00872824
0.993175,0.0102436,null,null,null
0.270565,null,0.2393,null,null
0.0871545,null,null,-0.0986391,null
-0.00144057,null,null,null,0.00579282
0.993401,0.00168354,null,null,null
0.222729,null,0.236288,null,null
0.0461688,null,null,-0.095074,null
-0.00461197,null,null,null,0.00168466
0.993401,0.00168354,null,null,null
0.222729,null,0.236288,null,null
0.0461688,null,null,-0.095074,null
-0.00461197,null,null,null,0.00168466
0.993394,3.07162e-05,null,null,null
0.205051,null,0.285194,null,null
-0.0504143,null,null,-0.108794,null
0.0036279,null,null,null,-0.00312564
0.993256,-0.000469965,null,null,null
0.145939,null,0.274295,null,null
-0.041648,null,null,-0.120533,null
0.00389677,null,null,null,-0.00546148
0.993216,-0.00208541,null,null,null
0.150033,null,0.345949,null,null
-0.0750366,null,null,-0.126955,null
-0.00286412,null,null,null,-0.00246006
0.993254,0.00766434,null,null,null
0.166579,null,0.342595,null,null
-0.0404547,null,null,-0.146085,null
0.00691769,null,null,null,-0.000439322
0.993254,0.00766434,null,null,null
0.166579,null,0.342595,null,null
-0.0404547,null,null,-0.146085,null
0.00691769,null,null,null,-0.000439322
0.993254,0.00766434,null,null,null
0.166579,null,0.342595,null,null
-0.0404547,null,null,-0.146085,null
0.00691769,null,null,null,-0.000439322
0.993151,0.00515859,null,null,null
0.130433,null,0.238034,null,null
-0.0277831,null,null,-0.0245904,null
0.0080974,null,null,null,0.00417782
0.99307,0.00284751,null,null,null
0.13305,null,0.231814,null,null
-0.0718316,null,null,-0.103736,null
1.24524e-05,null,null,null,0.000366387
0.993046,0.0120395,null,null,null
0.15314,null,0.197414,null,null
-0.071097,null,null,-0.0534524,null
-0.00354504,null,null,null,0.000447736
0.993046,0.0120395,null,null,null
0.15314,null,0.197414,null,null
-0.071097,null,null,-0.0534524,null
-0.00354504,null,null,null,0.000447736
0.992945,0.0137245,null,null,null
0.156754,null,0.208176,null,null
-0.0822112,null,null,-0.103853,null
-0.00390325,null,null,null,0.00105858
0.99306,0.00845471,null,null,null
0.1281,null,0.243131,null,null
-0.0858299,null,null,-0.0366001,null
0.00493294,null,null,null,0.000613249
0.992961,0.00532538,null,null,null
0.0507976,null,0.225836,null,null
0.0027333,null,null,-0.0991604,null
0.00298034,null,null,null,0.00223661
0.992961,0.00532538,null,null,null
0.0507976,null,0.225836,null,null
0.0027333,null,null,-0.0991604,null
0.00298034,null,null,null,0.00223661
0.993019,0.00749797,null,null,null
0.0197424,null,0.168481,null,null
0.0519945,null,null,-0.107861,null
0.00209319,null,null,null,-0.000222163
0.992954,0.0116229,null,null,null
0.0270088,null,0.173695,null,null
0.0780205,null,null,-0.0308252,null
-0.0024262,null,null,null,0.00851995
0.992949,0.00752036,null,null,null
0.0402696,null,0.161676,null,null
0.0782797,null,null,-0.0979557,null
-0.00177158,null,null,null,0.00384374
0.99289,0.0119286,null,null,null
-0.0122248,null,0.181872,null,null
0.0921924,null,null,-0.107377,null
0.00013826,null,null,null,0.00237704
0.992757,0.0164074,null,null,null
0.0316431,null,0.142896,null,null
0.0686194,null,null,-0.160754,null
0.001117,null,null,null,-0.000321787
0.992757,0.0164074,null,null,null
0.0316431,null,0.142896,null,null
0.0686194,null,null,-0.160754,null
0.001117,null,null,null,-0.000321787
0.99286,0.012726,null,null,null
0.00630871,null,0.189225,null,null
0.0553504,null,null,-0.158604,null
-0.00197197,null,null,null,0.00337579
0.99286,0.012726,null,null,null
0.00630871,null,0.189225,null,null
0.0553504,null,null,-0.158604,null
-0.00197197,null,null,null,0.00337579
0.99286,0.012726,null,null,null
0.00630871,null,0.189225,null,null
0.0553504,null,null,-0.158604,null
-0.00197197,null,null,null,0.00337579
0.992864,0.016607,null,null,null
-0.03291,null,0.210751,null,null
0.0162456,null,null,-0.119259,null
-0.00319151,null,null,null,0.00573355
0.992861,0.0103524,null,null,null
0.00579686,null,0.137265,null,null
0.0222663,null,null,-0.101417,null
-0.00507276,null,null,null,0.00288864
0.99284,0.0084254,null,null,null
-0.0124645,null,0.118535,null,null
0.0505357,null,null,-0.0576461,null
-0.00484416,null,null,null,3.98472e-05
0.99284,0.0084254,null,null,null
-0.0124645,null,0.118535,null,null
0.0505357,null,null,-0.0576461,null
-0.00484416,null,null,null,3.98472e-05
0.992805,0.0107946,null,null,null
0.08059,null,0.13129,null,null
0.168456,null,null,-0.0739485,null
-0.00262379,null,null,null,-0.0018887
0.992905,0.00716774,null,null,null
0.09395,null,0.13095,null,null
0.154168,null,null,-0.00757866,null
-0.00914667,null,null,null,-0.003848
0.992861,0.00501243,null,null,null
-0.00122947,null,0.159471,null,null
0.189718,null,null,-0.0252149,null
-0.0038947,null,null,null,-0.00381151
0.992965,0.00610186,null,null,null
0.0201839,null,0.127771,null,null
0.198914,null,null,0.0514765,null
-0.00721455,null,null,null,-0.00296126
0.99288,0.00855301,null,null,null
0.0327591,null,0.10936,null,null
0.212067,null,null,0.0328982,null
-0.00391036,null,null,null,-0.000991912
0.99288,0.00855301,null,null,null
0.0327591,null,0.10936,null,null
0.212067,null,null,0.0328982,null
-0.00391036,null,null,null,-0.000991912
0.992842,0.00885036,null,null,null
-0.0491935,null,0.109239,null,null
0.220794,null,null,0.00460459,null
-0.00345732,null,null,null,0.00260407
0.992842,0.00885036,null,null,null
-0.0491935,null,0.109239,null,null
0.220794,null,null,0.00460459,null
-0.00345732,null,null,null,0.00260407
0.992871,0.00728668,null,null,null
0.0405296,null,0.145011,null,null
0.149239,null,null,0.01267,null
0.00275189,null,null,null,0.000997949
0.992892,0.00544772,null,null,null
0.00747165,null,0.112775,null,null
0.133958,null,null,0.0869252,null
-0.00410979,null,null,null,-0.00430781
0.992812,0.00515816,null,null,null
0.0512115,null,0.125862,null,null
0.136947,null,null,0.0787939,null
-0.00297086,null,null,null,-0.00312134
0.992777,0.00585159,null,null,null
0.0289601,null,0.165148,null,null
0.282668,null,null,0.0897916,null
0.00087582,null,null,null,-0.00481536
0.992703,0.004803,null,null,null
-0.0212909,null,0.111823,null,null
0.216897,null,null,0.0575698,null
-0.00218364,null,null,null,-0.00475853
0.992703,0.004803,null,null,null
-0.0212909,null,0.111823,null,null
0.216897,null,null,0.0575698,null
-0.00218364,null,null,null,-0.00475853
0.992653,0.00299805,null,null,null
0.00273415,null,0.0976662,null,null
0.277531,null,null,0.0253594,null
-0.00460041,null,null,null,-0.00127409
0.992815,0.00223009,null,null,null
-0.0423419,null,0.11479,null,null
0.307661,null,null,0.028588,null
0.00123272,null,null,null,-0.00607472
0.992896,0.0076399,null,null,null
0.0448565,null,0.119165,null,null
0.329466,null,null,0.0928947,null
-0.00103539,null,null,null,-0.0046222
0.992806,0.00939891,null,null,null
0.0298085,null,0.0887224,null,null
0.291435,null,null,0.139118,null
-0.00407006,null,null,null,0.000464871
0.992806,0.00939891,null,null,null
0.0298085,null,0.0887224,null,null
0.291435,null,null,0.139118,null
-0.00407006,null,null,null,0.000464871
0.992766,0.0105986,null,null,null
0.0500051,null,0.074224,null,null
0.299428,null,null,0.108695,null
-0.00335889,null,null,null,-0.00217734
0.992961,0.00727559,null,null,null
0.0360361,null,0.010656,null,null
0.290806,null,null,0.138112,null
-0.0025146,null,null,null,-0.00013058
0.993053,0.00707679,null,null,null
0.0676314,null,0.0393667,null,null
0.19817,null,null,0.136403,null
0.000995781,null,null,null,-0.00122136
0.993053,0.00707679,null,null,null
0.0676314,null,0.0393667,null,null
0.19817,null,null,0.136403,null
0.000995781,null,null,null,-0.00122136
0.993053,0.00707679,null,null,null
0.0676314,null,0.0393667,null,null
0.19817,null,null,0.136403,null
0.000995781,null,null,null,-0.00122136
0.993025,0.00118641,null,null,null
0.0695343,null,0.0329624,null,null
0.234242,null,null,0.083404,null
-0.0103741,null,null,null,-0.00555871
0.992864,0.00352469,null,null,null
0.0899481,null,0.0705985,null,null
0.191055,null,null,0.0299899,null
-0.00509289,null,null,null,-0.00188883
0.992864,0.00352469,null,null,null
0.0899481,null,0.0705985,null,null
0.191055,null,null,0.0299899,null
-0.00509289,null,null,null,-0.00188883
0.99287,0.0026999,null,null,null
0.106809,null,0.0521314,null,null
0.244517,null,null,0.144196,null
-0.0047646,null,null,null,-0.00333454
0.992805,0.00154731,null,null,null
0.0158753,null,0.125585,null,null
0.213677,null,null,0.0876943,null
0.00219314,null,null,null,-0.00446931
0.992839,0.00747564,null,null,null
0.0741786,null,0.136527,null,null
0.197733,null,null,0.0650528,null
0.00248562,null,null,null,0.00431048
0.992765,0.00757755,null,null,null
0.0175689,null,0.112125,null,null
0.179665,null,null,0.0370151,null
-0.00211041,null,null,null,-0.000919358
0.992765,0.00757755,null,null,null
0.0175689,null,0.112125,null,null
0.179665,null,null,0.0370151,null
-0.00211041,null,null,null,-0.000919358
0.992921,-0.00104888,null,null,null
0.0745163,null,0.10679,null,null
0.163529,null,null,0.0251891,null
-0.00426651,null,null,null,0.00653007
0.992876,0.000538833,null,null,null
0.030941,null,0.0446564,null,null
0.174729,null,null,0.054467,null
-0.00353404,null,null,null,0.000961247
0.992819,-0.00125551,null,null,null
0.0915091,null,0.0680245,null,null
0.1487,null,null,0.0319388,null
0.000498388,null,null,null,0.00402256
0.992821,-0.00549557,null,null,null
0.067213,null,0.0926562,null,null
0.158818,null,null,0.0727535,null
-0.00181105,null,null,null,0.00113572
0.99286,-0.00114525,null,null,null
0.0808105,null,0.0397274,null,null
0.124175,null,null,0.0960729,null
-0.00162391,null,null,null,-0.000901915
0.992764,-0.00376939,null,null,null
0.0345296,null,0.132538,null,null
0.106561,null,null,0.0330879,null
0.000728948,null,null,null,0.00625564
0.992927,-0.00412679,null,null,null
0.167216,null,0.140659,null,null
0.103827,null,null,0.0303056,null
0.00274481,null,null,null,0.00594945
0.992921,-0.000439056,null,null,null
0.151294,null,0.0975671,null,null
0.0152327,null,null,0.00489209,null
0.000138364,null,null,null,0.000151601
0.993045,0.00125046,null,null,null
0.10041,null,0.0803985,null,null
0.111328,null,null,0.0486946,null
0.000286695,null,null,null,-0.00031986
0.993045,0.00125046,null,null,null
0.10041,null,0.0803985,null,null
0.111328,null,null,0.0486946,null
0.000286695,null,null,null,-0.00031986
0.993045,0.00125046,null,null,null
0.10041,null,0.0803985,null,null
0.111328,null,null,0.0486946,null
0.000286695,null,null,null,-0.00031986
0.992954,-0.00323232,null,null,null
0.107866,null,0.0724937,null,null
0.117444,null,null,0.0621698,null
-0.000336928,null,null,null,-0.00215665
0.993053,0.00243534,null,null,null
0.0766467,null,0.090268,null,null
0.0485209,null,null,0.0534045,null
-0.00305814,null,null,null,0.00739139
0.993053,0.00243534,null,null,null
0.0766467,null,0.090268,null,null
0.0485209,null,null,0.0534045,null
-0.00305814,null,null,null,0.00739139
0.99298,0.00571017,null,null,null
0.125667,null,0.0706089,null,null
0.0587157,null,null,0.0471844,null
0.00344514,null,null,null,0.00692154
0.992985,0.0095946,null,null,null
0.0889675,null,0.0462536,null,null
0.0688301,null,null,-0.013997,null
-4.80633e-05,null,null,null,0.00142565
0.992941,0.00863744,null,null,null
0.102213,null,-0.0199624,null,null
0.12093,null,null,-0.0274491,null
0.00126054,null,null,null,-0.00106353
0.992942,0.015054,null,null,null
0.108433,null,-0.097041,null,null
0.144182,null,null,-0.0141874,null
0.000928344,null,null,null,-0.000593207
0.992942,0.015054,null,null,null
0.108433,null,-0.097041,null,null
0.144182,null,null,-0.0141874,null
0.000928344,null,null,null,-0.000593207
0.992921,0.0184676,null,null,null
0.129395,null,-0.0963744,null,null
0.0949948,null,null,-0.0276679,null
-0.000929737,null,null,null,0.00192993
0.992823,0.0220054,null,null,null
0.195855,null,-0.0767764,null,null
0.0600718,null,null,-0.0102509,null
0.00747825,null,null,null,0.00882231
0.992592,0.0274458,null,null,null
0.177833,null,-0.0109523,null,null
0.0815074,null,null,-0.00727518,null
-0.00164359,null,null,null,0.0058626
0.992237,0.031264,null,null,null
0.11474,null,0.00725633,null,null
0.178639,null,null,0.0393856,null
-0.00071815,null,null,null,0.00109813
0.99243,0.0303171,null,null,null
0.0547331,null,0.0425324,null,null
0.215473,null,null,0.0362715,null
-0.00663172,null,null,null,0.00303317
0.99243,0.0303171,null,null,null
0.0547331,null,0.0425324,null,null
0.215473,null,null,0.0362715,null
-0.00663172,null,null,null,0.00303317
0.992124,0.0340165,null,null,null
0.0977104,null,0.0330221,null,null
0.212533,null,null,0.0659905,null
-0.00187286,null,null,null,9.698e-05
0.992351,0.0324205,null,null,null
0.0859264,null,0.0141624,null,null
0.23045,null,null,-0.0342535,null
-0.00136287,null,null,null,-0.00172494
0.992379,0.0272688,null,null,null
0.0930584,null,-0.0407195,null,null
0.24031,null,null,-0.0293608,null
0.000605173,null,null,null,-0.00309791
0.992379,0.0272688,null,null,null
0.0930584,null,-0.0407195,null,null
0.24031,null,null,-0.0293608,null
0.000605173,null,null,null,-0.00309791
0.992687,0.0266775,null,null,null
0.153241,null,-0.0533822,null,null
0.217621,null,null,-0.053479,null
0.000765586,null,null,null,-0.00865837
0.992923,0.0261294,null,null,null
0.137364,null,-0.0752749,null,null
0.234746,null,null,-0.147621,null
0.000475962,null,null,null,0.00329233
0.992923,0.0261294,null,null,null
0.137364,null,-0.0752749,null,null
0.234746,null,null,-0.147621,null
0.000475962,null,null,null,0.00329233
0.992676,0.0297311,null,null,null
0.0982477,null,-0.0788905,null,null
0.254698,null,null,-0.112765,null
-0.00254019,null,null,null,0.00292618
0.99269,0.0330701,null,null,null
0.0893215,null,-0.122066,null,null
0.155846,null,null,-0.0699297,null
-0.003165,null,null,null,0.000307211
0.992487,0.0347705,null,null,null
0.0814398,null,-0.14181,null,null
0.109348,null,null,-0.0955834,null
-0.00103229,null,null,null,0.00241361
0.992486,0.0341416,null,null,null
0.13964,null,-0.159116,null,null
0.135574,null,null,-0.172724,null
-0.00397875,null,null,null,0.000965137
0.992394,0.0340948,null,null,null
0.12413,null,-0.135346,null,null
0.124994,null,null,-0.127614,null
0.00406229,null,null,null,-0.00021697
0.992501,0.031764,null,null,null
0.164909,null,-0.0804416,null,null
0.158879,null,null,-0.101383,null
-0.000959469,null,null,null,0.00154174
0.992402,0.0370309,null,null,null
0.15971,null,-0.138944,null,null
0.16988,null,null,-0.0655122,null
0.00179381,null,null,null,0.000962595
0.992402,0.0370309,null,null,null
0.15971,null,-0.138944,null,null
0.16988,null,null,-0.0655122,null
0.00179381,null,null,null,0.000962595
0.992749,0.0335345,null,null,null
0.0967347,null,-0.103293,null,null
0.146119,null,null,-0.105582,null
0.00108895,null,null,null,0.00241776
0.992749,0.0335345,null,null,null
0.0967347,null,-0.103293,null,null
0.146119,null,null,-0.105582,null
0.00108895,null,null,null,0.00241776
0.992749,0.0335345,null,null,null
0.0967347,null,-0.103293,null,null
0.146119,null,null,-0.105582,null
0.00108895,null,null,null,0.00241776
0.992571,0.0362921,null,null,null
0.173214,null,-0.0500819,null,null
0.13006,null,null,-0.09492,null
0.000282519,null,null,null,-0.0023407
0.99259,0.0336333,null,null,null
0.181633,null,-0.0498499,null,null
0.156972,null,null,-0.0920729,null
-0.00161139,null,null,null,0.000865359
0.992519,0.034295,null,null,null
0.174124,null,-0.099953,null,null
0.170789,null,null,-0.178264,null
-0.00140537,null,null,null,0.00234872
0.99256,0.0318689,null,null,null
0.225405,null,-0.131452,null,null
0.165014,null,null,-0.18377,null
-0.0011299,null,null,null,0.00183257
0.992606,0.0316432,null,null,null
0.304526,null,-0.0929951,null,null
0.220034,null,null,-0.183994,null
0.00385216,null,null,null,-0.0003865
0.9928,0.0281038,null,null,null
0.224857,null,-0.0366269,null,null
0.243218,null,null,-0.175033,null
-0.0053554,null,null,null,0.00127919
0.992926,0.025663,null,null,null
0.284881,null,-0.0786807,null,null
0.297776,null,null,-0.19079,null
-0.00576426,null,null,null,0.000165748
0.992866,0.0245741,null,null,null
0.275125,null,-0.105354,null,null
0.181529,null,null,-0.218686,null
-0.0019752,null,null,null,-0.0029453
0.992842,0.0195178,null,null,null
0.268851,null,-0.075794,null,null
0.171949,null,null,-0.233814,null
-0.00895107,null,null,null,-0.000403415
0.992958,0.0124944,null,null,null
0.309504,null,-0.0603807,null,null
0.192346,null,null,-0.25822,null
-0.00401745,null,null,null,0.000457928
0.993086,0.00901152,null,null,null
0.235728,null,-0.138958,null,null
0.195159,null,null,-0.234627,null
-0.00482898,null,null,null,0.00676776
0.993166,0.00915436,null,null,null
0.223875,null,-0.178761,null,null
0.232415,null,null,-0.231582,null
0.0019346,null,null,null,0.00113253
0.993009,0.00757701,null,null,null
0.216204,null,-0.185571,null,null
0.228091,null,null,-0.245393,null
0.000155355,null,null,null,-0.00357846
0.993009,0.00757701,null,null,null
0.216204,null,-0.185571,null,null
0.228091,null,null,-0.245393,null
0.000155355,null,null,null,-0.00357846
0.992986,0.0026401,null,null,null
0.23439,null,-0.202311,null,null
0.204464,null,null,-0.154121,null
0.00510118,null,null,null,0.00384934
0.992935,0.00567573,null,null,null
0.258795,null,-0.168606,null,null
0.22431,null,null,-0.186409,null
0.00135404,null,null,null,0.00202483
0.992946,0.00833484,null,null,null
0.292762,null,-0.128518,null,null
0.206719,null,null,-0.233377,null
0.00107639,null,null,null,-0.000201563
0.992946,0.00833484,null,null,null
0.292762,null,-0.128518,null,null
0.206719,null,null,-0.233377,null
0.00107639,null,null,null,-0.000201563
0.992845,0.00956728,null,null,null
0.32216,null,-0.160726,null,null
0.21523,null,null,-0.231917,null
0.000590519,null,null,null,-0.00470688
0.992845,0.00956728,null,null,null
0.32216,null,-0.160726,null,null
0.21523,null,null,-0.231917,null
0.000590519,null,null,null,-0.00470688
0.992845,0.00956728,null,null,null
0.32216,null,-0.160726,null,null
0.21523,null,null,-0.231917,null
0.000590519,null,null,null,-0.00470688
0.992939,0.00823899,null,null,null
0.272454,null,-0.182055,null,null
0.208267,null,null,-0.300381,null
-0.00343959,null,null,null,-0.00389252
0.992939,0.00823899,null,null,null
0.272454,null,-0.182055,null,null
0.208267,null,null,-0.300381,null
-0.00343959,null,null,null,-0.00389252
0.992939,0.00823899,null,null,null
0.272454,null,-0.182055,null,null
0.208267,null,null,-0.300381,null
-0.00343959,null,null,null,-0.00389252
0.993025,0.00870238,null,null,null
0.226884,null,-0.139747,null,null
0.142462,null,null,-0.295527,null
-0.00303894,null,null,null,-0.00580091
0.993025,0.0055719,null,null,null
0.218195,null,-0.0858549,null,null
0.194231,null,null,-0.211876,null
-0.00586476,null,null,null,-0.00473204
0.993058,0.00519225,null,null,null
0.204327,null,-0.0990474,null,null
0.279585,null,null,-0.256685,null
-0.00238881,null,null,null,-0.00535454
0.992982,0.0060171,null,null,null
0.239271,null,-0.147437,null,null
0.322791,null,null,-0.155185,null
0.00474549,null,null,null,-0.0014087
0.992982,0.0060171,null,null,null
0.239271,null,-0.147437,null,null
0.322791,null,null,-0.155185,null
0.00474549,null,null,null,-0.0014087
0.993039,0.00171268,null,null,null
0.284372,null,-0.166575,null,null
0.32045,null,null,-0.114455,null
-0.00203819,null,null,null,0.0006533
0.992989,0.00205184,null,null,null
0.318646,null,-0.164868,null,null
0.272952,null,null,-0.139929,null
-0.00534694,null,null,null,0.00023872
0.993014,-0.00224786,null,null,null
0.275734,null,-0.132815,null,null
0.269164,null,null,-0.104384,null
-0.00232518,null,null,null,-0.00744065
0.993073,-0.00167685,null,null,null
0.29109,null,-0.20519,null,null
0.308314,null,null,-0.166786,null
-0.0025428,null,null,null,-0.00371651
0.99321,-0.0102318,null,null,null
0.296341,null,-0.211404,null,null
0.313165,null,null,-0.0982433,null
0.00238286,null,null,null,-0.0040323
0.993179,-0.00787251,null,null,null
0.398264,null,-0.160924,null,null
0.40108,null,null,-0.0660695,null
0.00216546,null,null,null,0.000282305
0.993176,-0.00869379,null,null,null
0.283165,null,-0.169904,null,null
0.325721,null,null,-0.0326659,null
0.0038501,null,null,null,0.00390014
0.993223,-0.00330518,null,null,null
0.365091,null,-0.164765,null,null
0.367624,null,null,-0.053321,null
0.010014,null,null,null,0.00645824
0.993086,-0.00232909,null,null,null
0.36121,null,-0.209482,null,null
0.336431,null,null,0.0720748,null
0.0060275,null,null,null,-0.000600589
0.993044,-0.00324769,null,null,null
0.320436,null,-0.263493,null,null
0.353237,null,null,0.080081,null
0.0061061,null,null,null,-0.00301521
0.99306,-0.00512139,null,null,null
0.331948,null,-0.244212,null,null
0.377745,null,null,0.032937,null
-0.00145015,null,null,null,-0.00354733
0.992942,-0.00430411,null,null,null
0.287169,null,-0.191309,null,null
0.386755,null,null,0.0707894,null
0.000550854,null,null,null,-0.000256491
0.993053,-0.00102011,null,null,null
0.331061,null,-0.225539,null,null
0.444734,null,null,0.0280742,null
-0.00157256,null,null,null,-0.00143871
0.993116,0.000906607,null,null,null
0.394309,null,-0.214762,null,null
0.404502,null,null,0.0291012,null
-0.000353149,null,null,null,-0.00841048
0.993046,0.0037032,null,null,null
0.319146,null,-0.265666,null,null
0.463865,null,null,0.0540614,null
-0.000378461,null,null,null,0.00127255
0.992961,-0.00601488,null,null,null
0.307521,null,-0.208924,null,null
0.424085,null,null,0.0223614,null
0.00413661,null,null,null,0.00595335
0.993014,-0.0014845,null,null,null
0.32217,null,-0.20798,null,null
0.43719,null,null,-0.014784,null
-0.000781744,null,null,null,0.00529669
0.993014,-0.0014845,null,null,null
0.32217,null,-0.20798,null,null
0.43719,null,null,-0.014784,null
-0.000781744,null,null,null,0.00529669
0.992862,-0.000262234,null,null,null
0.332095,null,-0.250541,null,null
0.409824,null,null,0.0307193,null
0.0027322,null,null,null,0.00559223
0.992964,-0.000249694,null,null,null
0.359963,null,-0.290081,null,null
0.398575,null,null,0.0539101,null
-0.00193631,null,null,null,0.00544287
0.992951,-0.0015288,null,null,null
0.330002,null,-0.255242,null,null
0.380068,null,null,0.0162522,null
-0.00375,null,null,null,0.00023689
0.992925,0.000648406,null,null,null
0.284174,null,-0.286316,null,null
0.407704,null,null,-0.0311736,null
-0.00295561,null,null,null,-0.00515501
0.992925,0.000648406,null,null,null
0.284174,null,-0.286316,null,null
0.407704,null,null,-0.0311736,null
-0.00295561,null,null,null,-0.00515501
0.992995,-0.00400964,null,null,null
0.253495,null,-0.346805,null,null
0.410644,null,null,-0.036578,null
-0.000338541,null,null,null,-0.00335729
0.992945,-0.010064,null,null,null
0.207726,null,-0.337926,null,null
0.366102,null,null,-0.0712729,null
0.00479806,null,null,null,0.000530855
0.993023,-0.00711668,null,null,null
0.156525,null,-0.301951,null,null
0.3398,null,null,-0.0771766,null
0.00514164,null,null,null,-0.00648031
0.99305,-0.00775589,null,null,null
0.162109,null,-0.339628,null,null
0.361481,null,null,-0.087687,null
-0.00357683,null,null,null,0.00167862
0.993039,-0.00836644,null,null,null
0.1606,null,-0.36383,null,null
0.397046,null,null,-0.0727626,null
-0.00456791,null,null,null,0.00294625
0.993039,-0.00836644,null,null,null
0.1606,null,-0.36383,null,null
0.397046,null,null,-0.0727626,null
-0.00456791,null,null,null,0.00294625
0.993024,-0.0116077,null,null,null
0.136519,null,-0.279529,null,null
0.389833,null,null,-0.051446,null
-0.000953484,null,null,null,0.00177796
0.99315,-0.0136542,null,null,null
0.0800589,null,-0.275747,null,null
0.330251,null,null,-0.0815069,null
-0.00451579,null,null,null,-0.00237617
0.993141,-0.00759887,null,null,null
0.0574814,null,-0.310504,null,null
0.32719,null,null,-0.0673612,null
-0.00203315,null,null,null,0.000638598
0.992927,-0.0107716,null,null,null
0.0223191,null,-0.286924,null,null
0.435671,null,null,-0.148175,null
-0.0018224,null,null,null,0.000400239
0.992964,-0.00567205,null,null,null
-0.0461629,null,-0.281463,null,null
0.370787,null,null,-0.0842169,null
-0.000468681,null,null,null,-0.000147816
0.992964,-0.00567205,null,null,null
-0.0461629,null,-0.281463,null,null
0.370787,null,null,-0.0842169,null
-0.000468681,null,null,null,-0.000147816
0.992934,-0.00820237,null,null,null
0.0362818,null,-0.267883,null,null
0.292464,null,null,-0.0558894,null
0.000116245,null,null,null,0.000719064
0.992946,-0.00696889,null,null,null
0.0642389,null,-0.26696,null,null
0.340898,null,null,-0.113533,null
0.000243464,null,null,null,0.000990504
0.993011,-0.00637455,null,null,null
0.0258207,null,-0.283325,null,null
0.314711,null,null,-0.158858,null
0.0021491,null,null,null,0.00117315
0.993069,-0.00883706,null,null,null
0.00482064,null,-0.318653,null,null
0.234001,null,null,-0.161459,null
-0.000144426,null,null,null,-0.00331651
0.993223,-0.00452331,null,null,null
0.0129741,null,-0.326497,null,null
0.176895,null,null,-0.151564,null
-0.00302978,null,null,null,-0.00198121
0.993223,-0.00452331,null,null,null
0.0129741,null,-0.326497,null,null
0.176895,null,null,-0.151564,null
-0.00302978,null,null,null,-0.00198121
0.993109,-0.00673952,null,null,null
0.0244357,null,-0.302444,null,null
0.159708,null,null,-0.230986,null
-0.00555137,null,null,null,0.00185584
0.99299,-0.00728825,null,null,null
0.00222574,null,-0.224499,null,null
0.106547,null,null,-0.209821,null
0.00131252,null,null,null,0.00565682
0.99299,-0.00728825,null,null,null
0.00222574,null,-0.224499,null,null
0.106547,null,null,-0.209821,null
0.00131252,null,null,null,0.00565682
0.99299,-0.00728825,null,null,null
0.00222574,null,-0.224499,null,null
0.106547,null,null,-0.209821,null
0.00131252,null,null,null,0.00565682
0.993001,-0.0108253,null,null,null
0.0645524,null,-0.276644,null,null
0.151555,null,null,-0.232127,null
-0.00386705,null,null,null,0.00519956
0.993001,-0.0108253,null,null,null
0.0645524,null,-0.276644,null,null
0.151555,null,null,-0.232127,null
-0.00386705,null,null,null,0.00519956
0.993001,-0.0108253,null,null,null
0.0645524,null,-0.276644,null,null
0.151555,null,null,-0.232127,null
-0.00386705,null,null,null,0.00519956
0.993001,-0.0108253,null,null,null
0.0645524,null,-0.276644,null,null
0.151555,null,null,-0.232127,null
-0.00386705,null,null,null,0.00519956
0.99308,-0.00554141,null,null,null
0.0578146,null,-0.229795,null,null
0.111261,null,null,-0.244134,null
-0.00438609,null,null,null,0.00223371
0.992931,-0.00908856,null,null,null
0.0919875,null,-0.248452,null,null
0.100146,null,null,-0.195834,null
-0.00298078,null,null,null,0.000283544
0.992999,-0.010173,null,null,null
0.0535191,null,-0.209411,null,null
0.1123,null,null,-0.176636,null
-0.00535377,null,null,null,-0.00519095
0.993055,-0.0136445,null,null,null
0.0476566,null,-0.266363,null,null
0.118686,null,null,-0.160155,null
-0.00320166,null,null,null,-0.00820709
0.993021,-0.00957556,null,null,null
-0.0076748,null,-0.282869,null,null
0.129279,null,null,-0.193904,null
0.00128553,null,null,null,-0.00427675
0.992905,-0.0126176,null,null,null
0.0109222,null,-0.236953,null,null
0.0858845,null,null,-0.175882,null
0.00110946,null,null,null,-0.00339009
0.993039,-0.0108274,null,null,null
-0.0209866,null,-0.229564,null,null
0.125303,null,null,-0.226314,null
-0.000148175,null,null,null,-0.00159398
0.993039,-0.0108274,null,null,null
-0.0209866,null,-0.229564,null,null
0.125303,null,null,-0.226314,null
-0.000148176,null,null,null,-0.00159398
0.993044,-0.00987473,null,null,null
-0.0303935,null,-0.309764,null,null
0.167777,null,null,-0.165849,null
-0.00382045,null,null,null,0.0010076
0.993,-0.0118675,null,null,null
-0.105402,null,-0.341351,null,null
0.140354,null,null,-0.112603,null
-0.00675874,null,null,null,-0.00169264
0.992918,-0.011637,null,null,null
-0.122151,null,-0.329674,null,null
0.240406,null,null,-0.208125,null
-0.000213029,null,null,null,-0.00529901
0.992974,-0.00550029,null,null,null
-0.112683,null,-0.264189,null,null
0.272719,null,null,-0.21095,null
-0.000709378,null,null,null,-0.000516532
0.992879,-0.00265337,null,null,null
-0.154751,null,-0.320754,null,null
0.278398,null,null,-0.141009,null
-0.00149156,null,null,null,-0.00429338
0.992914,0.00553016,null,null,null
-0.0918255,null,-0.314446,null,null
0.286775,null,null,-0.188608,null
0.00183129,null,null,null,-0.00372419
0.992891,0.014575,null,null,null
-0.112559,null,-0.292096,null,null
0.199455,null,null,-0.202001,null
0.000159731,null,null,null,-0.000833182
0.99274,0.0152899,null,null,null
-0.146712,null,-0.30177,null,null
0.184379,null,null,-0.18093,null
0.00580994,null,null,null,-0.00660288
0.992574,0.020423,null,null,null
-0.0415375,null,-0.243863,null,null
0.227758,null,null,-0.159963,null
0.00464094,null,null,null,-0.00288406
0.992791,0.0185119,null,null,null
-0.0696958,null,-0.228824,null,null
0.200885,null,null,-0.172461,null
0.00521994,null,null,null,0.00192069
0.99269,0.0191636,null,null,null
-0.101095,null,-0.181245,null,null
0.178211,null,null,-0.0665599,null
-0.00268393,null,null,null,0.00057953
0.992753,0.0182425,null,null,null
-0.0481627,null,-0.23183,null,null
0.166939,null,null,-0.117614,null
-0.00570381,null,null,null,0.00146039
0.992753,0.0182425,null,null,null
-0.0481627,null,-0.23183,null,null
0.166939,null,null,-0.117614,null
-0.00570381,null,null,null,0.00146039
0.992799,0.0133451,null,null,null
-0.0372416,null,-0.142662,null,null
0.264861,null,null,-0.0973703,null
-0.00351264,null,null,null,-0.0038476
0.992845,0.0112397,null,null,null
-0.0653367,null,-0.164431,null,null
0.254061,null,null,-0.0594162,null
0.00242054,null,null,null,-0.00354997
0.992857,0.00817444,null,null,null
-0.0543919,null,-0.157569,null,null
0.257227,null,null,-0.0387621,null
-0.0060581,null,null,null,0.00114724
0.992962,0.00311216,null,null,null
-0.0834401,null,-0.186836,null,null
0.200217,null,null,-0.0110675,null
-0.00614965,null,null,null,0.00742678
0.993011,0.00321334,null,null,null
-0.0799134,null,-0.228934,null,null
0.26653,null,null,-0.0454053,null
-0.00506185,null,null,null,0.00139286
0.993011,0.00321334,null,null,null
-0.0799134,null,-0.228934,null,null
0.26653,null,null,-0.0454053,null
-0.00506185,null,null,null,0.00139286
0.993089,-0.000472729,null,null,null
-0.0537275,null,-0.202425,null,null
0.246278,null,null,-0.0505943,null
-0.000309653,null,null,null,0.000628516
0.993079,-0.00300341,null,null,null
-0.0469581,null,-0.174483,null,null
0.196276,null,null,0.00141764,null
-0.0011097,null,null,null,0.00472169
0.993086,0.0032013,null,null,null
-0.076148,null,-0.155493,null,null
0.192364,null,null,0.0611719,null
-9.08429e-05,null,null,null,0.00225858
0.993027,0.013362,null,null,null
-0.0979852,null,-0.170081,null,null
0.093633,null,null,0.0345538,null
0.00302365,null,null,null,0.00106025
0.993114,0.0126201,null,null,null
-0.0875443,null,-0.209921,null,null
0.143246,null,null,-0.013176,null
0.00172433,null,null,null,0.00290954
0.993095,0.0105091,null,null,null
-0.00451116,null,-0.196451,null,null
0.153817,null,null,0.0774315,null
-0.00605591,null,null,null,0.00196108
0.993164,0.0138003,null,null,null
-0.0146252,null,-0.259139,null,null
0.138395,null,null,0.0842046,null
-0.0040664,null,null,null,-0.00163379
0.992827,0.0235265,null,null,null
-0.0898116,null,-0.240361,null,null
0.0617886,null,null,0.019691,null
-0.00338186,null,null,null,0.000821421
0.993049,0.0191099,null,null,null
-0.0258701,null,-0.290648,null,null
0.0940915,null,null,0.0314799,null
0.00163712,null,null,null,0.00475083
0.992845,0.0187593,null,null,null
-0.0571005,null,-0.260503,null,null
0.112754,null,null,0.0409829,null
-0.000489441,null,null,null,0.00192975
0.992845,0.0187593,null,null,null
-0.0571005,null,-0.260503,null,null
0.112754,null,null,0.0409829,null
-0.000489441,null,null,null,0.00192975
0.993071,0.0126991,null,null,null
-0.049413,null,-0.293482,null,null
0.144551,null,null,0.010226,null
0.00256906,null,null,null,0.000715695
0.993015,0.0153977,null,null,null
0.0162714,null,-0.249101,null,null
0.136483,null,null,0.0729618,null
0.00238989,null,null,null,0.00340588
0.993029,0.0111011,null,null,null
-0.00456847,null,-0.290108,null,null
0.143876,null,null,0.0372113,null
0.00337403,null,null,null,-0.000155452
0.993029,0.0111011,null,null,null
-0.00456847,null,-0.290108,null,null
0.143876,null,null,0.0372113,null
0.00337403,null,null,null,-0.000155452
0.992903,0.00840182,null,null,null
-0.0706311,null,-0.329579,null,null
0.134009,null,null,0.0521815,null
-6.0308e-05,null,null,null,0.00015727
0.993008,0.00296491,null,null,null
-0.101879,null,-0.30035,null,null
0.0965399,null,null,-0.00294274,null
0.00306772,null,null,null,-0.000540741
0.992996,0.002902,null,null,null
-0.0285378,null,-0.25217,null,null
0.127906,null,null,0.0619167,null
0.00202115,null,null,null,0.000297456
0.992996,0.00555799,null,null,null
-0.0535057,null,-0.245461,null,null
0.137898,null,null,0.0575415,null
-0.00572016,null,null,null,0.00016994
0.992904,0.00888604,null,null,null
-0.131891,null,-0.252341,null,null
0.168396,null,null,0.0079888,null
-0.00510067,null,null,null,0.00318184
0.993129,0.0077665,null,null,null
-0.23091,null,-0.271172,null,null
0.0898503,null,null,0.00135241,null
-0.00110516,null,null,null,0.00590406
0.993014,0.00601905,null,null,null
-0.200057,null,-0.242418,null,null
0.0430389,null,null,-0.0657799,null
-0.00401615,null,null,null,0.00313223
0.993046,0.0109165,null,null,null
-0.144426,null,-0.178805,null,null
0.0443181,null,null,0.0171761,null
-0.00350865,null,null,null,0.00088287
0.992965,0.00838372,null,null,null
-0.19653,null,-0.171674,null,null
0.0542956,null,null,0.0483447,null
-0.00579609,null,null,null,0.00379097
0.99293,0.0104523,null,null,null
-0.16614,null,-0.170187,null,null
0.0656913,null,null,0.0595241,null
-0.00388795,null,null,null,0.000180345
0.993093,0.00826504,null,null,null
-0.1001,null,-0.210984,null,null
0.0472187,null,null,-0.0179188,null
-0.00139248,null,null,null,0.00307925
0.993093,0.00826504,null,null,null
-0.1001,null,-0.210984,null,null
0.0472187,null,null,-0.0179188,null
-0.00139248,null,null,null,0.00307925
0.993125,0.00244039,null,null,null
-0.166674,null,-0.207976,null,null
0.0791733,null,null,-0.0555,null
0.00187361,null,null,null,0.00202198
0.993125,0.00244039,null,null,null
-0.166674,null,-0.207976,null,null
0.0791733,null,null,-0.0555,null
0.00187361,null,null,null,0.00202198
0.993141,0.00332986,null,null,null
-0.120112,null,-0.2656,null,null
0.0914089,null,null,-0.012838,null
0.000434589,null,null,null,0.00244264
0.993085,0.00573216,null,null,null
-0.0812281,null,-0.269814,null,null
0.0952719,null,null,0.00877003,null
0.00257495,null,null,null,-0.00047058
0.992986,0.0159318,null,null,null
-0.0158986,null,-0.200461,null,null
0.123536,null,null,-0.022461,null
0.00205754,null,null,null,0.0021419
0.992986,0.0159318,null,null,null
-0.0158986,null,-0.200461,null,null
0.123536,null,null,-0.022461,null
0.00205754,null,null,null,0.0021419
0.99298,0.0103475,null,null,null
-0.0179666,null,-0.189929,null,null
0.135464,null,null,-0.0481699,null
-0.00155069,null,null,null,-0.0010334
0.993123,0.0089469,null,null,null
-0.0392071,null,-0.174745,null,null
0.148499,null,null,0.0404029,null
0.0044114,null,null,null,0.000504371
0.993211,0.00857367,null,null,null
0.000870289,null,-0.164827,null,null
0.128014,null,null,0.00570801,null
0.00587751,null,null,null,-0.00441519
0.993211,0.00857367,null,null,null
0.000870289,null,-0.164827,null,null
0.128014,null,null,0.00570801,null
0.00587751,null,null,null,-0.00441519
0.993208,0.00999762,null,null,null
-0.0288435,null,-0.175258,null,null
0.0492594,null,null,0.0052529,null
-0.0061353,null,null,null,-0.00557086
0.993176,0.00907222,null,null,null
-0.0455176,null,-0.206093,null,null
0.0674884,null,null,-0.0294696,null
-0.00453891,null,null,null,-0.00220714
0.993147,0.0114844,null,null,null
-0.0328717,null,-0.223471,null,null
0.042877,null,null,-0.0507181,null
0.00650861,null,null,null,-0.00312746
0.993156,0.0039526,null,null,null
0.00127869,null,-0.258449,null,null
0.0823943,null,null,-0.0233672,null
0.00455835,null,null,null,0.00850755
0.993121,0.000582747,null,null,null
0.080832,null,-0.18721,null,null
0.0332161,null,null,-0.0470213,null
-0.000439351,null,null,null,-0.00126905
0.993121,0.000582747,null,null,null
0.080832,null,-0.18721,null,null
0.0332161,null,null,-0.0470213,null
-0.000439351,null,null,null,-0.00126905
0.9932,-0.000852025,null,null,null
0.0324229,null,-0.219579,null,null
-0.000490735,null,null,0.0687512,null
-0.00279043,null,null,null,0.00137688
0.99307,-0.000319016,null,null,null
0.0406954,null,-0.120287,null,null
-0.0329345,null,null,0.112039,null
0.00295501,null,null,null,0.00076627
0.993016,0.00859798,null,null,null
0.0251115,null,-0.202297,null,null
-0.0817864,null,null,0.0623102,null
0.00234449,null,null,null,-0.00318944
0.993047,0.0082183,null,null,null
0.0129516,null,-0.219796,null,null
-0.0729237,null,null,0.054806,null
0.00440415,null,null,null,0.00367937
0.99307,0.0107052,null,null,null
-0.0340836,null,-0.23354,null,null
0.00669736,null,null,0.10427,null
0.0022423,null,null,null,-0.00173298
0.993193,0.0119663,null,null,null
-0.0797637,null,-0.2168,null,null
0.00175267,null,null,0.0806111,null
-0.000467166,null,null,null,0.0034586
0.993193,0.0119663,null,null,null
-0.0797637,null,-0.2168,null,null
0.00175267,null,null,0.0806111,null
-0.000467166,null,null,null,0.0034586
0.993154,0.0154717,null,null,null
-0.10908,null,-0.237038,null,null
-0.072435,null,null,0.11943,null
0.00378428,null,null,null,-0.000396197
0.993129,0.0110753,null,null,null
-0.0698655,null,-0.280939,null,null
-0.0811321,null,null,0.0674274,null
0.00263992,null,null,null,0.0031558
0.992988,0.00322623,null,null,null
-0.0573166,null,-0.226081,null,null
-0.128991,null,null,0.0666739,null
0.00225547,null,null,null,-0.000607531
0.993086,-0.0031304,null,null,null
-0.0441735,null,-0.247294,null,null
-0.133837,null,null,0.0761091,null
-0.00498019,null,null,null,0.00230319
0.993141,-0.00392382,null,null,null
-0.0424654,null,-0.228174,null,null
-0.0883569,null,null,0.0932203,null
-0.00123383,null,null,null,-0.00317796
0.993273,-0.00581446,null,null,null
-0.0696351,null,-0.335464,null,null
-0.0354025,null,null,0.015533,null
-0.00404641,null,null,null,0.000398546
0.993132,-0.0110451,null,null,null
-0.0535313,null,-0.373771,null,null
-0.0643731,null,null,0.0734175,null
-0.00466438,null,null,null,-0.000116024
0.99294,-0.0116398,null,null,null
-0.116054,null,-0.324799,null,null
-0.120622,null,null,0.0484438,null
-0.00083692,null,null,null,-0.00200446
0.992885,-0.0120272,null,null,null
-0.0168624,null,-0.304386,null,null
-0.111151,null,null,0.106979,null
-0.00473849,null,null,null,0.000167725
0.992999,-0.00961087,null,null,null
-0.0147423,null,-0.342153,null,null
-0.174716,null,null,0.120849,null
0.00245907,null,null,null,-0.00212776
0.993012,-0.0076113,null,null,null
0.0174888,null,-0.339719,null,null
-0.121866,null,null,0.135834,null
-0.00402314,null,null,null,-0.00415147
0.993012,-0.0076113,null,null,null
0.0174888,null,-0.339719,null,null
-0.121866,null,null,0.135834,null
-0.00402314,null,null,null,-0.00415147
0.993044,-0.0134167,null,null,null
0.0123869,null,-0.326299,null,null
-0.093873,null,null,0.122759,null
-0.0012642,null,null,null,0.00117178
0.993139,-0.00937936,null,null,null
0.0208254,null,-0.286006,null,null
-0.103852,null,null,0.124992,null
-0.00143896,null,null,null,-0.00158226
0.993139,-0.00937936,null,null,null
0.0208254,null,-0.286006,null,null
-0.103852,null,null,0.124992,null
-0.00143896,null,null,null,-0.00158226
0.993085,-0.0127329,null,null,null
-0.00883408,null,-0.26038,null,null
-0.112773,null,null,0.115136,null
-0.00106364,null,null,null,-0.00336959
0.992968,-0.0122101,null,null,null
0.0642966,null,-0.238636,null,null
-0.0759327,null,null,0.103278,null
-0.000798476,null,null,null,-0.00359129
0.992941,-0.0137326,null,null,null
0.0710309,null,-0.248976,null,null
0.0236074,null,null,0.0791229,null
-0.00294465,null,null,null,-0.00264809
0.992959,-0.0135121,null,null,null
0.121553,null,-0.184175,null,null
0.0196254,null,null,0.135584,null
0.000941544,null,null,null,-0.00411471
0.992976,-0.0143916,null,null,null
0.0722236,null,-0.221326,null,null
0.0203694,null,null,0.187816,null
-0.000752467,null,null,null,0.00357395
0.992976,-0.0143916,null,null,null
0.0722236,null,-0.221326,null,null
0.0203694,null,null,0.187816,null
-0.000752467,null,null,null,0.00357395
0.992976,-0.0143916,null,null,null
0.0722236,null,-0.221326,null,null
0.0203694,null,null,0.187816,null
-0.000752467,null,null,null,0.00357395
0.993003,-0.0123436,null,null,null
0.00977059,null,-0.146731,null,null
0.029435,null,null,0.161609,null
0.00384432,null,null,null,-0.00197631
0.993077,-0.0171437,null,null,null
0.0252164,null,-0.199569,null,null
0.055248,null,null,0.194729,null
-0.00127756,null,null,null,9.55357e-05
0.992927,-0.0197139,null,null,null
0.0355079,null,-0.159951,null,null
0.0297005,null,null,0.253041,null
0.000737812,null,null,null,0.0019188
0.992927,-0.0197139,null,null,null
0.0355079,null,-0.159951,null,null
0.0297005,null,null,0.253041,null
0.000737812,null,null,null,0.0019188
0.993044,-0.0132639,null,null,null
-0.0326341,null,-0.189596,null,null
-0.0341082,null,null,0.235514,null
0.00249654,null,null,null,0.00314607
0.992918,-0.0193612,null,null,null
-0.0327091,null,-0.139499,null,null
-0.0643195,null,null,0.135186,null
-0.00266669,null,null,null,0.00313128
0.992918,-0.0193612,null,null,null
-0.0327091,null,-0.139499,null,null
-0.0643195,null,null,0.135186,null
-0.00266669,null,null,null,0.00313128
0.99273,-0.0198476,null,null,null
-0.0212615,null,-0.204686,null,null
-0.0888479,null,null,0.177114,null
-0.00423149,null,null,null,0.00714006
0.992915,-0.0171488,null,null,null
-0.0139449,null,-0.214952,null,null
-0.0934556,null,null,0.229694,null
0.000333232,null,null,null,0.00010997
0.992915,-0.0171488,null,null,null
-0.0139449,null,-0.214952,null,null
-0.0934556,null,null,0.229694,null
0.000333232,null,null,null,0.00010997
0.992915,-0.0171488,null,null,null
-0.0139449,null,-0.214952,null,null
-0.0934556,null,null,0.229694,null
0.000333232,null,null,null,0.00010997
0.992915,-0.0171488,null,null,null
-0.0139449,null,-0.214952,null,null
-0.0934556,null,null,0.229694,null
0.000333232,null,null,null,0.00010997
0.993149,-0.0140891,null,null,null
0.00256179,null,-0.207464,null,null
-0.0708618,null,null,0.231989,null
-0.00223135,null,null,null,0.00226525
0.993115,-0.0175111,null,null,null
-0.0147676,null,-0.215196,null,null
-0.108793,null,null,0.206064,null
0.00051635,null,null,null,0.00400199
0.992986,-0.0158754,null,null,null
-0.028265,null,-0.138997,null,null
-0.055327,null,null,0.25996,null
0.00700468,null,null,null,0.000466761
0.992986,-0.0158754,null,null,null
-0.028265,null,-0.138997,null,null
-0.055327,null,null,0.25996,null
0.00700468,null,null,null,0.000466761
0.993039,-0.0121301,null,null,null
0.0407223,null,-0.096134,null,null
-0.0241155,null,null,0.116063,null
0.00417922,null,null,null,-0.00546711
0.993091,-0.0102128,null,null,null
-0.000463116,null,-0.133106,null,null
-0.0549098,null,null,0.161049,null
0.00612645,null,null,null,-0.00519275
0.993005,-0.0142874,null,null,null
-0.0170001,null,-0.144195,null,null
-0.0947069,null,null,0.150481,null
0.000689215,null,null,null,-0.00587178
0.992938,-0.0140136,null,null,null
-0.0089634,null,-0.160552,null,null
-0.0994936,null,null,0.159655,null
0.00195063,null,null,null,0.000124257
0.99293,-0.0167636,null,null,null
-0.00983981,null,-0.165601,null,null
-0.0627874,null,null,0.199818,null
0.0049969,null,null,null,0.0036667
0.992947,-0.0113707,null,null,null
0.0142331,null,-0.163409,null,null
-0.083052,null,null,0.161788,null
0.00350986,null,null,null,0.00829509
0.992816,-0.0128114,null,null,null
0.0542764,null,-0.108193,null,null
-0.0662413,null,null,0.123657,null
0.00146013,null,null,null,0.00592126
0.992796,-0.0149565,null,null,null
0.0167455,null,-0.0888687,null,null
-0.0437589,null,null,0.136019,null
-0.00358236,null,null,null,0.00100611
0.992796,-0.0149565,null,null,null
0.0167455,null,-0.0888687,null,null
-0.0437589,null,null,0.136019,null
-0.00358236,null,null,null,0.00100611
0.993039,-0.0102053,null,null,null
-0.03439,null,-0.0926979,null,null
-0.109338,null,null,0.0647001,null
-0.00164053,null,null,null,0.000830115
0.993224,-0.00943797,null,null,null
-0.00135921,null,-0.123748,null,null
-0.105567,null,null,0.0979547,null
0.00293574,null,null,null,0.00160523
0.993073,-0.0114258,null,null,null
0.00862933,null,-0.16781,null,null
-0.131279,null,null,0.0986497,null
0.00473965,null,null,null,0.00535466
0.99293,-0.010568,null,null,null
-0.0100599,null,-0.139941,null,null
-0.0976562,null,null,0.150425,null
-0.000714421,null,null,null,0.00175255
0.992792,-0.00888326,null,null,null
0.023888,null,-0.145923,null,null
-0.0675974,null,null,0.196217,null
0.00330657,null,null,null,-0.00138072
0.992826,-0.0072492,null,null,null
-0.0418171,null,-0.209427,null,null
-0.0236876,null,null,0.194415,null
0.00708938,null,null,null,-0.000890865
0.992889,-0.0106631,null,null,null
-0.00109727,null,-0.149503,null,null
-0.0666465,null,null,0.185161,null
0.00398941,null,null,null,-0.00679511
0.993079,-0.00890976,null,null,null
0.0467183,null,-0.122992,null,null
-0.0302999,null,null,0.132854,null
0.00689552,null,null,null,0.000878774
0.993023,-0.0128026,null,null,null
0.0143982,null,-0.157695,null,null
0.00325761,null,null,0.139611,null
0.00256133,null,null,null,0.00079606
0.992991,-0.0102023,null,null,null
0.071644,null,-0.126086,null,null
-0.0335826,null,null,0.169349,null
0.00598135,null,null,null,0.00465787
0.992935,-0.0123379,null,null,null
0.0872405,null,-0.104456,null,null
-0.0531364,null,null,0.223431,null
0.0049206,null,null,null,0.00866509
0.993036,-0.0037016,null,null,null
0.0570258,null,-0.024768,null,null
0.0071882,null,null,0.268717,null
-0.00149341,null,null,null,0.0115149
0.993191,-0.000730307,null,null,null
0.134818,null,-0.0372159,null,null
0.039765,null,null,0.255561,null
-0.00273539,null,null,null,0.00642404
0.993155,-0.000990377,null,null,null
0.15487,null,-0.0217036,null,null
0.0927936,null,null,0.227915,null
0.00292671,null,null,null,0.00416679
0.993155,-0.000990377,null,null,null
0.15487,null,-0.0217036,null,null
0.0927936,null,null,0.227915,null
0.00292671,null,null,null,0.00416679
0.993176,0.00128125,null,null,null
0.201381,null,0.0692428,null,null
0.0551571,null,null,0.283957,null
0.00487374,null,null,null,-0.00146415
0.993275,-0.000467711,null,null,null
0.215955,null,0.0810248,null,null
-0.0613414,null,null,0.297275,null
0.00201039,null,null,null,0.0012407
0.993154,0.00658252,null,null,null
0.188901,null,-0.00938707,null,null
-0.0372995,null,null,0.26391,null
0.0011517,null,null,null,0.00432493
0.993154,0.00658252,null,null,null
0.188901,null,-0.00938707,null,null
-0.0372995,null,null,0.26391,null
0.0011517,null,null,null,0.00432493
0.993128,0.00176799,null,null,null
0.154438,null,0.0302299,null,null
-0.0128569,null,null,0.230155,null
-0.00213011,null,null,null,0.000559245
0.993154,0.000590875,null,null,null
0.210979,null,0.0866095,null,null
0.0333936,null,null,0.209204,null
-0.00142159,null,null,null,0.00629554
0.993084,0.000456894,null,null,null
0.195722,null,0.0587589,null,null
-0.0306673,null,null,0.215299,null
-0.00321392,null,null,null,0.00127161
0.993084,0.000456894,null,null,null
0.195722,null,0.0587589,null,null
-0.0306673,null,null,0.215299,null
-0.00321392,null,null,null,0.00127161
0.993026,0.00123011,null,null,null
0.212952,null,0.0343594,null,null
-0.0537349,null,null,0.259286,null
0.000669935,null,null,null,-0.00373065
0.993031,-0.00429343,null,null,null
0.178596,null,0.00993441,null,null
-0.0755513,null,null,0.303029,null
-0.00363066,null,null,null,-0.00133193
0.993031,-0.00295405,null,null,null
0.210021,null,0.0776441,null,null
-0.0422699,null,null,0.255497,null
-0.00465033,null,null,null,0.000259109
0.99313,-0.00550904,null,null,null
0.157227,null,0.0973164,null,null
0.0194682,null,null,0.200326,null
0.000404036,null,null,null,-0.000694852
0.992977,-0.0107611,null,null,null
0.206813,null,0.138657,null,null
0.0255534,null,null,0.250018,null
0.00424672,null,null,null,0.00365423
0.992899,-0.00628583,null,null,null
0.173095,null,0.193711,null,null
-0.0298983,null,null,0.254724,null
0.00486946,null,null,null,0.00222335
0.993012,-0.00937135,null,null,null
0.142399,null,0.236936,null,null
-0.0895495,null,null,0.351375,null
0.00183546,null,null,null,0.00212562
0.993012,-0.00937135,null,null,null
0.142399,null,0.236936,null,null
-0.0895495,null,null,0.351375,null
0.00183546,null,null,null,0.00212562
0.993188,-0.00748313,null,null,null
0.16284,null,0.25987,null,null
-0.0235379,null,null,0.284294,null
-0.00249891,null,null,null,-0.0015615
0.993097,0.000716903,null,null,null
0.158104,null,0.28117,null,null
-0.0161359,null,null,0.241019,null
0.00227179,null,null,null,-0.000195324
0.993005,-0.000808509,null,null,null
0.122911,null,0.190172,null,null
-0.0195051,null,null,0.218156,null
-0.000963139,null,null,null,0.00189091
0.993089,0.00205811,null,null,null
0.167824,null,0.137008,null,null
-0.061582,null,null,0.253686,null
-0.00214435,null,null,null,-0.000111437
0.99317,-0.00356379,null,null,null
0.122143,null,0.169679,null,null
-0.053126,null,null,0.254213,null
-0.000333348,null,null,null,0.000492875
0.993074,-0.00514685,null,null,null
0.108622,null,0.177962,null,null
-0.0597631,null,null,0.264833,null
0.00960034,null,null,null,0.00356973
0.993158,-0.0047048,null,null,null
0.117681,null,0.146072,null,null
-0.0443733,null,null,0.218447,null
0.00485374,null,null,null,0.00476609
0.993141,0.000174791,null,null,null
0.116726,null,0.168204,null,null
-0.054644,null,null,0.203819,null
0.00596081,null,null,null,0.00211589
0.993046,0.00143376,null,null,null
0.107415,null,0.143687,null,null
-0.035305,null,null,0.135373,null
0.00427094,null,null,null,-0.00496849
0.993039,0.000256804,null,null,null
0.0753741,null,0.154307,null,null
-0.0341846,null,null,0.15552,null
0.0046542,null,null,null,-0.00729915
0.993039,0.000256804,null,null,null
0.0753741,null,0.154307,null,null
-0.0341846,null,null,0.15552,null
0.0046542,null,null,null,-0.00729915
0.993039,0.000256804,null,null,null
0.0753741,null,0.154307,null,null
-0.0341846,null,null,0.15552,null
0.0046542,null,null,null,-0.00729915
0.992979,0.00407334,null,null,null
0.0841927,null,0.194244,null,null
0.00972999,null,null,0.192305,null
0.00119129,null,null,null,-0.00483188
0.992979,0.00407334,null,null,null
0.0841927,null,0.194244,null,null
0.00972999,null,null,0.192305,null
0.00119129,null,null,null,-0.00483188
0.993046,0.0024469,null,null,null
0.11682,null,0.219727,null,null
0.0547594,null,null,0.162894,null
0.000589013,null,null,null,-0.00438982
0.992984,0.000299594,null,null,null
0.0688899,null,0.280056,null,null
0.0197199,null,null,0.20097,null
0.00267412,null,null,null,-0.00354479
0.993171,0.00284127,null,null,null
0.0707439,null,0.289794,null,null
-0.00514944,null,null,0.23341,null
0.00336589,null,null,null,-0.00296382
0.993152,0.00300439,null,null,null
0.0149407,null,0.304639,null,null
-0.0182112,null,null,0.223641,null
-0.004047,null,null,null,-0.00263473
0.993335,0.000731269,null,null,null
-0.00736685,null,0.283254,null,null
-0.0203429,null,null,0.210413,null
0.000445162,null,null,null,-7.30772e-05
0.993335,0.000731269,null,null,null
-0.00736685,null,0.283254,null,null
-0.0203429,null,null,0.210413,null
0.000445162,null,null,null,-7.30772e-05
0.99337,-0.00375188,null,null,null
-0.0142346,null,0.196626,null,null
-0.0497326,null,null,0.169159,null
-0.00215226,null,null,null,-0.00201503
0.993282,0.00326104,null,null,null
0.0193889,null,0.210665,null,null
-0.0163783,null,null,0.126965,null
-0.00165689,null,null,null,-0.00397525
0.993174,-0.00105377,null,null,null
0.0270594,null,0.14091,null,null
-0.0554197,null,null,0.110953,null
-0.00312156,null,null,null,-0.00301922
0.993165,0.00275865,null,null,null
0.0195814,null,0.23477,null,null
-0.0678766,null,null,0.093509,null
-0.000315485,null,null,null,0.00314942
0.99316,0.00295836,null,null,null
0.00395836,null,0.21743,null,null
-0.06131,null,null,0.166014,null
-0.000932677,null,null,null,0.00379716
0.993036,0.00191939,null,null,null
-0.0187295,null,0.123105,null,null
-0.0439201,null,null,0.16048,null
-0.00257318,null,null,null,0.000378629
0.993017,0.00581228,null,null,null
0.0142721,null,0.090506,null,null
-0.0442379,null,null,0.104972,null
-0.00172461,null,null,null,-0.000434107
0.992927,0.0112181,null,null,null
0.030185,null,0.0917855,null,null
-0.0773715,null,null,0.109536,null
-0.00452414,null,null,null,0.000883723
0.992938,0.0120348,null,null,null
0.0745496,null,0.0953886,null,null
-0.107168,null,null,0.176391,null
-0.00643005,null,null,null,0.00375465
0.992938,0.0120348,null,null,null
0.0745496,null,0.0953886,null,null
-0.107168,null,null,0.176391,null
-0.00643005,null,null,null,0.00375465
0.99297,0.0107261,null,null,null
0.13392,null,0.13032,null,null
-0.0980394,null,null,0.189655,null
-0.000457532,null,null,null,0.00265577
0.99287,0.010799,null,null,null
0.143564,null,0.154671,null,null
-0.187179,null,null,0.129571,null
-0.00150537,null,null,null,0.00128127
0.992926,0.0109461,null,null,null
0.141235,null,0.186062,null,null
-0.150369,null,null,0.0926929,null
-0.00162446,null,null,null,0.00853447
0.992874,0.0102182,null,null,null
0.106675,null,0.179473,null,null
-0.144711,null,null,0.0880389,null
-0.000644226,null,null,null,0.00772771
0.992854,0.015727,null,null,null
0.114656,null,0.240416,null,null
-0.125189,null,null,0.0552967,null
0.00166676,null,null,null,0.00771235
0.992854,0.015727,null,null,null
0.114656,null,0.240416,null,null
-0.125189,null,null,0.0552967,null
0.00166676,null,null,null,0.00771235
0.992854,0.015727,null,null,null
0.114656,null,0.240416,null,null
-0.125189,null,null,0.0552967,null
0.00166676,null,null,null,0.00771235
0.992926,0.0125282,null,null,null
0.0531208,null,0.169865,null,null
-0.190781,null,null,0.0726579,null
-0.00406176,null,null,null,0.00288573
0.992926,0.0125282,null,null,null
0.0531208,null,0.169865,null,null
-0.190781,null,null,0.0726579,null
-0.00406176,null,null,null,0.00288573
0.992744,0.0111405,null,null,null
0.0500217,null,0.212604,null,null
-0.172423,null,null,0.0718375,null
0.00111538,null,null,null,0.00240274
0.992955,0.0137889,null,null,null
0.0522017,null,0.273328,null,null
-0.106541,null,null,0.0706326,null
0.00339781,null,null,null,-0.0021573
0.992994,0.00624391,null,null,null
0.030999,null,0.243045,null,null
-0.208679,null,null,0.195285,null
-0.00165436,null,null,null,0.000768164
0.992994,0.00624391,null,null,null
0.030999,null,0.243045,null,null
-0.208679,null,null,0.195285,null
-0.00165436,null,null,null,0.000768164
0.992883,0.0127705,null,null,null
0.00277656,null,0.176109,null,null
-0.155537,null,null,0.137933,null
0.00124727,null,null,null,0.000182913
0.992856,0.0123756,null,null,null
0.00777306,null,0.251305,null,null
-0.207265,null,null,0.181567,null
-0.00313386,null,null,null,-0.00218759
0.992804,0.0107194,null,null,null
0.0664664,null,0.305457,null,null
-0.141889,null,null,0.100802,null
0.00217521,null,null,null,-0.0013238
0.992936,0.00968834,null,null,null
0.00404246,null,0.336072,null,null
-0.102135,null,null,0.1496,null
-0.00191015,null,null,null,0.0018074
0.992911,0.0107916,null,null,null
0.0145859,null,0.326594,null,null
-0.12291,null,null,0.153303,null
-0.000980186,null,null,null,-0.000999069
0.992954,0.0121887,null,null,null
-0.0284263,null,0.369846,null,null
-0.0864611,null,null,0.160206,null
0.00251213,null,null,null,-0.00248036
0.992954,0.0121887,null,null,null
-0.0284263,null,0.369846,null,null
-0.0864611,null,null,0.160206,null
0.00251213,null,null,null,-0.00248036
0.9929,0.0102205,null,null,null
-0.0251068,null,0.315068,null,null
-0.143114,null,null,0.128219,null
-0.00114163,null,null,null,-0.0011442
0.9929,0.0102205,null,null,null
-0.0251068,null,0.315068,null,null
-0.143114,null,null,0.128219,null
-0.00114163,null,null,null,-0.0011442
0.9929,0.0102205,null,null,null
-0.0251068,null,0.315068,null,null
-0.143114,null,null,0.128219,null
-0.00114163,null,null,null,-0.0011442
0.992886,0.00957877,null,null,null
0.00967667,null,0.375164,null,null
-0.11096,null,null,0.164488,null
0.000689498,null,null,null,0.00134867
0.992886,0.00957877,null,null,null
0.00967667,null,0.375164,null,null
-0.11096,null,null,0.164488,null
0.000689498,null,null,null,0.00134867
0.99298,0.0052442,null,null,null
-0.0186959,null,0.327018,null,null
-0.180276,null,null,0.147198,null
0.00466324,null,null,null,0.00490279
0.99298,0.0052442,null,null,null
-0.0186959,null,0.327018,null,null
-0.180276,null,null,0.147198,null
0.00466324,null,null,null,0.00490279
0.99298,0.0052442,null,null,null
-0.0186959,null,0.327018,null,null
-0.180276,null,null,0.147198,null
0.00466324,null,null,null,0.00490279
0.99288,0.0116791,null,null,null
-0.00759401,null,0.394954,null,null
-0.197552,null,null,0.155981,null
-0.00100361,null,null,null,0.00502724
0.99288,0.0116791,null,null,null
-0.00759401,null,0.394954,null,null
-0.197552,null,null,0.155981,null
-0.00100361,null,null,null,0.00502724
0.99288,0.0116791,null,null,null
-0.00759401,null,0.394954,null,null
-0.197552,null,null,0.155981,null
-0.00100361,null,null,null,0.00502724
0.993001,0.0115729,null,null,null
0.0147375,null,0.377451,null,null
-0.205707,null,null,0.190531,null
-0.00408644,null,null,null,-0.0043838
0.993001,0.0115729,null,null,null
0.0147375,null,0.377451,null,null
-0.205707,null,null,0.190531,null
-0.00408644,null,null,null,-0.0043838
0.992796,0.0110861,null,null,null
-0.0331374,null,0.398238,null,null
-0.165327,null,null,0.105376,null
-0.00607828,null,null,null,0.000657524
0.99279,0.014996,null,null,null
-0.00413789,null,0.350069,null,null
-0.151944,null,null,0.134573,null
-0.00575539,null,null,null,0.00177654
0.992666,0.0137064,null,null,null
-0.0132202,null,0.261418,null,null
-0.139094,null,null,0.125554,null
-0.00172005,null,null,null,0.00177012
0.992666,0.0137064,null,null,null
-0.0132202,null,0.261418,null,null
-0.139094,null,null,0.125554,null
-0.00172005,null,null,null,0.00177012
0.992624,0.0148556,null,null,null
-0.0951099,null,0.334894,null,null
-0.112902,null,null,0.16569,null
0.00182372,null,null,null,0.00299328
0.992739,0.0107555,null,null,null
-0.0751604,null,0.271722,null,null
-0.122003,null,null,0.133095,null
-0.0020246,null,null,null,-0.00109649
0.992748,0.00572679,null,null,null
-0.10018,null,0.323752,null,null
-0.134796,null,null,0.133699,null
-0.0032053,null,null,null,0.00603621
0.992895,0.00627298,null,null,null
-0.139839,null,0.334629,null,null
-0.0377465,null,null,0.149304,null
0.000149139,null,null,null,0.000532319
0.992849,0.0060924,null,null,null
-0.157246,null,0.339315,null,null
-0.0781474,null,null,0.170301,null
-0.00481286,null,null,null,0.00121153
0.992739,0.00804176,null,null,null
-0.15041,null,0.293847,null,null
-0.0902214,null,null,0.131905,null
0.00196992,null,null,null,0.0014285
0.992785,0.00439955,null,null,null
-0.185896,null,0.226295,null,null
-0.149081,null,null,0.10667,null
0.000625544,null,null,null,-0.00292934
0.992785,0.00439955,null,null,null
-0.185896,null,0.226295,null,null
-0.149081,null,null,0.10667,null
0.000625544,null,null,null,-0.00292934
0.992785,0.00439955,null,null,null
-0.185896,null,0.226295,null,null
-0.149081,null,null,0.10667,null
0.000625544,null,null,null,-0.00292934
0.992911,0.00701739,null,null,null
-0.225898,null,0.225676,null,null
-0.0293183,null,null,0.140953,null
0.00280912,null,null,null,-0.00154017
0.992911,0.00701739,null,null,null
-0.225898,null,0.225676,null,null
-0.0293183,null,null,0.140953,null
0.00280912,null,null,null,-0.00154017
0.992645,0.00256865,null,null,null
-0.167295,null,0.261071,null,null
-0.112159,null,null,0.120738,null
0.00423522,null,null,null,0.0020898
0.992914,0.0035838,null,null,null
-0.16121,null,0.276508,null,null
-0.0821967,null,null,0.15027,null
0.00493171,null,null,null,0.00518254
0.99283,0.0117518,null,null,null
-0.184229,null,0.255869,null,null
-0.110711,null,null,0.142341,null
0.00380538,null,null,null,0.000899498
0.99281,0.00939766,null,null,null
-0.150261,null,0.224849,null,null
-0.146696,null,null,0.133298,null
0.00303552,null,null,null,0.00212298
0.9928,0.0112722,null,null,null
-0.179127,null,0.227461,null,null
-0.136744,null,null,0.172654,null
0.00797416,null,null,null,-0.00453946
0.992746,0.0120774,null,null,null
-0.172066,null,0.18681,null,null
-0.119463,null,null,0.229975,null
0.00148581,null,null,null,-0.00412048
0.992941,0.012467,null,null,null
-0.167936,null,0.181579,null,null
-0.10408,null,null,0.209577,null
0.00645201,null,null,null,0.00197164
0.992986,0.0083611,null,null,null
-0.17247,null,0.201935,null,null
-0.0414044,null,null,0.145494,null
-0.00204406,null,null,null,0.00460422
0.992986,0.0083611,null,null,null
-0.17247,null,0.201935,null,null
-0.0414044,null,null,0.145494,null
-0.00204406,null,null,null,0.00460422
0.992959,-0.000234707,null,null,null
-0.213592,null,0.175093,null,null
-0.0269314,null,null,0.140335,null
-0.00196544,null,null,null,-0.00176426
0.993145,0.000498107,null,null,null
-0.223151,null,0.241971,null,null
-0.0906234,null,null,0.0857439,null
-0.00367696,null,null,null,0.000665709
0.992996,0.00165286,null,null,null
-0.213056,null,0.221227,null,null
-0.0852177,null,null,0.132442,null
-0.00114981,null,null,null,-0.00440033
0.993112,-0.000849267,null,null,null
-0.165509,null,0.273483,null,null
-0.0245926,null,null,0.184103,null
-0.0021879,null,null,null,-0.00413069
0.992977,0.00408127,null,null,null
-0.0803024,null,0.214506,null,null
-0.0526771,null,null,0.206911,null
-0.000469934,null,null,null,-0.00208523
0.993025,-5.62876e-05,null,null,null
-0.103544,null,0.13803,null,null
-0.0533397,null,null,0.139284,null
0.000448275,null,null,null,0.000163005
0.993049,0.0118595,null,null,null
-0.0587951,null,0.185182,null,null
-0.0840434,null,null,0.169865,null
0.000100692,null,null,null,0.000706826
0.993046,0.00891899,null,null,null
-0.1056,null,0.166912,null,null
-0.0736349,null,null,0.13233,null
-0.000214927,null,null,null,0.00597784
0.99291,0.0116292,null,null,null
-0.122677,null,0.199239,null,null
-0.0834014,null,null,0.134379,null
-0.00129244,null,null,null,0.00463172
0.992809,0.0183889,null,null,null
-0.16707,null,0.220926,null,null
-0.0971274,null,null,0.254106,null
-0.00492107,null,null,null,0.00108337
0.992811,0.0179967,null,null,null
-0.191387,null,0.192997,null,null
-0.0827516,null,null,0.182108,null
0.000447533,null,null,null,0.00467949
0.992726,0.0168904,null,null,null
-0.19542,null,0.213718,null,null
-0.000247792,null,null,0.213139,null
0.00205777,null,null,null,-0.000496519
0.992605,0.0217908,null,null,null
-0.17364,null,0.209814,null,null
-0.05355,null,null,0.203031,null
0.0044694,null,null,null,-0.00390349
0.992695,0.021348,null,null,null
-0.20917,null,0.238223,null,null
-0.124947,null,null,0.22361,null
0.0018555,null,null,null,-0.00425974
0.992823,0.019275,null,null,null
-0.248126,null,0.207185,null,null
-0.107956,null,null,0.162493,null
0.000191919,null,null,null,0.00485105
0.99268,0.0165369,null,null,null
-0.269719,null,0.193133,null,null
-0.0915418,null,null,0.139293,null
-5.138e-05,null,null,null,0.00733217
0.992785,0.0215036,null,null,null
-0.25391,null,0.23895,null,null
-0.0972675,null,null,0.174866,null
0.00258327,null,null,null,0.00346898
0.992803,0.0222511,null,null,null
-0.253681,null,0.183166,null,null
-0.127286,null,null,0.192851,null
0.00534336,null,null,null,-0.00125365
0.99285,0.0266028,null,null,null
-0.17599,null,0.243578,null,null
-0.0493191,null,null,0.238761,null
0.000728658,null,null,null,0.00258327
0.99285,0.0266028,null,null,null
-0.17599,null,0.243578,null,null
-0.0493191,null,null,0.238761,null
0.000728658,null,null,null,0.00258327
0.99285,0.0266028,null,null,null
-0.17599,null,0.243578,null,null
-0.0493191,null,null,0.238761,null
0.000728658,null,null,null,0.00258327
0.99285,0.0266028,null,null,null
-0.17599,null,0.243578,null,null
-0.0493191,null,null,0.238761,null
0.000728658,null,null,null,0.00258327
0.9927,0.0311997,null,null,null
-0.154465,null,0.200486,null,null
-0.0164851,null,null,0.201995,null
-0.000127436,null,null,null,0.00272243
0.992626,0.0277436,null,null,null
-0.162958,null,0.20233,null,null
-0.0357112,null,null,0.174552,null
0.00434476,null,null,null,-0.00128762
0.992585,0.0325516,null,null,null
-0.14212,null,0.151864,null,null
0.038303,null,null,0.238441,null
-0.00219286,null,null,null,-0.000214461
0.992794,0.0294316,null,null,null
-0.18275,null,0.0874121,null,null
0.0920591,null,null,0.261206,null
-0.00316661,null,null,null,0.00206995
0.992794,0.0294316,null,null,null
-0.18275,null,0.0874121,null,null
0.0920591,null,null,0.261206,null
-0.00316661,null,null,null,0.00206995
0.992935,0.0252096,null,null,null
-0.164101,null,0.145242,null,null
0.0375579,null,null,0.239945,null
0.00149474,null,null,null,0.00604105
0.992777,0.0246955,null,null,null
-0.226251,null,0.189195,null,null
0.0580564,null,null,0.232235,null
0.000270429,null,null,null,0.00442624
0.992931,0.025647,null,null,null
-0.200972,null,0.170102,null,null
-0.039983,null,null,0.259095,null
0.00521628,null,null,null,0.00180609
0.993039,0.0225191,null,null,null
-0.184024,null,0.103083,null,null
-0.0752043,null,null,0.268776,null
0.00111781,null,null,null,0.00614206
0.992827,0.0261856,null,null,null
-0.168856,null,0.13232,null,null
-0.0927069,null,null,0.186169,null
-0.0059281,null,null,null,0.00450526
0.992875,0.0278975,null,null,null
-0.138029,null,0.18412,null,null
-0.0524849,null,null,0.216816,null
-0.000712095,null,null,null,0.00744772
0.992726,0.028989,null,null,null
-0.161264,null,0.174643,null,null
-0.0633776,null,null,0.193678,null
4.89538e-05,null,null,null,-0.00229194
0.992734,0.0274887,null,null,null
-0.190194,null,0.144248,null,null
-0.0880231,null,null,0.129765,null
-0.00362436,null,null,null,-0.000822971
0.992845,0.0235399,null,null,null
-0.236327,null,0.193169,null,null
-0.111199,null,null,0.144769,null
-0.00490234,null,null,null,0.00272515
0.993009,0.0197982,null,null,null
-0.154711,null,0.135171,null,null
-0.101348,null,null,0.159915,null
0.00159509,null,null,null,-0.000496673
0.993073,0.0173032,null,null,null
-0.220231,null,0.172694,null,null
-0.168535,null,null,0.151029,null
0.00308501,null,null,null,-0.00162095
0.992853,0.0180596,null,null,null
-0.143355,null,0.177626,null,null
-0.14861,null,null,0.194387,null
0.00127749,null,null,null,0.00465781
0.99305,0.0164746,null,null,null
-0.182141,null,0.111908,null,null
-0.163887,null,null,0.181781,null
-0.00620151,null,null,null,-0.00140436
0.99296,0.015733,null,null,null
-0.145579,null,0.154869,null,null
-0.178897,null,null,0.181987,null
0.00117736,null,null,null,0.00318361
0.993058,0.0165019,null,null,null
-0.182934,null,0.196739,null,null
-0.0986931,null,null,0.191031,null
0.0028652,null,null,null,5.49835e-05
0.993058,0.017874,null,null,null
-0.209354,null,0.119692,null,null
-0.108866,null,null,0.202579,null
0.00133527,null,null,null,0.00306254
0.993039,0.0122767,null,null,null
-0.209211,null,0.0664628,null,null
-0.0489239,null,null,0.199832,null
0.0026701,null,null,null,0.000829759
0.993027,0.0109917,null,null,null
-0.181536,null,0.134111,null,null
-0.0442521,null,null,0.171081,null
0.00678124,null,null,null,0.00978267
0.993027,0.0109917,null,null,null
-0.181536,null,0.134111,null,null
-0.0442521,null,null,0.171081,null
0.00678124,null,null,null,0.00978267
0.993074,0.00855876,null,null,null
-0.18197,null,0.112239,null,null
-0.0775072,null,null,0.15324,null
-0.000339756,null,null,null,0.00434752
0.993077,0.00640801,null,null,null
-0.13309,null,0.161416,null,null
-0.0537475,null,null,0.157032,null
-0.0032007,null,null,null,-0.000693486
0.993012,0.00621728,null,null,null
-0.170157,null,0.047926,null,null
-0.11186,null,null,0.143961,null
-0.00254321,null,null,null,-0.00279235
0.993011,0.0128278,null,null,null
-0.226409,null,0.0488135,null,null
-0.163295,null,null,0.191713,null
-0.00287195,null,null,null,0.00237854
0.992834,0.0159231,null,null,null
-0.204445,null,0.00984876,null,null
-0.138831,null,null,0.0723304,null
-0.00073492,null,null,null,-0.00472824
0.992834,0.0159231,null,null,null
-0.204445,null,0.00984876,null,null
-0.138831,null,null,0.0723304,null
-0.00073492,null,null,null,-0.00472824
0.992868,0.0160033,null,null,null
-0.134607,null,0.0711164,null,null
-0.098686,null,null,0.0270367,null
0.00131013,null,null,null,0.000848645
0.992826,0.0153571,null,null,null
-0.177522,null,0.0939639,null,null
-0.0774641,null,null,0.0489209,null
-0.00263681,null,null,null,0.00128799
0.992853,0.0136144,null,null,null
-0.17003,null,0.0824867,null,null
-0.0688829,null,null,0.0156799,null
-0.000217381,null,null,null,0.00433936
0.992915,0.00930097,null,null,null
-0.144686,null,0.0958639,null,null
-0.0239497,null,null,0.0399477,null
0.00518899,null,null,null,-0.00364007
0.992956,0.00695893,null,null,null
-0.130251,null,0.0990623,null,null
-0.0473927,null,null,0.0669699,null
0.000235332,null,null,null,-0.00674124
0.993055,0.00266708,null,null,null
-0.144826,null,0.135657,null,null
-0.0870193,null,null,0.024898,null
0.00104536,null,null,null,-0.0031089
0.99309,-0.00378309,null,null,null
-0.171036,null,0.104488,null,null
-0.062562,null,null,0.10655,null
0.00030267,null,null,null,-0.00457803
0.993046,0.00268981,null,null,null
-0.15546,null,0.10514,null,null
-0.0251599,null,null,0.065222,null
0.00286469,null,null,null,-0.00334619
0.993027,0.00559253,null,null,null
-0.14991,null,0.1613,null,null
-0.0138063,null,null,0.0468296,null
-0.00438044,null,null,null,-0.00313951
0.993027,0.00559253,null,null,null
-0.14991,null,0.1613,null,null
-0.0138063,null,null,0.0468296,null
-0.00438044,null,null,null,-0.00313951
0.992919,0.00330076,null,null,null
-0.150588,null,0.131674,null,null
-0.0743941,null,null,0.0136343,null
0.00278374,null,null,null,-0.00440506
0.992941,0.00396728,null,null,null
-0.122407,null,0.144205,null,null
-0.0529941,null,null,0.0805938,null
-0.00943755,null,null,null,-0.00492169
0.992941,0.00396728,null,null,null
-0.122407,null,0.144205,null,null
-0.0529941,null,null,0.0805938,null
-0.00943755,null,null,null,-0.00492169
0.992726,0.00733108,null,null,null
-0.132788,null,0.172446,null,null
-0.00440562,null,null,0.076514,null
-0.00262621,null,null,null,0.00492519
0.992604,0.00939179,null,null,null
-0.143915,null,0.18168,null,null
-0.015159,null,null,0.0528054,null
-0.00170761,null,null,null,0.00273745
0.99273,0.00915539,null,null,null
-0.0911999,null,0.215219,null,null
-0.0291119,null,null,0.081975,null
-0.00237993,null,null,null,0.00196114
0.99273,0.00915539,null,null,null
-0.0911999,null,0.215219,null,null
-0.0291119,null,null,0.081975,null
-0.00237993,null,null,null,0.00196114
0.992899,0.0106445,null,null,null
-0.166035,null,0.175496,null,null
-0.0580095,null,null,0.0322764,null
0.00560653,null,null,null,0.00190664
0.992877,0.00848607,null,null,null
-0.120609,null,0.23869,null,null
0.031041,null,null,0.0737101,null
-0.00177865,null,null,null,0.00280722
0.992877,0.00848607,null,null,null
-0.120609,null,0.23869,null,null
0.031041,null,null,0.0737101,null
-0.00177865,null,null,null,0.00280722
0.992877,0.00848607,null,null,null
-0.120609,null,0.23869,null,null
0.031041,null,null,0.0737101,null
-0.00177865,null,null,null,0.00280722
0.992931,0.0119767,null,null,null
-0.108637,null,0.233898,null,null
-0.025392,null,null,0.0881491,null
-0.00498237,null,null,null,-5.54121e-05
0.992906,0.00937159,null,null,null
-0.166436,null,0.233941,null,null
0.0767245,null,null,0.088481,null
0.00281956,null,null,null,0.00646251
0.992824,0.0108643,null,null,null
-0.186704,null,0.245194,null,null
0.0164245,null,null,0.0616914,null
-0.00326728,null,null,null,0.00433038
0.992874,0.0144578,null,null,null
-0.176974,null,0.240033,null,null
0.0408524,null,null,0.037994,null
0.00455984,null,null,null,-0.00170301
0.99299,0.0121736,null,null,null
-0.133526,null,0.228639,null,null
0.0833151,null,null,0.0923102,null
0.00172419,null,null,null,0.00135399
0.992986,0.00447662,null,null,null
-0.090537,null,0.124254,null,null
0.0394995,null,null,0.117601,null
-0.00104481,null,null,null,-0.00637102
0.992807,-0.00908567,null,null,null
-0.124074,null,0.183724,null,null
0.0794902,null,null,0.120867,null
-0.00753519,null,null,null,-0.00100643
0.992865,-0.0050256,null,null,null
-0.0416521,null,0.168169,null,null
0.116597,null,null,0.0536649,null
-0.00173486,null,null,null,-0.00454866
0.992885,-0.00779421,null,null,null
-0.0916251,null,0.174762,null,null
0.0968039,null,null,0.0734936,null
-0.00393211,null,null,null,0.00125278
0.992864,-0.00758921,null,null,null
-0.0886481,null,0.139709,null,null
0.0758106,null,null,0.0570084,null
-0.000967057,null,null,null,-0.00674929
0.992918,-0.00886379,null,null,null
-0.145456,null,0.115823,null,null
0.0290505,null,null,0.0461288,null
-0.00266492,null,null,null,0.00385779
0.992901,-0.00988615,null,null,null
-0.104493,null,0.119788,null,null
0.0588692,null,null,0.0410295,null
0.00127802,null,null,null,0.00267984
0.992794,-0.0123848,null,null,null
-0.0644734,null,0.0825065,null,null
0.094256,null,null,-0.0117117,null
-0.000909103,null,null,null,0.00244273
0.992794,-0.0123848,null,null,null
-0.0644734,null,0.0825065,null,null
0.094256,null,null,-0.0117117,null
-0.000909103,null,null,null,0.00244273
0.992879,-0.0122396,null,null,null
-0.0651714,null,0.0357295,null,null
0.0902634,null,null,-0.0444474,null
-0.00400484,null,null,null,0.00384993
0.992635,-0.0161041,null,null,null
-0.0435829,null,0.0566046,null,null
0.134917,null,null,-0.00287366,null
-0.000280776,null,null,null,0.00172696
0.9929,-0.0124067,null,null,null
-0.138029,null,0.114572,null,null
0.149915,null,null,0.0458903,null
0.00183107,null,null,null,0.0017826
0.992886,-0.0146141,null,null,null
-0.081861,null,0.117007,null,null
0.113786,null,null,0.0538736,null
-0.00308344,null,null,null,0.00132263
0.992965,-0.0154095,null,null,null
-0.12293,null,0.136654,null,null
0.17198,null,null,0.000458281,null
0.00256495,null,null,null,-0.0038693
0.992977,-0.0107618,null,null,null
-0.110642,null,0.151443,null,null
0.0963261,null,null,-0.031902,null
0.0045587,null,null,null,-0.00259676
0.992814,-0.0175686,null,null,null
-0.173776,null,0.209084,null,null
0.0734372,null,null,-0.0267265,null
0.00377098,null,null,null,-0.00338113
0.992725,-0.022637,null,null,null
-0.129711,null,0.183399,null,null
0.0719466,null,null,-0.0221779,null
-0.000805137,null,null,null,-0.00344235
0.992634,-0.0246811,null,null,null
-0.138708,null,0.178971,null,null
0.104357,null,null,-0.0719623,null
0.00138287,null,null,null,-0.00376294
0.992634,-0.0246811,null,null,null
-0.138708,null,0.178971,null,null
0.104357,null,null,-0.0719623,null
0.00138287,null,null,null,-0.00376294
0.992634,-0.0246811,null,null,null
-0.138708,null,0.178971,null,null
0.104357,null,null,-0.0719623,null
0.00138287,null,null,null,-0.00376294
0.992454,-0.0279781,null,null,null
-0.129078,null,0.169296,null,null
0.125689,null,null,-0.0695376,null
-0.0075716,null,null,null,-0.000886591
0.992675,-0.0257916,null,null,null
-0.100565,null,0.184016,null,null
0.16244,null,null,-0.0549588,null
-0.00194815,null,null,null,-0.0120607
0.99277,-0.0244165,null,null,null
-0.0593412,null,0.172711,null,null
0.147789,null,null,-0.0762726,null
-0.000722303,null,null,null,-0.00038584
0.992656,-0.0240602,null,null,null
0.0229607,null,0.229887,null,null
0.188268,null,null,-0.0260128,null
0.00154756,null,null,null,0.00196711
0.992656,-0.0240602,null,null,null
0.0229607,null,0.229887,null,null
0.188268,null,null,-0.0260128,null
0.00154756,null,null,null,0.00196711
0.992772,-0.024357,null,null,null
0.0116044,null,0.177689,null,null
0.14198,null,null,-0.0752775,null
0.00563727,null,null,null,0.000779006
0.992809,-0.0246466,null,null,null
0.0291961,null,0.15634,null,null
0.173985,null,null,-0.0743152,null
0.0015182,null,null,null,0.000491123
0.992914,-0.0242914,null,null,null
0.0284719,null,0.209726,null,null
0.102358,null,null,-0.0719998,null
0.00433696,null,null,null,0.0032352
0.992914,-0.0242914,null,null,null
0.0284719,null,0.209726,null,null
0.102358,null,null,-0.0719998,null
0.00433696,null,null,null,0.0032352
0.992827,-0.0250174,null,null,null
-0.0455349,null,0.197717,null,null
0.156784,null,null,-0.0476495,null
0.00556449,null,null,null,0.00149184
0.992797,-0.0207404,null,null,null
-0.0343313,null,0.176281,null,null
0.11117,null,null,-0.0581323,null
0.000755299,null,null,null,-0.00519941
0.992975,-0.0205475,null,null,null
-0.0835186,null,0.148125,null,null
0.0970855,null,null,-0.0260573,null
-0.00131378,null,null,null,0.00074002
0.993027,-0.0179247,null,null,null
-0.0693451,null,0.1334,null,null
0.184464,null,null,-0.0323071,null
0.000317354,null,null,null,0.000809061
0.992859,-0.0107948,null,null,null
-0.0742949,null,0.101862,null,null
0.0822497,null,null,-0.0199507,null
-0.0004224,null,null,null,0.000129699
0.992751,-0.0119474,null,null,null
-0.0792251,null,0.0659154,null,null
0.0516074,null,null,-0.0347939,null
-0.00704181,null,null,null,-0.00134385
0.992819,-0.00957456,null,null,null
-0.0982525,null,0.0506241,null,null
0.0918099,null,null,-0.0937106,null
-0.000362126,null,null,null,-0.00128369
0.992644,-0.0152326,null,null,null
-0.101479,null,0.0395438,null,null
0.0565283,null,null,-0.045217,null
0.002393,null,null,null,0.00131262
0.992811,-0.0128411,null,null,null
-0.0692696,null,0.0424541,null,null
0.0501039,null,null,0.00121014,null
0.00514189,null,null,null,-0.0019031
0.992736,-0.0105668,null,null,null
-0.0342764,null,0.0687614,null,null
0.00281233,null,null,0.0176734,null
0.00951181,null,null,null,-0.00171031
0.992739,-0.011552,null,null,null
-0.0539741,null,0.136199,null,null
-0.00507017,null,null,-0.0274086,null
0.00911842,null,null,null,0.00253261
0.992769,-0.0112995,null,null,null
-0.033712,null,0.0769691,null,null
0.0195458,null,null,-0.0262625,null
0.00367155,null,null,null,-0.00165788
0.992897,-0.018396,null,null,null
-0.0346906,null,0.115901,null,null
0.031289,null,null,0.0599035,null
0.00315201,null,null,null,0.0052118
0.992657,-0.0259316,null,null,null
-0.0727287,null,0.13487,null,null
0.0501848,null,null,0.0818256,null
0.0016153,null,null,null,-0.000525885
0.99249,-0.0315416,null,null,null
-0.0897499,null,0.14806,null,null
0.0438464,null,null,-0.0430811,null
-0.00111119,null,null,null,-0.00193824
0.992526,-0.0305221,null,null,null
-0.0830884,null,0.2099,null,null
0.0040801,null,null,0.0265556,null
-0.00111272,null,null,null,0.000788195
0.992509,-0.0331215,null,null,null
-0.0656274,null,0.253739,null,null
-0.0315739,null,null,-0.014295,null
0.00322694,null,null,null,0.0041699
0.992445,-0.0335696,null,null,null
-0.0351308,null,0.189086,null,null
-0.0762386,null,null,0.0073658,null
0.00180046,null,null,null,0.00422746
0.992228,-0.0373769,null,null,null
-0.032204,null,0.164876,null,null
-0.038064,null,null,-0.0559729,null
-0.000167702,null,null,null,0.00306582
0.992344,-0.0369564,null,null,null
-0.0543906,null,0.148461,null,null
-0.0601283,null,null,-0.00952706,null
-0.00475129,null,null,null,0.00562508
0.992557,-0.033581,null,null,null
-0.0720371,null,0.227235,null,null
0.055373,null,null,-0.0150221,null
-0.00162989,null,null,null,-0.00294815
0.992529,-0.0354254,null,null,null
-0.117234,null,0.208294,null,null
-0.0453674,null,null,-0.0204575,null
-0.00226295,null,null,null,-0.000755169
0.992529,-0.0354254,null,null,null
-0.117234,null,0.208294,null,null
-0.0453674,null,null,-0.0204575,null
-0.00226295,null,null,null,-0.000755169
0.992729,-0.0295269,null,null,null
-0.104168,null,0.183914,null,null
-0.0963258,null,null,-0.0219229,null
-0.00245151,null,null,null,-0.000379638
0.992729,-0.0295269,null,null,null
-0.104168,null,0.183914,null,null
-0.0963258,null,null,-0.0219229,null
-0.00245151,null,null,null,-0.000379638
0.992792,-0.0264943,null,null,null
-0.103044,null,0.195219,null,null
-0.149644,null,null,-0.0564463,null
0.00220159,null,null,null,-0.00308259
0.992653,-0.0264729,null,null,null
-0.0928025,null,0.139928,null,null
-0.151516,null,null,-0.040062,null
-0.000116661,null,null,null,-0.00686341
0.992575,-0.0306631,null,null,null
-0.0571405,null,0.189592,null,null
-0.16435,null,null,-0.102261,null
-0.000730221,null,null,null,-0.00297164
0.992622,-0.0260387,null,null,null
-0.112456,null,0.204629,null,null
-0.102867,null,null,-0.104771,null
0.00262501,null,null,null,-0.00106715
0.992661,-0.0237373,null,null,null
-0.00725674,null,0.171542,null,null
-0.1555,null,null,-0.0468241,null
-0.00115243,null,null,null,-0.00255967
0.99273,-0.0179886,null,null,null
-0.0667305,null,0.178173,null,null
-0.170665,null,null,-0.0932012,null
-0.0005947,null,null,null,0.000741026
0.992542,-0.026315,null,null,null
-0.00951588,null,0.234558,null,null
-0.085441,null,null,-0.0862749,null
-0.00408031,null,null,null,-0.00176701
0.992584,-0.0267343,null,null,null
-0.0123871,null,0.203302,null,null
-0.0887523,null,null,-0.0688774,null
-0.000808088,null,null,null,0.00100819
0.992653,-0.0273805,null,null,null
-0.0313867,null,0.20011,null,null
-0.170107,null,null,-0.085408,null
0.00120804,null,null,null,-0.00155826
0.99272,-0.0214285,null,null,null
-0.029218,null,0.230919,null,null
-0.157727,null,null,-0.0582839,null
0.0067946,null,null,null,0.00231074
0.99272,-0.0214285,null,null,null
-0.029218,null,0.230919,null,null
-0.157727,null,null,-0.0582839,null
0.0067946,null,null,null,0.00231074
0.99272,-0.0214285,null,null,null
-0.029218,null,0.230919,null,null
-0.157727,null,null,-0.0582839,null
0.0067946,null,null,null,0.00231074
0.992866,-0.0216696,null,null,null
-0.0808896,null,0.241859,null,null
-0.188169,null,null,-0.0163886,null
0.00791306,null,null,null,0.00137817
0.992908,-0.0183105,null,null,null
-0.091702,null,0.221801,null,null
-0.197226,null,null,-0.0318831,null
0.00239619,null,null,null,-0.000846164
0.992895,-0.0183174,null,null,null
-0.0662492,null,0.236182,null,null
-0.131704,null,null,-0.0279581,null
0.00239861,null,null,null,-0.00623536
0.992874,-0.0169766,null,null,null
-0.162539,null,0.21433,null,null
-0.168942,null,null,0.00962784,null
-0.00468006,null,null,null,-0.00420581
0.992874,-0.0169766,null,null,null
-0.162539,null,0.21433,null,null
-0.168942,null,null,0.00962784,null
-0.00468006,null,null,null,-0.00420581
0.992776,-0.0253429,null,null,null
-0.1217,null,0.178164,null,null
-0.131746,null,null,0.00802373,null
0.000597025,null,null,null,0.00357988
0.992824,-0.026355,null,null,null
-0.151306,null,0.141675,null,null
-0.153359,null,null,-0.00630879,null
0.00496421,null,null,null,-0.00563771
0.992789,-0.0270156,null,null,null
-0.0691405,null,0.159946,null,null
-0.137212,null,null,-0.0102547,null
0.0012239,null,null,null,-0.000862474
0.992789,-0.0270156,null,null,null
-0.0691405,null,0.159946,null,null
-0.137212,null,null,-0.0102547,null
0.0012239,null,null,null,-0.000862474
0.992853,-0.0261245,null,null,null
-0.0310044,null,0.138076,null,null
-0.110022,null,null,-0.0184891,null
-0.0025426,null,null,null,-0.00368445
0.99275,-0.0266968,null,null,null
-0.0566569,null,0.148276,null,null
-0.0717386,null,null,-0.0292728,null
-0.00385557,null,null,null,-0.00427681
0.99275,-0.0266968,null,null,null
-0.0566569,null,0.148276,null,null
-0.0717386,null,null,-0.0292728,null
-0.00385557,null,null,null,-0.00427681
0.992605,-0.0240705,null,null,null
-0.0569145,null,0.0854417,null,null
-0.132985,null,null,-0.134366,null
0.0020317,null,null,null,-0.00382209
0.992764,-0.0199467,null,null,null
-0.0166542,null,0.112766,null,null
-0.0243209,null,null,-0.0285175,null
0.00430013,null,null,null,-0.00636523
0.992764,-0.0199467,null,null,null
-0.0166542,null,0.112766,null,null
-0.0243209,null,null,-0.0285175,null
0.00430013,null,null,null,-0.00636523
0.992764,-0.0199467,null,null,null
-0.0166542,null,0.112766,null,null
-0.0243209,null,null,-0.0285175,null
0.00430013,null,null,null,-0.00636523
0.992764,-0.0199467,null,null,null
-0.0166542,null,0.112766,null,null
-0.0243209,null,null,-0.0285175,null
0.00430013,null,null,null,-0.00636523
0.992836,-0.0173356,null,null,null
0.0012726,null,0.122856,null,null
-0.0237789,null,null,-0.0707042,null
0.00287559,null,null,null,-0.000792377
0.993062,-0.0136499,null,null,null
-0.0202585,null,0.0949436,null,null
-0.0293265,null,null,-0.0493965,null
0.00184726,null,null,null,0.00222574
0.993012,-0.011002,null,null,null
-0.0217366,null,0.0785118,null,null
-0.0797344,null,null,-0.040221,null
0.0012267,null,null,null,-0.000350729
0.992989,-0.00532576,null,null,null
-0.0255671,null,0.215773,null,null
-0.0371564,null,null,-0.106768,null
0.00185118,null,null,null,0.00423341
0.993099,-0.00317254,null,null,null
-0.0499986,null,0.208734,null,null
-0.0536234,null,null,-0.059412,null
0.00289806,null,null,null,0.00145974
0.993099,-0.00243757,null,null,null
-0.0464152,null,0.207459,null,null
-0.0844905,null,null,-0.0504394,null
-0.000568454,null,null,null,0.00571726
0.993055,-0.00542706,null,null,null
-0.0440128,null,0.0945611,null,null
-0.0797895,null,null,0.0118011,null
0.00152156,null,null,null,0.00207456
0.99306,-0.0013094,null,null,null
-0.0290605,null,0.055925,null,null
-0.152699,null,null,-0.0652757,null
0.00255437,null,null,null,0.00210009
0.992909,-0.00252574,null,null,null
-0.00844673,null,0.0952028,null,null
-0.126702,null,null,-0.00738606,null
-0.00850923,null,null,null,-0.00251426
0.992966,-0.00166605,null,null,null
0.0391226,null,0.0757546,null,null
-0.179956,null,null,-0.0818686,null
-0.00315631,null,null,null,-0.00759488
0.99303,-0.00373893,null,null,null
0.0189965,null,0.10062,null,null
-0.0978045,null,null,-0.0568352,null
-0.00266964,null,null,null,-0.00686168
0.993059,-0.00415216,null,null,null
-0.0364319,null,0.120461,null,null
-0.0995649,null,null,0.000948289,null
-0.00175721,null,null,null,-0.00425712
0.992975,-0.00058892,null,null,null
-0.0201258,null,0.164843,null,null
-0.0374515,null,null,0.0254436,null
-0.00650265,null,null,null,-0.00539078
0.992925,-0.0037828,null,null,null
0.0101353,null,0.16003,null,null
-0.0327614,null,null,0.0239255,null
-0.00175869,null,null,null,-0.0012515
0.99304,0.00211006,null,null,null
0.00589215,null,0.24825,null,null
-0.0417096,null,null,-0.00472615,null
0.00129989,null,null,null,0.000732501
0.993076,0.00171479,null,null,null
0.0108486,null,0.161101,null,null
0.0350637,null,null,0.0304054,null
0.00161753,null,null,null,-0.00173858
0.993125,-0.00236831,null,null,null
0.0244991,null,0.160773,null,null
0.00886865,null,null,-0.00821416,null
0.00247101,null,null,null,0.00191739
0.993154,-0.00192154,null,null,null
0.0647659,null,0.0964071,null,null
-0.0214823,null,null,-0.016907,null
-0.00223225,null,null,null,-0.000586188
0.993154,-0.00192154,null,null,null
0.0647659,null,0.0964071,null,null
-0.0214823,null,null,-0.016907,null
-0.00223225,null,null,null,-0.000586188
0.993154,-0.00192154,null,null,null
0.0647659,null,0.0964071,null,null
-0.0214823,null,null,-0.016907,null
-0.00223225,null,null,null,-0.000586188
0.993105,-0.00442522,null,null,null
0.0211674,null,0.0692655,null,null
-0.00838529,null,null,0.00632474,null
-0.00142255,null,null,null,0.0032098
0.993116,-0.0110529,null,null,null
0.0112517,null,0.13527,null,null
0.0268635,null,null,-0.0167319,null
0.00608219,null,null,null,0.0014569
0.99311,-0.0105707,null,null,null
-0.0079729,null,0.0846548,null,null
0.00139546,null,null,0.0467464,null
-0.000290091,null,null,null,-0.000953848
0.993199,-0.00658455,null,null,null
0.0607487,null,0.0538721,null,null
0.00851819,null,null,0.0282811,null
-0.00141307,null,null,null,0.00490034
0.99309,-0.0080077,null,null,null
0.0495464,null,0.0485626,null,null
0.0173078,null,null,0.0886209,null
-0.00406825,null,null,null,-0.00640011
0.99307,-0.00270286,null,null,null
0.0490092,null,0.125991,null,null
0.00256585,null,null,0.0863946,null
-0.0038683,null,null,null,-0.00477091
0.993134,-0.000832713,null,null,null
0.025599,null,0.0977357,null,null
0.0213967,null,null,0.0600215,null
0.000198491,null,null,null,-0.00643286
0.993134,-0.000832713,null,null,null
0.025599,null,0.0977357,null,null
0.0213967,null,null,0.0600215,null
0.000198491,null,null,null,-0.00643286
0.993051,-0.000725635,null,null,null
0.0499143,null,0.114693,null,null
-0.00305677,null,null,0.0112775,null
-0.00837635,null,null,null,0.00152224
0.993027,-0.00601181,null,null,null
0.0870426,null,0.0704235,null,null
-0.0031099,null,null,0.0120652,null
-0.00414883,null,null,null,0.000875517
0.993031,-0.00327748,null,null,null
0.0673373,null,0.0898503,null,null
-0.0201971,null,null,0.0300209,null
-0.0029221,null,null,null,0.00597178
0.993031,-0.00327748,null,null,null
0.0673373,null,0.0898503,null,null
-0.0201971,null,null,0.0300209,null
-0.0029221,null,null,null,0.00597178
0.993056,-0.00134111,null,null,null
0.0574945,null,0.091934,null,null
0.0133506,null,null,0.067175,null
-0.00165289,null,null,null,0.00452259
0.993012,0.00266136,null,null,null
0.085668,null,0.09644,null,null
0.0692855,null,null,0.0766975,null
-0.00282291,null,null,null,0.00602629
0.992964,0.00722381,null,null,null
0.0714085,null,0.0216712,null,null
0.0592925,null,null,0.0481316,null
-0.00367507,null,null,null,0.00590626
0.993086,0.00673396,null,null,null
0.117434,null,-0.0158925,null,null
0.0554016,null,null,-0.0176409,null
-0.00331415,null,null,null,0.0101912
0.993071,0.0108978,null,null,null
0.112047,null,0.00857892,null,null
0.0634245,null,null,-0.039537,null
-0.0031517,null,null,null,-0.00227764
0.992947,0.0130079,null,null,null
0.173916,null,0.032529,null,null
0.0151096,null,null,0.023813,null
-0.00471222,null,null,null,0.00146731
0.992801,0.012763,null,null,null
0.142936,null,0.0367051,null,null
0.0532451,null,null,0.0354511,null
-0.00722966,null,null,null,0.00154399
0.992926,0.00696897,null,null,null
0.136614,null,-0.0188821,null,null
0.0976565,null,null,0.0852775,null
0.000559965,null,null,null,0.00273016
0.992854,-0.000253691,null,null,null
0.0828246,null,0.00788331,null,null
0.0560685,null,null,0.0890324,null
-0.00238243,null,null,null,0.00442654
0.992931,-0.00497129,null,null,null
0.0996981,null,0.0586471,null,null
0.0482628,null,null,0.101704,null
-0.00237551,null,null,null,0.00165693
0.992853,-0.0119705,null,null,null
0.0738185,null,0.0442916,null,null
0.0744381,null,null,0.0476064,null
-0.00194659,null,null,null,0.00327823
0.992842,-0.00891279,null,null,null
0.089254,null,0.108739,null,null
0.129861,null,null,0.0907156,null
-0.00515192,null,null,null,0.000501574
0.992842,-0.00891279,null,null,null
0.089254,null,0.108739,null,null
0.129861,null,null,0.0907156,null
-0.00515192,null,null,null,0.000501574
0.992964,-0.00597117,null,null,null
0.13161,null,-0.00987057,null,null
0.135771,null,null,0.10861,null
-0.00254445,null,null,null,-0.0052335
0.993075,-0.00633519,null,null,null
0.121061,null,0.0188359,null,null
0.0845759,null,null,0.0623576,null
-0.00339364,null,null,null,-0.00336661
0.992959,-0.00953646,null,null,null
0.0633446,null,0.0797642,null,null
0.14668,null,null,0.103136,null
0.00105411,null,null,null,-0.00184464
0.992985,-0.0120321,null,null,null
0.105628,null,0.0567957,null,null
0.129889,null,null,0.101804,null
-0.00311197,null,null,null,-0.00639973
0.993016,-0.01153,null,null,null
0.13758,null,0.0619081,null,null
0.147691,null,null,0.0952158,null
-0.00273999,null,null,null,0.00327607
0.993043,-0.0125741,null,null,null
0.165866,null,0.0320073,null,null
0.0268529,null,null,0.0525591,null
-0.00907564,null,null,null,0.00699462
0.9929,-0.0133161,null,null,null
0.173795,null,0.0419428,null,null
0.0296011,null,null,0.0728967,null
-0.00283695,null,null,null,0.0048131
0.992956,-0.0105229,null,null,null
0.202276,null,-0.0272444,null,null
0.0644504,null,null,0.0711034,null
0.00294508,null,null,null,0.00159036
0.993006,-0.00596004,null,null,null
0.200876,null,-0.0273348,null,null
0.00603277,null,null,0.0423627,null
-0.000625367,null,null,null,0.00168578
0.992982,-0.00565234,null,null,null
0.230415,null,-0.053505,null,null
0.059533,null,null,0.105098,null
0.000697164,null,null,null,0.000876711
0.992996,-0.00291876,null,null,null
0.219526,null,-0.0661361,null,null
0.041985,null,null,0.0869765,null
-0.00294733,null,null,null,-0.000900854
0.99295,-0.00472266,null,null,null
0.241175,null,-0.0657662,null,null
0.101245,null,null,0.0785167,null
-0.00137506,null,null,null,-0.00514991
0.992876,-0.00297974,null,null,null
0.19303,null,-0.111761,null,null
0.100832,null,null,0.0224445,null
-0.00234705,null,null,null,-0.00136126
0.993074,-0.00226875,null,null,null
0.264606,null,-0.128708,null,null
0.14586,null,null,0.0126795,null
0.00076277,null,null,null,0.00197242
0.993131,0.00145071,null,null,null
0.268027,null,-0.147901,null,null
0.15947,null,null,-0.0227446,null
0.0010206,null,null,null,0.00447814
0.993131,0.00145071,null,null,null
0.268027,null,-0.147901,null,null
0.15947,null,null,-0.0227446,null
0.0010206,null,null,null,0.00447814
0.993097,0.00129276,null,null,null
0.24512,null,-0.140077,null,null
0.0845439,null,null,-0.0874773,null
0.00134008,null,null,null,0.0044913
0.993065,0.00129792,null,null,null
0.223603,null,-0.100213,null,null
0.0825825,null,null,0.0405585,null
0.00598258,null,null,null,0.000546085
0.993021,0.00124803,null,null,null
0.223325,null,-0.14055,null,null
0.0725304,null,null,-0.0111336,null
0.00118803,null,null,null,-0.00139826
0.992839,0.00891767,null,null,null
0.242385,null,-0.190289,null,null
0.0774647,null,null,-0.0461302,null
0.00116882,null,null,null,-0.00394346
0.992894,0.0109203,null,null,null
0.252241,null,-0.176242,null,null
0.0495906,null,null,-0.00452558,null
-0.00244264,null,null,null,0.002625
0.992894,0.0109203,null,null,null
0.252241,null,-0.176242,null,null
0.0495906,null,null,-0.00452558,null
-0.00244264,null,null,null,0.002625
0.992853,0.0101854,null,null,null
0.24447,null,-0.152384,null,null
-0.0184261,null,null,-0.0101172,null
0.000838421,null,null,null,0.000876383
0.992869,0.0124748,null,null,null
0.193702,null,-0.161227,null,null
-0.0105512,null,null,-0.0205031,null
-0.000711881,null,null,null,0.000438989
0.992869,0.0124748,null,null,null
0.193702,null,-0.161227,null,null
-0.0105512,null,null,-0.0205031,null
-0.000711881,null,null,null,0.000438989
0.99292,0.00719081,null,null,null
0.239907,null,-0.16916,null,null
0.0306055,null,null,-0.00751694,null
0.000282045,null,null,null,-0.00539856
0.992811,0.0085219,null,null,null
0.248463,null,-0.14384,null,null
0.0507563,null,null,-0.068962,null
-0.0018968,null,null,null,-0.00111465
0.992786,0.00703016,null,null,null
0.27709,null,-0.120219,null,null
-0.017445,null,null,-0.121536,null
-0.00396882,null,null,null,-0.000509095
0.992668,0.00732754,null,null,null
0.243069,null,-0.195022,null,null
-0.0447295,null,null,-0.0921267,null
-0.00844314,null,null,null,-0.00501701
0.992668,0.00732754,null,null,null
0.243069,null,-0.195022,null,null
-0.0447295,null,null,-0.0921267,null
-0.00844314,null,null,null,-0.00501701
0.992664,0.00620962,null,null,null
0.196206,null,-0.207894,null,null
-0.0543462,null,null,-0.0907991,null
0.000384979,null,null,null,-0.00630743
0.992759,0.015314,null,null,null
0.199173,null,-0.130481,null,null
-0.0635694,null,null,-0.0559831,null
-0.0037194,null,null,null,-0.00447596
0.992853,0.0119833,null,null,null
0.208398,null,-0.141801,null,null
0.0128938,null,null,-0.0458375,null
-0.00727421,null,null,null,0.00676161
0.992762,0.0138464,null,null,null
0.188553,null,-0.150139,null,null
-0.0341485,null,null,-0.00973314,null
-0.00272774,null,null,null,-0.000396701
0.99276,0.0158982,null,null,null
0.164161,null,-0.149974,null,null
-0.0771091,null,null,-0.110418,null
-0.000606705,null,null,null,-0.000974654
0.992839,0.0165716,null,null,null
0.182963,null,-0.128934,null,null
-0.062856,null,null,-0.0734615,null
0.0031661,null,null,null,0.000780582
0.992711,0.0157191,null,null,null
0.171244,null,-0.12603,null,null
-0.00544431,null,null,-0.0543665,null
-0.00548779,null,null,null,-0.00249384
0.992689,0.0155993,null,null,null
0.14518,null,-0.114866,null,null
-0.0477824,null,null,-0.0540645,null
-0.00214784,null,null,null,0.00108619
0.992901,0.0123775,null,null,null
0.158335,null,-0.109471,null,null
-0.0269733,null,null,-0.092322,null
-0.00741087,null,null,null,-0.000903241
0.992901,0.0123775,null,null,null
0.158335,null,-0.109471,null,null
-0.0269733,null,null,-0.092322,null
-0.00741087,null,null,null,-0.000903241
0.992901,0.0123775,null,null,null
0.158335,null,-0.109471,null,null
-0.0269733,null,null,-0.092322,null
-0.00741087,null,null,null,-0.000903241
0.992759,0.0108267,null,null,null
0.168344,null,-0.184175,null,null
-0.0245444,null,null,-0.0771581,null
-0.00575335,null,null,null,-1.40587e-05
0.992759,0.0108267,null,null,null
0.168344,null,-0.184175,null,null
-0.0245444,null,null,-0.0771581,null
-0.00575335,null,null,null,-1.40587e-05
0.992789,0.0135727,null,null,null
0.100109,null,-0.164714,null,null
-0.0115415,null,null,-0.0732451,null
-0.000812076,null,null,null,0.00341336
0.992811,0.016951,null,null,null
0.107627,null,-0.150401,null,null
0.0008047,null,null,-0.0819249,null
0.00110313,null,null,null,-3.32555e-05
0.992635,0.0216483,null,null,null
0.114165,null,-0.133607,null,null
-0.0303164,null,null,-0.0777453,null
0.001895,null,null,null,-0.0047502
0.992598,0.024498,null,null,null
0.15084,null,-0.140506,null,null
-0.0428953,null,null,-0.0020234,null
0.00272566,null,null,null,0.00114486
0.992504,0.025551,null,null,null
0.169351,null,-0.180706,null,null
-0.0888106,null,null,-0.0625177,null
0.00524864,null,null,null,0.00138144
0.992719,0.0217792,null,null,null
0.189461,null,-0.116444,null,null
-0.0219004,null,null,-0.108192,null
0.00829054,null,null,null,0.00363685
0.992759,0.0184361,null,null,null
0.192246,null,-0.0887684,null,null
-0.0543093,null,null,-0.0782535,null
0.00494989,null,null,null,0.00141698
0.992759,0.0184361,null,null,null
0.192246,null,-0.0887684,null,null
-0.0543093,null,null,-0.0782535,null
0.00494989,null,null,null,0.00141698
0.992654,0.0220039,null,null,null
0.133942,null,-0.131507,null,null
-0.0611031,null,null,-0.155679,null
0.00658155,null,null,null,-0.00462517
0.992656,0.020317,null,null,null
0.170022,null,-0.0746192,null,null
-0.0422138,null,null,-0.0798998,null
0.00461256,null,null,null,0.00431778
0.992629,0.019973,null,null,null
0.198714,null,-0.0856028,null,null
-0.048371,null,null,-0.081275,null
-0.00111701,null,null,null,-0.000838369
0.992629,0.019973,null,null,null
0.198714,null,-0.0856028,null,null
-0.048371,null,null,-0.081275,null
-0.00111701,null,null,null,-0.000838369
0.992689,0.0168112,null,null,null
0.19825,null,-0.0990029,null,null
-0.0361373,null,null,-0.0864534,null
-0.000563676,null,null,null,0.00290099
0.992741,0.0155786,null,null,null
0.194944,null,-0.0938667,null,null
-0.0824669,null,null,-0.14641,null
0.00113808,null,null,null,0.00190961
0.992814,0.0122975,null,null,null
0.179021,null,-0.0941939,null,null
-0.0428346,null,null,-0.183214,null
0.00411846,null,null,null,0.00734476
0.992775,0.0105395,null,null,null
0.1639,null,-0.0653558,null,null
-0.081958,null,null,-0.161529,null
0.0039172,null,null,null,0.0026087
0.992775,0.0105395,null,null,null
0.1639,null,-0.0653558,null,null
-0.081958,null,null,-0.161529,null
0.0039172,null,null,null,0.0026087
0.992806,0.010028,null,null,null
0.257418,null,-0.0979326,null,null
-0.0804791,null,null,-0.150864,null
0.00459679,null,null,null,-0.00195681
0.99266,0.00727349,null,null,null
0.240767,null,-0.0915497,null,null
-0.0810429,null,null,-0.157872,null
-0.00394745,null,null,null,0.00554161
0.992775,0.00628177,null,null,null
0.288256,null,-0.0420435,null,null
-0.0414445,null,null,-0.137924,null
-0.00176888,null,null,null,-0.0013454
0.992874,0.00790999,null,null,null
0.288683,null,-0.0791416,null,null
-0.05898,null,null,-0.16894,null
-0.00348047,null,null,null,0.000589764
0.993077,0.00979414,null,null,null
0.157098,null,-0.0160729,null,null
-0.0657749,null,null,-0.188094,null
-0.0038524,null,null,null,-0.00273493
0.993077,0.00979414,null,null,null
0.157098,null,-0.0160729,null,null
-0.0657749,null,null,-0.188094,null
-0.0038524,null,null,null,-0.00273493
0.993051,0.0164116,null,null,null
0.254592,null,-0.0838297,null,null
-0.031144,null,null,-0.214039,null
-0.00458802,null,null,null,-0.00933446
0.992955,0.0161539,null,null,null
0.18898,null,-0.0855733,null,null
-0.0470911,null,null,-0.210176,null
-0.00681484,null,null,null,-0.00704165
0.993185,0.0106625,null,null,null
0.217252,null,-0.0463706,null,null
-0.0549033,null,null,-0.239025,null
-0.0025398,null,null,null,-0.00215173
0.993185,0.0106625,null,null,null
0.217252,null,-0.0463706,null,null
-0.0549033,null,null,-0.239025,null
-0.0025398,null,null,null,-0.00215173
0.993185,0.0106625,null,null,null
0.217252,null,-0.0463706,null,null
-0.0549033,null,null,-0.239025,null
-0.0025398,null,null,null,-0.00215173
0.993162,0.00446421,null,null,null
0.202864,null,-0.0262131,null,null
-0.0607832,null,null,-0.277228,null
-0.00407091,null,null,null,-0.00017722
0.993164,0.000606674,null,null,null
0.160167,null,0.0432569,null,null
-0.104922,null,null,-0.325879,null
-0.00161302,null,null,null,-0.00106822
0.993136,0.0016986,null,null,null
0.149737,null,0.000147999,null,null
-0.103879,null,null,-0.345241,null
-0.00293781,null,null,null,-0.0028089
0.993252,0.0022171,null,null,null
0.192591,null,-0.0474746,null,null
-0.0691097,null,null,-0.351938,null
0.00389869,null,null,null,-0.000294953
0.993252,0.0022171,null,null,null
0.192591,null,-0.0474746,null,null
-0.0691097,null,null,-0.351938,null
0.00389869,null,null,null,-0.000294953
0.993131,-0.003463,null,null,null
0.188241,null,-0.0152976,null,null
-0.12594,null,null,-0.289286,null
0.00692501,null,null,null,-0.00208135
0.993206,-0.00166324,null,null,null
0.141989,null,-0.0203718,null,null
-0.110865,null,null,-0.276597,null
-0.00451659,null,null,null,0.0027052
0.993254,-0.00514832,null,null,null
0.15833,null,-0.0408815,null,null
-0.0936172,null,null,-0.271444,null
-0.00328639,null,null,null,0.0042955
0.993105,-0.00432184,null,null,null
0.163704,null,-0.0902264,null,null
-0.132109,null,null,-0.256057,null
0.00517714,null,null,null,-1.45275e-05
0.992956,-0.00745729,null,null,null
0.21589,null,-0.02582,null,null
-0.177004,null,null,-0.240115,null
0.0048136,null,null,null,0.00143256
0.992999,-0.00783745,null,null,null
0.186704,null,-0.0225366,null,null
-0.232571,null,null,-0.216839,null
0.00174625,null,null,null,-0.00496894
0.992999,-0.00783745,null,null,null
0.186704,null,-0.0225366,null,null
-0.232571,null,null,-0.216839,null
0.00174625,null,null,null,-0.00496894
0.992885,-0.0141834,null,null,null
0.194829,null,-0.0682052,null,null
-0.2279,null,null,-0.277871,null
-0.00436744,null,null,null,-0.00262959
0.993036,-0.00866092,null,null,null
0.100576,null,-0.0734591,null,null
-0.223325,null,null,-0.307032,null
-0.00391611,null,null,null,0.00167919
0.992885,-0.00960671,null,null,null
0.125244,null,-0.0422662,null,null
-0.228436,null,null,-0.304664,null
-0.000926699,null,null,null,0.00278493
0.992934,-0.00639153,null,null,null
0.0881696,null,-0.0280514,null,null
-0.21698,null,null,-0.342794,null
-0.00458461,null,null,null,0.000906436
0.992806,-0.00364811,null,null,null
0.127395,null,0.00510441,null,null
-0.225446,null,null,-0.365419,null
0.00277553,null,null,null,0.00559214
0.992806,-0.00364811,null,null,null
0.127395,null,0.00510441,null,null
-0.225446,null,null,-0.365419,null
0.00277553,null,null,null,0.00559214
0.993027,-0.0018196,null,null,null
0.18126,null,-0.0465378,null,null
-0.145939,null,null,-0.310418,null
-0.0061484,null,null,null,0.0039906
0.993027,-0.0018196,null,null,null
0.18126,null,-0.0465378,null,null
-0.145939,null,null,-0.310418,null
-0.0061484,null,null,null,0.0039906
0.99299,0.00537361,null,null,null
0.193892,null,-0.0423576,null,null
-0.208065,null,null,-0.28968,null
-0.000433416,null,null,null,0.00188838
0.992849,0.00633642,null,null,null
0.1804,null,-0.0439176,null,null
-0.205462,null,null,-0.235203,null
-0.00541303,null,null,null,-0.00621821
0.99294,-0.00104686,null,null,null
0.231904,null,-0.083225,null,null
-0.250085,null,null,-0.230566,null
-0.00585735,null,null,null,-0.00790983
0.992936,-0.00358389,null,null,null
0.186397,null,-0.0759398,null,null
-0.243716,null,null,-0.16297,null
-0.00473159,null,null,null,-0.00550141
0.992908,-0.00109379,null,null,null
0.161507,null,-0.0643754,null,null
-0.185036,null,null,-0.218097,null
-0.0041296,null,null,null,-0.00454411
0.992908,-0.00109379,null,null,null
0.161507,null,-0.0643754,null,null
-0.185036,null,null,-0.218097,null
-0.0041296,null,null,null,-0.00454411
0.993044,0.00116431,null,null,null
0.221053,null,-0.0889372,null,null
-0.220896,null,null,-0.241876,null
-0.00727535,null,null,null,-0.00296611
0.993046,0.00287509,null,null,null
0.228793,null,-0.0234812,null,null
-0.183279,null,null,-0.242411,null
-0.00860305,null,null,null,-0.0011933
0.993026,-0.000320275,null,null,null
0.281311,null,0.0180683,null,null
-0.226669,null,null,-0.213441,null
-0.0082656,null,null,null,0.0018177
0.993149,0.00392647,null,null,null
0.324564,null,-0.0191816,null,null
-0.121044,null,null,-0.293091,null
-0.00638654,null,null,null,0.00721839
0.992925,0.00622434,null,null,null
0.312845,null,0.0176694,null,null
-0.160323,null,null,-0.209579,null
-0.00540639,null,null,null,0.00349227
0.992925,0.00622434,null,null,null
0.312845,null,0.0176694,null,null
-0.160323,null,null,-0.209579,null
-0.00540639,null,null,null,0.00349227
0.992796,0.00893048,null,null,null
0.290397,null,0.0179342,null,null
-0.197277,null,null,-0.195466,null
-0.00342761,null,null,null,0.00179121
0.9929,0.00332775,null,null,null
0.300972,null,-0.00142065,null,null
-0.183652,null,null,-0.222908,null
0.00245797,null,null,null,0.00257793
0.992976,0.00826393,null,null,null
0.30313,null,-0.0135216,null,null
-0.176347,null,null,-0.300268,null
0.00579683,null,null,null,0.00328517
0.993074,0.00693606,null,null,null
0.362044,null,0.0510706,null,null
-0.115708,null,null,-0.27263,null
0.00490886,null,null,null,0.00139328
0.992938,0.0116494,null,null,null
0.336049,null,-0.0043079,null,null
-0.15735,null,null,-0.263899,null
0.00204895,null,null,null,0.00565616
0.992926,0.0102185,null,null,null
0.272206,null,-0.0999599,null,null
-0.148078,null,null,-0.316825,null
0.00631579,null,null,null,0.00330946
0.993085,0.00586541,null,null,null
0.265096,null,-0.046453,null,null
-0.187,null,null,-0.308038,null
0.00227497,null,null,null,0.0014792
0.993167,0.00764635,null,null,null
0.278999,null,0.00084103,null,null
-0.151719,null,null,-0.290017,null
-0.00380135,null,null,null,-0.00367293
0.993129,0.00251175,null,null,null
0.337549,null,0.00748479,null,null
-0.0727982,null,null,-0.272561,null
0.00221601,null,null,null,-0.008316
0.993152,-0.000191115,null,null,null
0.293784,null,0.00622083,null,null
-0.0724618,null,null,-0.272651,null
0.00380019,null,null,null,-0.00262646
0.993251,-0.000897135,null,null,null
0.340072,null,-0.0657674,null,null
-0.136458,null,null,-0.25236,null
-0.000326583,null,null,null,-0.0026317
0.993034,-0.00202126,null,null,null
0.359903,null,0.0202106,null,null
-0.100796,null,null,-0.260475,null
-0.00220035,null,null,null,0.00147466
0.993099,-0.00203316,null,null,null
0.322717,null,0.055395,null,null
-0.0801073,null,null,-0.236764,null
-0.000721756,null,null,null,-0.00260363
0.992996,-0.000811031,null,null,null
0.328384,null,0.0541232,null,null
0.0107607,null,null,-0.307749,null
-0.00484208,null,null,null,-0.000859164
0.992964,-0.0030213,null,null,null
0.279604,null,0.091196,null,null
-0.0240309,null,null,-0.29156,null
0.000654095,null,null,null,-0.0038482
0.992899,-0.00590206,null,null,null
0.280137,null,0.0912204,null,null
-0.0469246,null,null,-0.286432,null
-0.000504175,null,null,null,-0.00337351
0.992899,-0.00590206,null,null,null
0.280137,null,0.0912204,null,null
-0.0469246,null,null,-0.286432,null
-0.000504175,null,null,null,-0.00337351
0.992985,-0.0114122,null,null,null
0.203266,null,0.061668,null,null
-0.0547114,null,null,-0.295404,null
0.00196219,null,null,null,0.00229401
0.99316,-0.00837937,null,null,null
0.214512,null,0.10192,null,null
-0.104348,null,null,-0.276554,null
0.000131029,null,null,null,-0.00544369
0.992988,-0.00566746,null,null,null
0.280345,null,0.0770809,null,null
-0.145926,null,null,-0.289969,null
0.00460856,null,null,null,0.000469765
0.992919,-0.00247165,null,null,null
0.232749,null,0.0425999,null,null
-0.151211,null,null,-0.299649,null
0.00244435,null,null,null,-0.00158036
0.992873,0.00143381,null,null,null
0.24433,null,0.115423,null,null
-0.126444,null,null,-0.299155,null
0.00726642,null,null,null,0.00604571
0.992877,0.00188689,null,null,null
0.234699,null,0.0613805,null,null
-0.180462,null,null,-0.293615,null
0.0046369,null,null,null,-1.92135e-05
0.992794,0.00514669,null,null,null
0.259354,null,0.0872604,null,null
-0.169401,null,null,-0.357089,null
0.00449205,null,null,null,0.00256701
0.992896,0.003754,null,null,null
0.293608,null,0.110644,null,null
-0.132625,null,null,-0.322584,null
0.00414571,null,null,null,0.00121281
0.992884,0.00295016,null,null,null
0.260086,null,0.0582397,null,null
-0.111066,null,null,-0.327933,null
0.0063128,null,null,null,0.00268675
0.992942,0.00173715,null,null,null
0.325281,null,0.151004,null,null
-0.0710349,null,null,-0.352577,null
-0.00487761,null,null,null,-0.00300797
0.993051,0.000573344,null,null,null
0.343721,null,0.0501669,null,null
-0.0803288,null,null,-0.386986,null
-0.00213254,null,null,null,-0.00518512
0.993066,0.00175162,null,null,null
0.328965,null,0.00712614,null,null
-0.0934693,null,null,-0.374631,null
-0.00349391,null,null,null,-0.00452474
0.993066,0.00175162,null,null,null
0.328965,null,0.00712614,null,null
-0.0934693,null,null,-0.374631,null
-0.00349391,null,null,null,-0.00452474
0.993014,0.00323113,null,null,null
0.29147,null,-0.00422391,null,null
-0.0870391,null,null,-0.397675,null
0.00107229,null,null,null,0.00165216
0.993053,0.00340544,null,null,null
0.232293,null,0.0515161,null,null
-0.0977141,null,null,-0.411901,null
0.0034642,null,null,null,0.000114933
0.993053,0.00340544,null,null,null
0.232293,null,0.0515161,null,null
-0.0977141,null,null,-0.411901,null
0.0034642,null,null,null,0.000114933
0.992959,0.0083036,null,null,null
0.278859,null,0.02276,null,null
-0.0871243,null,null,-0.335624,null
6.3e-05,null,null,null,0.000174111
0.993025,0.0100226,null,null,null
0.334601,null,-0.0170525,null,null
-0.151624,null,null,-0.354401,null
0.00122348,null,null,null,0.00213747
0.993025,0.0100226,null,null,null
0.334601,null,-0.0170525,null,null
-0.151624,null,null,-0.354401,null
0.00122348,null,null,null,0.00213747
0.992992,0.00358639,null,null,null
0.351965,null,-0.0308001,null,null
-0.132699,null,null,-0.310941,null
0.00221374,null,null,null,0.000791095
0.992926,0.0085512,null,null,null
0.31455,null,-0.033717,null,null
-0.157331,null,null,-0.277126,null
0.0043525,null,null,null,0.00228396
0.992915,0.0101215,null,null,null
0.39505,null,0.0229479,null,null
-0.186346,null,null,-0.342931,null
0.000947895,null,null,null,0.00129388
0.992915,0.0101215,null,null,null
0.39505,null,0.0229479,null,null
-0.186346,null,null,-0.342931,null
0.000947895,null,null,null,0.00129388
0.992788,0.0119443,null,null,null
0.389952,null,-0.00155966,null,null
-0.116176,null,null,-0.290199,null
0.00360966,null,null,null,-0.00247919
0.992826,0.0156954,null,null,null
0.410841,null,0.00499686,null,null
-0.0741856,null,null,-0.2583,null
0.00548634,null,null,null,-0.00141865
0.99287,0.0141958,null,null,null
0.396534,null,0.0315696,null,null
-0.0859149,null,null,-0.217885,null
0.00245158,null,null,null,0.00477784
0.992844,0.0116931,null,null,null
0.350081,null,0.0548021,null,null
-0.119886,null,null,-0.191521,null
0.00588217,null,null,null,0.00199961
0.992785,0.0110781,null,null,null
0.37724,null,0.007329,null,null
-0.165582,null,null,-0.224411,null
0.00457472,null,null,null,0.00553199
0.992785,0.0110781,null,null,null
0.37724,null,0.007329,null,null
-0.165582,null,null,-0.224411,null
0.00457472,null,null,null,0.00553199
0.992964,0.0163513,null,null,null
0.33425,null,0.0248491,null,null
-0.214487,null,null,-0.237418,null
0.00396199,null,null,null,0.000636558
0.992897,0.0167175,null,null,null
0.326146,null,-0.00643395,null,null
-0.210638,null,null,-0.264663,null
0.00136806,null,null,null,-0.00735074
0.992909,0.018351,null,null,null
0.348455,null,0.0295681,null,null
-0.251999,null,null,-0.258032,null
0.000279144,null,null,null,-0.00108373
0.992859,0.0181037,null,null,null
0.261838,null,0.046949,null,null
-0.189823,null,null,-0.250397,null
0.00222662,null,null,null,0.00369781
0.992684,0.0132735,null,null,null
0.26376,null,0.0468431,null,null
-0.224708,null,null,-0.262479,null
-0.00508875,null,null,null,0.00169452
0.992855,0.00763924,null,null,null
0.338074,null,0.0733169,null,null
-0.235008,null,null,-0.259252,null
-0.00580901,null,null,null,0.00200104
0.992786,0.00825303,null,null,null
0.27349,null,0.126835,null,null
-0.215452,null,null,-0.235223,null
-0.00563224,null,null,null,-0.0044836
0.992786,0.00825303,null,null,null
0.27349,null,0.126835,null,null
-0.215452,null,null,-0.235223,null
-0.00563224,null,null,null,-0.0044836
0.993029,0.00416708,null,null,null
0.211578,null,0.11726,null,null
-0.194866,null,null,-0.218394,null
-0.00265861,null,null,null,0.00465265
0.992915,0.00236198,null,null,null
0.188006,null,0.0668189,null,null
-0.214564,null,null,-0.17667,null
-0.00147194,null,null,null,0.00125748
0.992984,-0.00183294,null,null,null
0.14568,null,0.127994,null,null
-0.260773,null,null,-0.184218,null
0.00350329,null,null,null,-0.0034385
0.99292,-0.00295542,null,null,null
0.173079,null,0.111422,null,null
-0.206859,null,null,-0.210469,null
-0.00311028,null,null,null,-0.00438949
0.992903,0.00315986,null,null,null
0.154706,null,0.096878,null,null
-0.157321,null,null,-0.184166,null
-0.00558881,null,null,null,-0.00388643
0.992827,0.00473945,null,null,null
0.153379,null,0.115671,null,null
-0.23284,null,null,-0.178974,null
-0.00352816,null,null,null,-0.00199824
0.992946,-0.00342201,null,null,null
0.217506,null,0.0955279,null,null
-0.24817,null,null,-0.178335,null
-0.000875341,null,null,null,-0.0039386
0.993095,-0.00699724,null,null,null
0.27924,null,0.0883524,null,null
-0.244956,null,null,-0.152871,null
-0.000556787,null,null,null,-0.000433634
0.992981,-0.00976922,null,null,null
0.256748,null,0.131964,null,null
-0.225069,null,null,-0.179375,null
0.000354244,null,null,null,0.00256965
0.992839,-0.0139998,null,null,null
0.200962,null,0.0897177,null,null
-0.277089,null,null,-0.188921,null
-0.00557297,null,null,null,0.00115599
0.99286,-0.0141493,null,null,null
0.193525,null,0.117073,null,null
-0.242748,null,null,-0.110585,null
0.00023003,null,null,null,-0.00197722
0.992881,-0.0151484,null,null,null
0.144086,null,0.179679,null,null
-0.285499,null,null,-0.122364,null
0.00081954,null,null,null,-0.00258399
0.992909,-0.0118548,null,null,null
0.164719,null,0.168448,null,null
-0.239838,null,null,-0.161941,null
0.0014873,null,null,null,-0.00530449
0.992857,-0.017464,null,null,null
0.20954,null,0.180188,null,null
-0.223145,null,null,-0.201417,null
-0.0044615,null,null,null,-0.00232432
0.992959,-0.0129541,null,null,null
0.21945,null,0.225337,null,null
-0.179599,null,null,-0.227926,null
-0.0084501,null,null,null,0.00293775
0.992896,-0.0201529,null,null,null
0.226956,null,0.283178,null,null
-0.161381,null,null,-0.162428,null
-0.00388751,null,null,null,0.000266864
0.992896,-0.0201529,null,null,null
0.226956,null,0.283178,null,null
-0.161381,null,null,-0.162428,null
-0.00388751,null,null,null,0.000266864
0.992648,-0.0226035,null,null,null
0.18446,null,0.290024,null,null
-0.22788,null,null,-0.200898,null
-0.00208196,null,null,null,0.00428589
0.992457,-0.021316,null,null,null
0.210799,null,0.320704,null,null
-0.253804,null,null,-0.194521,null
-0.00187335,null,null,null,0.000823425
0.992744,-0.0137609,null,null,null
0.274442,null,0.328965,null,null
-0.288026,null,null,-0.148962,null
-0.00339616,null,null,null,0.00180575
0.993059,-0.0117555,null,null,null
0.274204,null,0.248114,null,null
-0.286828,null,null,-0.172375,null
-0.0014117,null,null,null,0.00574763
0.992891,-0.0148723,null,null,null
0.276755,null,0.25347,null,null
-0.310109,null,null,-0.125021,null
-0.00110705,null,null,null,0.000950685
0.992866,-0.0137254,null,null,null
0.334153,null,0.329387,null,null
-0.304885,null,null,-0.14313,null
-0.00104817,null,null,null,0.00641875
0.992827,-0.0179177,null,null,null
0.208512,null,0.297901,null,null
-0.240677,null,null,-0.13376,null
0.00395678,null,null,null,-0.00072269
0.992866,-0.016702,null,null,null
0.270556,null,0.299925,null,null
-0.256842,null,null,-0.10831,null
0.000273189,null,null,null,-0.000368765
0.992862,-0.0163094,null,null,null
0.326406,null,0.295425,null,null
-0.274892,null,null,-0.0764841,null
-0.000903685,null,null,null,-0.00489188
0.992741,-0.0130785,null,null,null
0.358085,null,0.250361,null,null
-0.245956,null,null,-0.0522441,null
0.000266746,null,null,null,-0.004164
0.992851,-0.0155381,null,null,null
0.326311,null,0.219429,null,null
-0.222988,null,null,0.0115636,null
-0.00185683,null,null,null,-0.000842126
0.99284,-0.0165633,null,null,null
0.305013,null,0.191442,null,null
-0.243328,null,null,0.0109292,null
0.00081863,null,null,null,0.00267861
0.99266,-0.0167871,null,null,null
0.318815,null,0.251379,null,null
-0.2036,null,null,-0.0110208,null
-0.00361934,null,null,null,0.00087902
0.992711,-0.014628,null,null,null
0.353092,null,0.2429,null,null
-0.210486,null,null,0.0735074,null
-0.00228342,null,null,null,4.78241e-05
0.992711,-0.014628,null,null,null
0.353092,null,0.2429,null,null
-0.210486,null,null,0.0735074,null
-0.00228342,null,null,null,4.78241e-05
0.992754,-0.00999189,null,null,null
0.274766,null,0.235661,null,null
-0.265309,null,null,0.0833341,null
-0.00526804,null,null,null,0.00363396
0.992935,-0.00508784,null,null,null
0.261861,null,0.16847,null,null
-0.208996,null,null,0.0734411,null
-0.00028393,null,null,null,0.00222681
0.992994,-0.0105524,null,null,null
0.356929,null,0.246759,null,null
-0.240531,null,null,0.111172,null
-0.00403364,null,null,null,-0.00462959
0.992815,-0.00739879,null,null,null
0.281832,null,0.206215,null,null
-0.303339,null,null,0.120962,null
-0.00152546,null,null,null,-0.00131844
0.992668,-0.00936667,null,null,null
0.260802,null,0.245835,null,null
-0.282636,null,null,0.182592,null
-0.00493104,null,null,null,-0.00273435
0.992809,-0.0071469,null,null,null
0.293554,null,0.276269,null,null
-0.280508,null,null,0.238206,null
-0.00115696,null,null,null,-0.00381596
0.992774,-0.00509105,null,null,null
0.248404,null,0.27618,null,null
-0.2725,null,null,0.229691,null
-0.0014039,null,null,null,0.000647381
0.992774,-0.00509105,null,null,null
0.248404,null,0.27618,null,null
-0.2725,null,null,0.229691,null
-0.0014039,null,null,null,0.000647381
0.992931,-0.0123194,null,null,null
0.327951,null,0.236742,null,null
-0.194901,null,null,0.190199,null
0.00664069,null,null,null,0.000636203
0.992781,-0.0140077,null,null,null
0.255845,null,0.191809,null,null
-0.161785,null,null,0.199978,null
-0.000412114,null,null,null,0.00451273
0.992761,-0.0154756,null,null,null
0.299156,null,0.260101,null,null
-0.21122,null,null,0.232251,null
0.00210262,null,null,null,0.00194245
0.992925,-0.00998954,null,null,null
0.288924,null,0.212271,null,null
-0.221966,null,null,0.232907,null
0.00408885,null,null,null,0.00415934
0.992925,-0.00998954,null,null,null
0.288924,null,0.212271,null,null
-0.221966,null,null,0.232907,null
0.00408885,null,null,null,0.00415934
0.992934,-0.00986608,null,null,null
0.290484,null,0.254507,null,null
-0.222674,null,null,0.187349,null
-0.000375577,null,null,null,0.00708799
0.992827,-0.00906001,null,null,null
0.206595,null,0.318726,null,null
-0.226204,null,null,0.20707,null
0.00253757,null,null,null,0.0039813
0.992869,-0.0102015,null,null,null
0.124968,null,0.315486,null,null
-0.227933,null,null,0.194944,null
-0.000525089,null,null,null,9.28308e-05
0.992906,-0.0114968,null,null,null
0.0818731,null,0.349276,null,null
-0.23456,null,null,0.207097,null
-0.000763811,null,null,null,0.000225528
0.992862,-0.0196685,null,null,null
0.1131,null,0.35905,null,null
-0.226201,null,null,0.218285,null
-0.00223558,null,null,null,-0.000484703
0.992862,-0.0196685,null,null,null
0.1131,null,0.35905,null,null
-0.226201,null,null,0.218285,null
-0.00223558,null,null,null,-0.000484703
0.992784,-0.0192674,null,null,null
0.15958,null,0.353143,null,null
-0.128183,null,null,0.163604,null
-0.00157195,null,null,null,-0.000810852
0.992845,-0.013241,null,null,null
0.182695,null,0.32252,null,null
-0.195796,null,null,0.205233,null
0.00211532,null,null,null,0.00021756
0.992845,-0.013241,null,null,null
0.182695,null,0.32252,null,null
-0.195796,null,null,0.205233,null
0.00211532,null,null,null,0.00021756
0.992845,-0.013241,null,null,null
0.182695,null,0.32252,null,null
-0.195796,null,null,0.205233,null
0.00211532,null,null,null,0.00021756
0.992947,-0.013509,null,null,null
0.24867,null,0.292716,null,null
-0.208305,null,null,0.182324,null
0.00128812,null,null,null,-0.000954013
0.992901,-0.0189498,null,null,null
0.255889,null,0.332029,null,null
-0.245984,null,null,0.148959,null
0.0047501,null,null,null,0.000925569
0.992857,-0.020669,null,null,null
0.237706,null,0.346304,null,null
-0.224227,null,null,0.092026,null
0.000154086,null,null,null,-0.00613984
0.992812,-0.0194121,null,null,null
0.266604,null,0.401704,null,null
-0.255131,null,null,0.130115,null
-0.00125365,null,null,null,-0.0026255
0.992825,-0.0159667,null,null,null
0.245532,null,0.352366,null,null
-0.308625,null,null,0.0759975,null
-0.000691024,null,null,null,0.000275475
0.992939,-0.0138041,null,null,null
0.259997,null,0.299077,null,null
-0.310709,null,null,0.0550695,null
-0.00096659,null,null,null,-0.00115523
0.992857,-0.0214013,null,null,null
0.299231,null,0.222477,null,null
-0.292098,null,null,0.0255971,null
-0.000881406,null,null,null,-0.0036651
0.992857,-0.0214013,null,null,null
0.299231,null,0.222477,null,null
-0.292098,null,null,0.0255971,null
-0.000881406,null,null,null,-0.0036651
0.992994,-0.0219223,null,null,null
0.32626,null,0.193235,null,null
-0.277373,null,null,0.120321,null
0.00088816,null,null,null,-0.000911876
0.99294,-0.0221641,null,null,null
0.323481,null,0.187886,null,null
-0.255486,null,null,0.0432586,null
0.00489155,null,null,null,-0.00221518
0.992973,-0.0142278,null,null,null
0.347525,null,0.157482,null,null
-0.257694,null,null,0.0693984,null
0.0045848,null,null,null,-0.00195158
0.992973,-0.0142278,null,null,null
0.347525,null,0.157482,null,null
-0.257694,null,null,0.0693984,null
0.0045848,null,null,null,-0.00195158
0.992951,-0.0147242,null,null,null
0.305415,null,0.175302,null,null
-0.252337,null,null,0.0699941,null
0.000744195,null,null,null,0.00360629
0.992951,-0.0147242,null,null,null
0.305415,null,0.175302,null,null
-0.252337,null,null,0.0699941,null
0.000744195,null,null,null,0.00360629
0.993189,-0.00574987,null,null,null
0.337722,null,0.150426,null,null
-0.236995,null,null,0.0512849,null
-0.00241215,null,null,null,-0.00134591
0.993014,-0.00233347,null,null,null
0.321459,null,0.177444,null,null
-0.21477,null,null,0.0357092,null
-0.000341783,null,null,null,0.00536658
0.993014,-0.00233347,null,null,null
0.321459,null,0.177444,null,null
-0.21477,null,null,0.0357092,null
-0.000341783,null,null,null,0.00536658
0.993166,-0.0026334,null,null,null
0.24919,null,0.109174,null,null
-0.174434,null,null,0.0209334,null
-0.00235135,null,null,null,-0.00783326
0.99313,-0.00101612,null,null,null
0.23083,null,0.0835459,null,null
-0.131197,null,null,0.0389031,null
-0.00963916,null,null,null,0.000224139
0.993171,-0.00222487,null,null,null
0.223543,null,0.0789409,null,null
-0.17121,null,null,0.01019,null
-0.00668252,null,null,null,-0.00491054
0.993171,-0.00222487,null,null,null
0.223543,null,0.0789409,null,null
-0.17121,null,null,0.01019,null
-0.00668252,null,null,null,-0.00491054
0.993215,0.00306395,null,null,null
0.21319,null,0.15029,null,null
-0.203105,null,null,0.0804251,null
-0.00751925,null,null,null,-0.00366085
0.993155,0.00134545,null,null,null
0.144941,null,0.1286,null,null
-0.213376,null,null,0.0545078,null
-0.00194206,null,null,null,0.00279101
0.993151,0.000433559,null,null,null
0.204154,null,0.139021,null,null
-0.145474,null,null,0.0626616,null
-0.00212139,null,null,null,0.00194443
0.99303,-0.00611071,null,null,null
0.177094,null,0.156048,null,null
-0.224959,null,null,0.135751,null
-0.00232574,null,null,null,0.00297289
0.993173,-0.00814493,null,null,null
0.229179,null,0.156856,null,null
-0.228406,null,null,0.0293218,null
-8.12134e-06,null,null,null,0.0041565
0.993045,-0.00879094,null,null,null
0.181462,null,0.0893036,null,null
-0.181544,null,null,0.103453,null
0.00342417,null,null,null,0.00581374
0.99287,-0.0025934,null,null,null
0.19023,null,0.069187,null,null
-0.20646,null,null,0.0752648,null
-0.00154171,null,null,null,0.0056778
0.992807,-0.000780081,null,null,null
0.252134,null,0.128701,null,null
-0.167352,null,null,0.0881455,null
-0.00262037,null,null,null,-0.000638347
0.992796,-0.00893764,null,null,null
0.254951,null,0.112615,null,null
-0.138156,null,null,0.119057,null
0.000946441,null,null,null,-0.00151199
0.992741,-0.00752452,null,null,null
0.240269,null,0.0898498,null,null
-0.115375,null,null,0.1133,null
-0.00203531,null,null,null,-0.00049108
0.992829,-0.00793394,null,null,null
0.26014,null,0.0357772,null,null
-0.132331,null,null,0.100601,null
-0.00548759,null,null,null,-0.00105265
0.992901,-0.00697856,null,null,null
0.23701,null,0.0390469,null,null
-0.159438,null,null,0.0465671,null
0.000585596,null,null,null,0.00276763
0.992955,-0.00890536,null,null,null
0.172464,null,0.0434799,null,null
-0.164263,null,null,-0.001511,null
-0.00596918,null,null,null,0.00255178
0.993039,-0.011413,null,null,null
0.196775,null,0.0669585,null,null
-0.171547,null,null,0.0301907,null
-0.000558775,null,null,null,0.00319163
0.992944,-0.00751029,null,null,null
0.158936,null,0.125938,null,null
-0.213979,null,null,0.080672,null
-0.00603371,null,null,null,-0.00240653
0.992944,-0.00751029,null,null,null
0.158936,null,0.125938,null,null
-0.213979,null,null,0.080672,null
-0.00603371,null,null,null,-0.00240653
0.993095,-0.00560356,null,null,null
0.168856,null,0.0932854,null,null
-0.1867,null,null,0.0992464,null
0.00123855,null,null,null,0.00291836
0.99299,-0.00725609,null,null,null
0.184146,null,0.176242,null,null
-0.0671691,null,null,0.112909,null
-0.00112778,null,null,null,0.00244568
0.992944,-0.013448,null,null,null
0.20353,null,0.167588,null,null
-0.104896,null,null,0.081713,null
0.000576233,null,null,null,0.000586809
0.992945,-0.014758,null,null,null
0.185287,null,0.0749314,null,null
-0.0189223,null,null,0.0731405,null
0.00293467,null,null,null,-0.0029138
0.992945,-0.014758,null,null,null
0.185287,null,0.0749314,null,null
-0.0189223,null,null,0.0731405,null
0.00293467,null,null,null,-0.0029138
0.992826,-0.0104766,null,null,null
0.210041,null,0.109132,null,null
-0.08822,null,null,0.0878991,null
-0.00142429,null,null,null,0.00102234
0.992906,-0.00929171,null,null,null
0.213185,null,0.10018,null,null
-0.0995001,null,null,0.140324,null
0.000129346,null,null,null,-0.000944589
0.992881,-0.0124562,null,null,null
0.248782,null,0.110833,null,null
-0.0524929,null,null,0.197118,null
0.00700761,null,null,null,0.00146756
0.992805,-0.013815,null,null,null
0.23274,null,0.00741258,null,null
-0.0220207,null,null,0.15348,null
0.00174183,null,null,null,0.00169681
0.992805,-0.013815,null,null,null
0.23274,null,0.00741258,null,null
-0.0220207,null,null,0.15348,null
0.00174183,null,null,null,0.00169681
0.992805,-0.013815,null,null,null
0.23274,null,0.00741258,null,null
-0.0220207,null,null,0.15348,null
0.00174183,null,null,null,0.00169681
0.992805,-0.013815,null,null,null
0.23274,null,0.00741258,null,null
-0.0220207,null,null,0.15348,null
0.00174183,null,null,null,0.00169681
0.992805,-0.013815,null,null,null
0.23274,null,0.00741258,null,null
-0.0220207,null,null,0.15348,null
0.00174183,null,null,null,0.00169681
0.99279,-0.00699352,null,null,null
0.231419,null,0.0128442,null,null
-0.0853365,null,null,0.188722,null
0.00461088,null,null,null,0.00343544
0.992901,-0.00650018,null,null,null
0.199301,null,0.122796,null,null
-0.12447,null,null,0.244764,null
-0.00106989,null,null,null,0.00186069
0.992742,-0.00724751,null,null,null
0.195145,null,0.128436,null,null
-0.103517,null,null,0.251075,null
0.0119432,null,null,null,-0.000319036
0.992889,-0.00682199,null,null,null
0.246651,null,0.0764805,null,null
-0.10732,null,null,0.179016,null
0.00316168,null,null,null,-0.00122617
0.992901,-0.00256068,null,null,null
0.333709,null,0.059004,null,null
-0.122675,null,null,0.224039,null
-0.00169319,null,null,null,0.00642342
0.992901,-0.00256068,null,null,null
0.333709,null,0.059004,null,null
-0.122675,null,null,0.224039,null
-0.00169319,null,null,null,0.00642342
0.993067,-0.00634871,null,null,null
0.259065,null,-0.005432,null,null
-0.152425,null,null,0.25919,null
0.00510775,null,null,null,-0.0028246
0.993266,-0.00686209,null,null,null
0.2238,null,-0.0154961,null,null
-0.117745,null,null,0.233014,null
-0.0040489,null,null,null,-0.00123282
0.993298,-0.00786177,null,null,null
0.178608,null,0.0136711,null,null
-0.131967,null,null,0.185294,null
-0.00372369,null,null,null,-0.00345059
0.993144,-0.0101172,null,null,null
0.201465,null,0.000750989,null,null
-0.0758738,null,null,0.14117,null
-0.00100397,null,null,null,-0.000191126
0.993144,-0.0101172,null,null,null
0.201465,null,0.000750989,null,null
-0.0758738,null,null,0.14117,null
-0.00100397,null,null,null,-0.000191126
0.993144,-0.0101172,null,null,null
0.201465,null,0.000750989,null,null
-0.0758738,null,null,0.14117,null
-0.00100397,null,null,null,-0.000191126
0.993293,-0.00962426,null,null,null
0.204156,null,0.0399039,null,null
-0.161869,null,null,0.239808,null
-0.00436052,null,null,null,0.00184023
0.993,-0.00501283,null,null,null
0.248671,null,0.00217678,null,null
-0.146601,null,null,0.214853,null
-0.00520875,null,null,null,-0.0027855
0.993108,0.000163047,null,null,null
0.22197,null,0.0313768,null,null
-0.128087,null,null,0.200238,null
-0.00028602,null,null,null,-0.00221894
0.99308,0.00177285,null,null,null
0.22938,null,0.0292795,null,null
-0.124866,null,null,0.200915,null
-0.00408848,null,null,null,-0.00109796
0.993251,0.00852659,null,null,null
0.216384,null,0.0895494,null,null
-0.122576,null,null,0.134758,null
0.00281099,null,null,null,-0.00418085
0.993128,0.00692829,null,null,null
0.272534,null,0.0278324,null,null
-0.107722,null,null,0.221955,null
-0.00116947,null,null,null,-0.00278516
0.992924,0.0114945,null,null,null
0.26633,null,0.039129,null,null
-0.142161,null,null,0.231332,null
-0.00388144,null,null,null,-0.000327808
0.992924,0.0114945,null,null,null
0.26633,null,0.039129,null,null
-0.142161,null,null,0.231332,null
-0.00388144,null,null,null,-0.000327808
0.992783,0.00989592,null,null,null
0.28041,null,0.0349304,null,null
-0.155456,null,null,0.260556,null
-0.00430647,null,null,null,-0.00722388
0.992881,0.0131224,null,null,null
0.20026,null,0.028479,null,null
-0.169179,null,null,0.299142,null
0.0035849,null,null,null,-0.000322979
0.992881,0.0131224,null,null,null
0.20026,null,0.028479,null,null
-0.169179,null,null,0.299142,null
0.0035849,null,null,null,-0.000322979
0.992718,0.0231649,null,null,null
0.196449,null,0.0580048,null,null
-0.211492,null,null,0.280994,null
-0.00444095,null,null,null,-0.00429718
0.992718,0.0231649,null,null,null
0.196449,null,0.0580048,null,null
-0.211492,null,null,0.280994,null
-0.00444095,null,null,null,-0.00429718
0.99245,0.030024,null,null,null
0.25273,null,0.086659,null,null
-0.153346,null,null,0.3176,null
0.00269233,null,null,null,0.00239645
0.992371,0.0296855,null,null,null
0.211597,null,0.0695274,null,null
-0.203747,null,null,0.266763,null
-0.00102639,null,null,null,0.00122171
0.992624,0.0230455,null,null,null
0.130988,null,0.0314486,null,null
-0.200426,null,null,0.284651,null
0.00267183,null,null,null,-0.000390215
0.992755,0.017839,null,null,null
0.129073,null,0.00952622,null,null
-0.200801,null,null,0.240196,null
0.00404391,null,null,null,0.0033569
0.9927,0.0178633,null,null,null
0.17166,null,-0.0328156,null,null
-0.134881,null,null,0.259825,null
0.00391067,null,null,null,-0.0024629
0.992897,0.014762,null,null,null
0.201667,null,-0.0100128,null,null
-0.110713,null,null,0.269338,null
-2.35165e-05,null,null,null,-0.00103219
0.992853,0.0166411,null,null,null
0.234003,null,-0.0163532,null,null
-0.0875684,null,null,0.311009,null
-0.00297084,null,null,null,0.00360553
0.992853,0.0166411,null,null,null
0.234003,null,-0.0163532,null,null
-0.0875684,null,null,0.311009,null
-0.00297084,null,null,null,0.00360553
0.992946,0.0187624,null,null,null
0.253072,null,-0.0747824,null,null
-0.0565971,null,null,0.270784,null
0.00346683,null,null,null,-0.000402406
0.993001,0.0143594,null,null,null
0.286215,null,-0.0310232,null,null
-0.0751047,null,null,0.284505,null
0.00185983,null,null,null,0.0070108
0.993023,0.0121009,null,null,null
0.21731,null,-0.00992473,null,null
-0.0352909,null,null,0.32776,null
-0.00109107,null,null,null,-0.00172525
0.992956,0.0149546,null,null,null
0.170959,null,-0.0233605,null,null
0.00543527,null,null,0.341265,null
-0.00571754,null,null,null,-0.00168894
0.99295,0.0114669,null,null,null
0.222141,null,-0.058337,null,null
-0.0386979,null,null,0.303853,null
-3.90518e-06,null,null,null,0.00115796
0.992929,0.00957134,null,null,null
0.152019,null,-0.104846,null,null
-0.085169,null,null,0.374116,null
-0.0016051,null,null,null,-0.000649964
0.992974,0.0115795,null,null,null
0.105442,null,-0.0163226,null,null
-0.00907294,null,null,0.338725,null
-0.00116916,null,null,null,0.000954272
0.992976,0.0111,null,null,null
0.174461,null,-0.0861584,null,null
0.0367468,null,null,0.328169,null
-0.003161,null,null,null,0.00594219
0.992976,0.0111,null,null,null
0.174461,null,-0.0861584,null,null
0.0367468,null,null,0.328169,null
-0.003161,null,null,null,0.00594219
0.992936,0.0149912,null,null,null
0.140134,null,-0.144957,null,null
0.0505886,null,null,0.323349,null
-0.00479792,null,null,null,0.00131712
0.99282,0.0138098,null,null,null
0.140595,null,-0.138211,null,null
0.0523581,null,null,0.36865,null
-0.00580215,null,null,null,0.00118454
0.99282,0.0138098,null,null,null
0.140595,null,-0.138211,null,null
0.0523581,null,null,0.36865,null
-0.00580215,null,null,null,0.00118454
0.992824,0.0145935,null,null,null
0.0924569,null,-0.149198,null,null
0.00794149,null,null,0.329713,null
-0.000886518,null,null,null,0.000258378
0.992939,0.0123823,null,null,null
0.126027,null,-0.128034,null,null
0.0242762,null,null,0.291801,null
-0.00558559,null,null,null,-0.00257714
0.992839,0.0114532,null,null,null
0.129321,null,-0.14076,null,null
0.0350149,null,null,0.301389,null
-0.00889112,null,null,null,-0.00140276
0.992833,0.0160259,null,null,null
0.0982449,null,-0.143905,null,null
-0.0439478,null,null,0.292729,null
-0.00195264,null,null,null,-0.00263045
0.992929,0.0156509,null,null,null
0.117462,null,-0.150031,null,null
-0.0123636,null,null,0.301909,null
-0.00409105,null,null,null,0.00232499
0.992845,0.0179102,null,null,null
0.115963,null,-0.0236487,null,null
-0.0417251,null,null,0.293563,null
0.00165341,null,null,null,-0.00309451
0.992749,0.0178617,null,null,null
0.107371,null,-0.0917596,null,null
-0.0462504,null,null,0.27503,null
0.0059623,null,null,null,-0.00662321
0.992712,0.0160346,null,null,null
0.12073,null,-0.106926,null,null
-0.0759624,null,null,0.316871,null
0.00022192,null,null,null,-0.000544481
0.992847,0.016097,null,null,null
0.112543,null,-0.141208,null,null
-0.0731217,null,null,0.310966,null
-0.000344707,null,null,null,-0.00467131
0.9927,0.022276,null,null,null
0.184239,null,-0.0902159,null,null
-0.0101484,null,null,0.311991,null
0.00956087,null,null,null,0.00151194
0.992721,0.0251337,null,null,null
0.193596,null,-0.11288,null,null
-0.0545939,null,null,0.324914,null
0.00379161,null,null,null,-0.00278636
0.992672,0.0248956,null,null,null
0.192244,null,-0.123663,null,null
-0.0601127,null,null,0.284105,null
0.0051669,null,null,null,0.000228849
0.992856,0.0171476,null,null,null
0.106635,null,-0.109086,null,null
0.026134,null,null,0.286369,null
0.00183489,null,null,null,-0.00555979
0.992869,0.0148609,null,null,null
0.197984,null,-0.156567,null,null
-0.0484682,null,null,0.2948,null
-0.00387211,null,null,null,-0.00743243
0.992869,0.0148609,null,null,null
0.197984,null,-0.156567,null,null
-0.0484682,null,null,0.2948,null
-0.00387211,null,null,null,-0.00743243
0.992766,0.0162253,null,null,null
0.135728,null,-0.0934108,null,null
0.0046455,null,null,0.280517,null
0.00277929,null,null,null,-0.00476669
0.992797,0.0164408,null,null,null
0.100289,null,-0.118444,null,null
-0.00663597,null,null,0.336012,null
-0.000852006,null,null,null,0.00192822
0.992876,0.0165065,null,null,null
0.0961115,null,-0.151638,null,null
-0.0144889,null,null,0.30916,null
0.00130119,null,null,null,0.00102574
0.992876,0.0173085,null,null,null
0.15328,null,-0.17569,null,null
-0.00291009,null,null,0.311412,null
-0.000114712,null,null,null,0.000975186
0.992785,0.020746,null,null,null
0.105556,null,-0.105516,null,null
-0.012775,null,null,0.275172,null
0.00361214,null,null,null,0.00265974
0.992786,0.0227915,null,null,null
0.125476,null,-0.113302,null,null
-0.0747719,null,null,0.297648,null
-0.00624611,null,null,null,-0.00101747
0.992901,0.0229196,null,null,null
0.198134,null,-0.0485339,null,null
-0.0932633,null,null,0.303641,null
-0.00676915,null,null,null,0.00429492
0.992785,0.0299792,null,null,null
0.15266,null,-0.131447,null,null
-0.0825025,null,null,0.209003,null
-0.00692224,null,null,null,0.000716507
0.992657,0.0327793,null,null,null
0.154537,null,-0.203006,null,null
-0.0986809,null,null,0.254731,null
-0.00579773,null,null,null,0.00151082
0.992657,0.0327793,null,null,null
0.154537,null,-0.203006,null,null
-0.0986809,null,null,0.254731,null
-0.00579773,null,null,null,0.00151082
0.992657,0.0327793,null,null,null
0.154537,null,-0.203006,null,null
-0.0986809,null,null,0.254731,null
-0.00579773,null,null,null,0.00151082
0.992683,0.0292843,null,null,null
0.211706,null,-0.208558,null,null
-0.0873218,null,null,0.246213,null
-0.000237719,null,null,null,-0.00021389
0.992683,0.0292843,null,null,null
0.211706,null,-0.208558,null,null
-0.0873218,null,null,0.246213,null
-0.000237719,null,null,null,-0.00021389
0.992719,0.0311895,null,null,null
0.213067,null,-0.149579,null,null
-0.165731,null,null,0.256304,null
0.00412771,null,null,null,0.00353533
0.992613,0.033887,null,null,null
0.210854,null,-0.113507,null,null
-0.130717,null,null,0.25798,null
0.00383807,null,null,null,0.00373825
0.992564,0.0301518,null,null,null
0.194162,null,-0.158776,null,null
-0.1328,null,null,0.303234,null
0.00265986,null,null,null,0.000516204
0.992746,0.0287913,null,null,null
0.19646,null,-0.278491,null,null
-0.0939519,null,null,0.269209,null
0.00144075,null,null,null,0.00155386
0.992746,0.0287913,null,null,null
0.19646,null,-0.278491,null,null
-0.0939519,null,null,0.269209,null
0.00144075,null,null,null,0.00155386
0.992857,0.0238875,null,null,null
0.254776,null,-0.211218,null,null
-0.0826351,null,null,0.232065,null
0.000108887,null,null,null,0.00135254
0.992857,0.0238875,null,null,null
0.254776,null,-0.211218,null,null
-0.0826351,null,null,0.232065,null
0.000108887,null,null,null,0.00135254
0.992857,0.0238875,null,null,null
0.254776,null,-0.211218,null,null
-0.0826351,null,null,0.232065,null
0.000108887,null,null,null,0.00135254
0.992705,0.0206325,null,null,null
0.24701,null,-0.216309,null,null
-0.0822202,null,null,0.216405,null
-0.00404233,null,null,null,-0.000410279
0.992818,0.0198037,null,null,null
0.24271,null,-0.280712,null,null
-0.0797546,null,null,0.202899,null
-0.00473539,null,null,null,-0.0065145
0.992857,0.0144256,null,null,null
0.295824,null,-0.22496,null,null
-0.10142,null,null,0.190589,null
-0.0099241,null,null,null,0.00155501
0.992857,0.0144256,null,null,null
0.295824,null,-0.22496,null,null
-0.10142,null,null,0.190589,null
-0.0099241,null,null,null,0.00155501
0.99291,0.014861,null,null,null
0.245811,null,-0.235576,null,null
-0.0777623,null,null,0.162026,null
-0.00364964,null,null,null,-0.00165233
0.993004,0.0135729,null,null,null
0.254808,null,-0.308061,null,null
-0.0445578,null,null,0.152503,null
0.00102794,null,null,null,0.0027582
0.992896,0.0143853,null,null,null
0.181409,null,-0.256641,null,null
0.043019,null,null,0.211204,null
-0.00182839,null,null,null,-0.0057851
0.992835,0.014385,null,null,null
0.187651,null,-0.26646,null,null
0.00338425,null,null,0.243749,null
-0.0023184,null,null,null,0.000133526
0.992842,0.0141152,null,null,null
0.203981,null,-0.232074,null,null
0.0719718,null,null,0.198415,null
-0.00190932,null,null,null,0.00475561
0.993026,0.0136937,null,null,null
0.264561,null,-0.254736,null,null
0.0644355,null,null,0.13702,null
-0.00556147,null,null,null,0.00543891
0.992869,0.0164882,null,null,null
0.27778,null,-0.302752,null,null
0.0260412,null,null,0.157396,null
-0.00585194,null,null,null,0.00362934
0.992891,0.0156526,null,null,null
0.214922,null,-0.306447,null,null
-0.0161801,null,null,0.193631,null
-0.00383853,null,null,null,0.00704662
0.992923,0.0162827,null,null,null
0.185721,null,-0.262879,null,null
0.00345132,null,null,0.212755,null
-0.00401109,null,null,null,0.00507496
0.992923,0.0162827,null,null,null
0.185721,null,-0.262879,null,null
0.00345132,null,null,0.212755,null
-0.00401109,null,null,null,0.00507496
0.992811,0.0163764,null,null,null
0.243329,null,-0.29794,null,null
0.0450121,null,null,0.221816,null
-0.00560753,null,null,null,0.0047884
0.992611,0.017073,null,null,null
0.16977,null,-0.297513,null,null
0.0479103,null,null,0.311516,null
0.000813514,null,null,null,0.00179821
0.992704,0.0194645,null,null,null
0.176056,null,-0.307951,null,null
0.0147094,null,null,0.320419,null
-0.00186985,null,null,null,0.00222954
0.992674,0.0172752,null,null,null
0.179844,null,-0.3238,null,null
0.0232727,null,null,0.254287,null
-0.00680856,null,null,null,2.76811e-05
0.992674,0.0172752,null,null,null
0.179844,null,-0.3238,null,null
0.0232727,null,null,0.254287,null
-0.00680856,null,null,null,2.76811e-05
0.992816,0.01427,null,null,null
0.159966,null,-0.279149,null,null
0.0628549,null,null,0.281737,null
-0.00631101,null,null,null,0.00145455
0.992947,0.0125921,null,null,null
0.174816,null,-0.317791,null,null
0.0618769,null,null,0.234044,null
0.000862044,null,null,null,0.00250216
0.99306,0.0071139,null,null,null
0.223779,null,-0.319375,null,null
0.0660224,null,null,0.275939,null
-0.00331579,null,null,null,0.000734602
0.993108,0.00465965,null,null,null
0.225073,null,-0.323366,null,null
0.0632901,null,null,0.236555,null
-0.00320667,null,null,null,0.0101646
0.992869,0.00382902,null,null,null
0.244621,null,-0.307911,null,null
0.0915661,null,null,0.208814,null
-0.00361844,null,null,null,-0.00160392
0.992869,0.00382902,null,null,null
0.244621,null,-0.307911,null,null
0.0915661,null,null,0.208814,null
-0.00361844,null,null,null,-0.00160392
0.992851,-0.00282039,null,null,null
0.339691,null,-0.355221,null,null
0.0279103,null,null,0.128208,null
-0.00487643,null,null,null,0.00174729
0.992851,-0.00282039,null,null,null
0.339691,null,-0.355221,null,null
0.0279103,null,null,0.128208,null
-0.00487643,null,null,null,0.00174729
0.992851,-0.00282039,null,null,null
0.339691,null,-0.355221,null,null
0.0279103,null,null,0.128208,null
-0.00487643,null,null,null,0.00174729
0.992824,-0.00337241,null,null,null
0.282615,null,-0.351816,null,null
0.0297969,null,null,0.0959999,null
-0.00333491,null,null,null,0.000970362
0.992885,-0.0101045,null,null,null
0.30466,null,-0.331995,null,null
0.0435162,null,null,0.0499745,null
0.000103822,null,null,null,-0.00557404
0.992901,-0.0156906,null,null,null
0.294168,null,-0.29112,null,null
0.117319,null,null,0.0920281,null
0.00464888,null,null,null,-0.00791656
0.992853,-0.0129423,null,null,null
0.242352,null,-0.244034,null,null
0.0715392,null,null,0.0737646,null
-0.000464365,null,null,null,-0.00386074
0.992853,-0.00835261,null,null,null
0.292015,null,-0.249396,null,null
0.108296,null,null,0.050969,null
-0.00152532,null,null,null,-0.00130026
0.992909,-0.00775491,null,null,null
0.288165,null,-0.235956,null,null
0.0772942,null,null,0.0257211,null
-0.00187849,null,null,null,-0.00134552
0.993011,-0.00306445,null,null,null
0.226731,null,-0.264505,null,null
0.0511524,null,null,0.0602371,null
-0.00108944,null,null,null,-0.00284028
0.992997,-0.00292687,null,null,null
0.244393,null,-0.191275,null,null
0.00147758,null,null,0.0698385,null
-0.000161017,null,null,null,-0.00144875
0.992971,-0.00630766,null,null,null
0.250524,null,-0.195149,null,null
0.0540914,null,null,0.0364134,null
-0.00229633,null,null,null,-0.00251484
0.993089,-0.00953336,null,null,null
0.188472,null,-0.218404,null,null
0.0384883,null,null,0.0523171,null
0.00212016,null,null,null,-0.00314404
0.993069,-0.00867106,null,null,null
0.290641,null,-0.202889,null,null
0.11424,null,null,0.00268218,null
0.00125451,null,null,null,0.000168191
0.99296,-0.00795791,null,null,null
0.22965,null,-0.162834,null,null
0.150058,null,null,-0.0131118,null
0.0036243,null,null,null,0.00298373
0.992953,-0.00766245,null,null,null
0.2135,null,-0.184735,null,null
0.0975942,null,null,-0.0244731,null
-0.000668413,null,null,null,-0.00293596
0.992953,-0.00766245,null,null,null
0.2135,null,-0.184735,null,null
0.0975942,null,null,-0.0244731,null
-0.000668413,null,null,null,-0.00293596
0.992888,-0.00991092,null,null,null
0.253535,null,-0.205989,null,null
0.105135,null,null,-0.017302,null
0.00364204,null,null,null,-0.00389394
0.992953,-0.00615096,null,null,null
0.162551,null,-0.103702,null,null
0.0758825,null,null,0.00536982,null
0.001881,null,null,null,-0.00253921
0.992869,-0.00746358,null,null,null
0.196878,null,-0.104073,null,null
0.083634,null,null,0.0444391,null
0.000437073,null,null,null,-0.00109384
0.992924,-0.00896194,null,null,null
0.265147,null,-0.145926,null,null
0.0811344,null,null,0.0204479,null
-0.00339202,null,null,null,-3.62465e-06
0.992964,-0.00594879,null,null,null
0.174217,null,-0.151201,null,null
0.0248806,null,null,0.0223006,null
0.00184825,null,null,null,0.00936319
0.992945,-0.00809714,null,null,null
0.250418,null,-0.14913,null,null
0.031027,null,null,0.0683322,null
0.0027899,null,null,null,0.00706941
0.992989,-0.00650573,null,null,null
0.180676,null,-0.133461,null,null
0.0626585,null,null,0.044739,null
0.000801955,null,null,null,0.00459869
0.99295,-0.0135932,null,null,null
0.12757,null,-0.191474,null,null
0.0281219,null,null,0.0292164,null
0.000444231,null,null,null,0.00532937
0.992934,-0.0126716,null,null,null
0.231744,null,-0.204659,null,null
-0.0147098,null,null,0.000895775,null
0.00237824,null,null,null,-0.00497394
0.992844,-0.0128756,null,null,null
0.260556,null,-0.164295,null,null
-0.0203426,null,null,-0.0360056,null
-0.00123996,null,null,null,0.00161057
0.992816,-0.0134512,null,null,null
0.192379,null,-0.107323,null,null
-0.046243,null,null,-0.0406089,null
-0.00177464,null,null,null,-0.000708532
0.992842,-0.0135715,null,null,null
0.18415,null,-0.165976,null,null
-0.0438601,null,null,-0.0618307,null
-0.00528834,null,null,null,0.000807853
0.992935,-0.0126925,null,null,null
0.233167,null,-0.235841,null,null
-0.0789882,null,null,-0.0159674,null
0.00092049,null,null,null,-0.0034261
0.992748,-0.0119751,null,null,null
0.277931,null,-0.194826,null,null
0.0460286,null,null,0.0174562,null
-0.000742335,null,null,null,-0.000631333
0.992888,-0.0162368,null,null,null
0.295988,null,-0.208358,null,null
-0.0142775,null,null,-0.00841266,null
-0.00240617,null,null,null,-0.00114702
0.992856,-0.0198101,null,null,null
0.234235,null,-0.214456,null,null
-0.0697408,null,null,-0.0246623,null
-0.00784034,null,null,null,0.000905255
0.992856,-0.0198101,null,null,null
0.234235,null,-0.214456,null,null
-0.0697408,null,null,-0.0246623,null
-0.00784034,null,null,null,0.000905255
0.992868,-0.0126556,null,null,null
0.276979,null,-0.27936,null,null
-0.0316488,null,null,-0.0419666,null
-0.00445364,null,null,null,-0.00151405
0.992704,-0.0188825,null,null,null
0.282568,null,-0.255976,null,null
-0.0919204,null,null,-0.0873465,null
-0.0045472,null,null,null,0.000423721
0.992704,-0.0188825,null,null,null
0.282568,null,-0.255976,null,null
-0.0919204,null,null,-0.0873465,null
-0.0045472,null,null,null,0.000423721
0.992471,-0.0226308,null,null,null
0.264568,null,-0.255446,null,null
-0.135895,null,null,-0.147656,null
-0.00363945,null,null,null,-0.00234716
0.992471,-0.0226308,null,null,null
0.264568,null,-0.255446,null,null
-0.135895,null,null,-0.147656,null
-0.00363945,null,null,null,-0.00234716
0.992691,-0.0252381,null,null,null
0.246622,null,-0.239374,null,null
-0.0873066,null,null,-0.0802365,null
-0.00179021,null,null,null,0.000947843
0.992825,-0.0165467,null,null,null
0.248355,null,-0.241883,null,null
-0.054714,null,null,-0.107208,null
-0.00375275,null,null,null,-0.00022127
0.992719,-0.0142694,null,null,null
0.249516,null,-0.25474,null,null
-0.0205203,null,null,-0.147491,null
-0.0023378,null,null,null,0.00387245
0.992783,-0.0166359,null,null,null
0.339784,null,-0.233275,null,null
-0.019159,null,null,-0.165019,null
-0.00247702,null,null,null,0.00109756
0.992783,-0.0206529,null,null,null
0.382893,null,-0.27547,null,null
-0.0100017,null,null,-0.139204,null
0.00562685,null,null,null,-0.00305745
0.992749,-0.0248373,null,null,null
0.359602,null,-0.32549,null,null
-0.0110493,null,null,-0.128789,null
0.00272996,null,null,null,-0.00297445
0.992955,-0.0202411,null,null,null
0.313866,null,-0.339089,null,null
-0.0206559,null,null,-0.133841,null
-0.00279912,null,null,null,-0.00614721
0.99282,-0.0212594,null,null,null
0.341197,null,-0.335555,null,null
-0.012481,null,null,-0.0822519,null
0.000791451,null,null,null,-0.00766543
0.993017,-0.0201159,null,null,null
0.288561,null,-0.266817,null,null
-0.0384069,null,null,-0.110249,null
0.00452359,null,null,null,-0.00321834
0.99313,-0.0171812,null,null,null
0.305883,null,-0.273145,null,null
-0.0525169,null,null,-0.169005,null
0.00453496,null,null,null,0.00148209
0.992999,-0.0138882,null,null,null
0.331939,null,-0.305654,null,null
-0.0597311,null,null,-0.0992984,null
0.000315949,null,null,null,-0.00734903
0.993159,-0.0129815,null,null,null
0.386213,null,-0.281821,null,null
-0.0892893,null,null,-0.0623809,null
-0.00101912,null,null,null,-0.00774045
0.993159,-0.0129815,null,null,null
0.386213,null,-0.281821,null,null
-0.0892893,null,null,-0.0623809,null
-0.00101912,null,null,null,-0.00774045
0.993199,-0.0131975,null,null,null
0.374985,null,-0.220683,null,null
-0.0467001,null,null,0.0199168,null
-0.000704465,null,null,null,-0.00167242
0.992941,-0.021871,null,null,null
0.349256,null,-0.224055,null,null
-0.138476,null,null,0.0643433,null
0.00180041,null,null,null,0.00106219
0.992941,-0.021871,null,null,null
0.349256,null,-0.224055,null,null
-0.138476,null,null,0.0643433,null
0.00180041,null,null,null,0.00106219
0.992938,-0.0220994,null,null,null
0.393182,null,-0.102094,null,null
-0.140635,null,null,0.117774,null
0.00290184,null,null,null,0.00420186
0.992904,-0.020389,null,null,null
0.365036,null,-0.055082,null,null
-0.120449,null,null,0.154952,null
0.00038786,null,null,null,0.001571
0.992809,-0.0257531,null,null,null
0.341859,null,-0.116285,null,null
-0.109273,null,null,0.183876,null
0.001291,null,null,null,0.00143033
0.99299,-0.0213911,null,null,null
0.422776,null,-0.0876239,null,null
-0.148542,null,null,0.0666816,null
0.00026919,null,null,null,-0.00107157
0.992962,-0.0193672,null,null,null
0.41975,null,-0.0829616,null,null
-0.120946,null,null,0.0233699,null
-1.27612e-05,null,null,null,0.0021865
0.992938,-0.0163198,null,null,null
0.455732,null,-0.0187,null,null
-0.0912951,null,null,0.0499496,null
-0.00104619,null,null,null,-0.00114
0.99306,-0.0171766,null,null,null
0.349652,null,-0.00640081,null,null
-0.0657767,null,null,0.046924,null
0.00182256,null,null,null,0.00152659
0.993125,-0.0148044,null,null,null
0.319117,null,-0.088744,null,null
-0.0284949,null,null,-0.00326912,null
0.0104164,null,null,null,-0.00245446
0.993152,-0.0117911,null,null,null
0.312801,null,-0.0341875,null,null
-0.0339086,null,null,0.0241085,null
0.00457459,null,null,null,0.00152046
0.993176,-0.00881596,null,null,null
0.341331,null,0.0147816,null,null
0.0245096,null,null,0.0592171,null
0.00697558,null,null,null,0.0055388
0.993111,-0.0118476,null,null,null
0.342046,null,0.0277853,null,null
-0.0690144,null,null,0.0598417,null
0.00754375,null,null,null,-0.000802649
0.992873,-0.013579,null,null,null
0.36086,null,0.032441,null,null
-0.000315314,null,null,0.132524,null
0.00556824,null,null,null,0.00500863
0.992725,-0.0119002,null,null,null
0.42529,null,-0.0024561,null,null
-0.054185,null,null,0.103043,null
0.002769,null,null,null,0.0012847
0.992866,-0.00926818,null,null,null
0.388936,null,-0.0326874,null,null
-0.0565893,null,null,0.118985,null
-0.00104953,null,null,null,0.00327091
0.992745,-0.00685037,null,null,null
0.344743,null,-0.0300093,null,null
-0.0142979,null,null,0.0912101,null
0.00300286,null,null,null,-0.00225523
0.993038,-0.00702812,null,null,null
0.39944,null,0.0326816,null,null
0.0115178,null,null,0.142325,null
-0.000784976,null,null,null,-0.00386032
0.993004,0.00200349,null,null,null
0.400681,null,0.0689073,null,null
-0.0605575,null,null,0.152329,null
-0.00637975,null,null,null,-0.00544066
0.993004,0.00200349,null,null,null
0.400681,null,0.0689073,null,null
-0.0605575,null,null,0.152329,null
-0.00637975,null,null,null,-0.00544066
0.992956,0.00374063,null,null,null
0.352679,null,0.0407964,null,null
-0.0356546,null,null,0.140729,null
-0.00338286,null,null,null,-0.000554273
0.992956,0.00374063,null,null,null
0.352679,null,0.0407964,null,null
-0.0356546,null,null,0.140729,null
-0.00338286,null,null,null,-0.000554273
0.992912,0.00164988,null,null,null
0.385672,null,0.045243,null,null
-0.0707113,null,null,0.118407,null
-0.000115981,null,null,null,0.00013222
0.993034,-0.000608704,null,null,null
0.357484,null,-0.00113634,null,null
-0.123921,null,null,0.052764,null
-0.00426337,null,null,null,0.00327828
0.993129,0.00102425,null,null,null
0.332298,null,0.055103,null,null
-0.195586,null,null,0.0612864,null
-0.0050272,null,null,null,-0.00027598
0.993056,-0.000915484,null,null,null
0.308135,null,0.0594428,null,null
-0.109395,null,null,0.0354107,null
-0.0017666,null,null,null,0.00255201
0.993008,-0.00173115,null,null,null
0.309418,null,0.0893432,null,null
-0.125307,null,null,-0.013146,null
6.57063e-05,null,null,null,0.000879539
0.992807,-0.00153409,null,null,null
0.288527,null,0.12246,null,null
-0.181454,null,null,-0.0413473,null
-0.00165033,null,null,null,-0.000518164
0.99303,0.00104363,null,null,null
0.324845,null,0.0519086,null,null
-0.181562,null,null,-0.0336706,null
0.000439722,null,null,null,-0.00493449
0.993055,-0.000303205,null,null,null
0.291936,null,0.0880632,null,null
-0.211906,null,null,-0.0311417,null
0.00528738,null,null,null,0.00306243
0.993055,-0.000303205,null,null,null
0.291936,null,0.0880632,null,null
-0.211906,null,null,-0.0311417,null
0.00528738,null,null,null,0.00306243
0.993165,0.000159704,null,null,null
0.319968,null,0.132409,null,null
-0.197549,null,null,-0.0283335,null
0.0046988,null,null,null,0.000367424
0.993165,0.000159704,null,null,null
0.319968,null,0.132409,null,null
-0.197549,null,null,-0.0283335,null
0.0046988,null,null,null,0.000367424
0.993059,0.00293821,null,null,null
0.262985,null,0.0814442,null,null
-0.173896,null,null,-0.0120672,null
0.000238175,null,null,null,0.00226322
0.993214,0.00257199,null,null,null
0.275282,null,0.0396629,null,null
-0.110695,null,null,0.0277785,null
-0.000157481,null,null,null,0.00448266
0.993186,0.00524249,null,null,null
0.282396,null,0.0928965,null,null
-0.149445,null,null,0.0110891,null
-0.00248256,null,null,null,0.00505531
0.99318,0.00387923,null,null,null
0.319084,null,0.0825606,null,null
-0.223674,null,null,0.0348458,null
-0.00243131,null,null,null,0.00144772
0.993117,0.00733261,null,null,null
0.344395,null,0.116153,null,null
-0.260939,null,null,0.0481343,null
-0.000414912,null,null,null,-0.00473344
0.992989,0.00867059,null,null,null
0.294715,null,0.0821468,null,null
-0.149981,null,null,0.0107652,null
0.000724531,null,null,null,-0.00844747
0.99287,0.0108924,null,null,null
0.301511,null,0.110782,null,null
-0.16727,null,null,-0.00870901,null
0.00441892,null,null,null,-0.00572558
0.992856,0.0089101,null,null,null
0.349347,null,0.0841905,null,null
-0.152394,null,null,0.0144641,null
-0.000501992,null,null,null,-0.00217892
0.99267,0.0152879,null,null,null
0.334371,null,0.132069,null,null
-0.165736,null,null,-0.0278125,null
0.00155197,null,null,null,-0.00192016
0.9926,0.0118698,null,null,null
0.352118,null,0.10584,null,null
-0.115427,null,null,0.000264491,null
0.00206584,null,null,null,-0.00489831
0.992735,0.0103201,null,null,null
0.377045,null,0.17688,null,null
-0.175541,null,null,0.0507134,null
0.000811934,null,null,null,-0.00270377
0.992591,0.00623137,null,null,null
0.34272,null,0.131835,null,null
-0.182444,null,null,0.00092264,null
0.00116185,null,null,null,0.000725326
0.992895,0.00810033,null,null,null
0.433054,null,0.132224,null,null
-0.161369,null,null,0.0531753,null
-0.00268594,null,null,null,-0.00486401
0.992842,0.00804114,null,null,null
0.442421,null,0.144508,null,null
-0.172275,null,null,0.0307729,null
-0.00208411,null,null,null,-0.00245641
0.992932,0.0119519,null,null,null
0.393729,null,0.158809,null,null
-0.20368,null,null,-0.0113931,null
-0.00402919,null,null,null,-0.00555505
0.99269,0.0153781,null,null,null
0.414736,null,0.213459,null,null
-0.0705045,null,null,-0.037656,null
-0.00200086,null,null,null,-0.00492941
0.99269,0.0153781,null,null,null
0.414736,null,0.213459,null,null
-0.0705045,null,null,-0.037656,null
-0.00200086,null,null,null,-0.00492941
0.992772,0.0168202,null,null,null
0.39042,null,0.150359,null,null
-0.113183,null,null,-0.0256985,null
0.00196254,null,null,null,-0.00171255
0.992772,0.0168202,null,null,null
0.39042,null,0.150359,null,null
-0.113183,null,null,-0.0256985,null
0.00196254,null,null,null,-0.00171255
0.99277,0.016816,null,null,null
0.36538,null,0.184359,null,null
-0.168307,null,null,0.00623715,null
-0.00309232,null,null,null,-0.00413466
0.992725,0.0152458,null,null,null
0.391672,null,0.198387,null,null
-0.175319,null,null,0.123172,null
0.00120301,null,null,null,0.00074241
0.992842,0.0139836,null,null,null
0.340089,null,0.177861,null,null
-0.115076,null,null,0.0551678,null
0.00229586,null,null,null,-0.00453925
0.993001,0.0107197,null,null,null
0.259568,null,0.131055,null,null
-0.118313,null,null,0.0792532,null
-0.000654413,null,null,null,-0.0072295
0.993016,0.0127146,null,null,null
0.254469,null,0.140198,null,null
-0.103794,null,null,0.0540954,null
0.00682428,null,null,null,-0.00524551
0.993094,0.00442164,null,null,null
0.276765,null,0.151633,null,null
-0.0987689,null,null,0.0787201,null
0.00529212,null,null,null,-0.00354066
0.993169,0.0047226,null,null,null
0.291173,null,0.136709,null,null
-0.0261095,null,null,0.0736482,null
0.000783981,null,null,null,-0.00262853
0.993169,0.0047226,null,null,null
0.291173,null,0.136709,null,null
-0.0261095,null,null,0.0736482,null
0.000783981,null,null,null,-0.00262853
0.993155,0.00439979,null,null,null
0.266201,null,0.154179,null,null
0.000473509,null,null,0.185099,null
0.00497156,null,null,null,-0.00415876
0.993239,0.0029827,null,null,null
0.214804,null,0.161221,null,null
0.00424062,null,null,0.152845,null
0.00041049,null,null,null,-0.00166111
0.99314,0.00218384,null,null,null
0.279366,null,0.226406,null,null
0.00639085,null,null,0.182989,null
0.0073761,null,null,null,-0.00367656
0.99314,0.00218384,null,null,null
0.279366,null,0.226406,null,null
0.00639085,null,null,0.182989,null
0.0073761,null,null,null,-0.00367656
0.993047,-0.000539064,null,null,null
0.259704,null,0.220277,null,null
-0.0142404,null,null,0.138819,null
0.00319765,null,null,null,-0.0057365
0.993106,-0.000319411,null,null,null
0.216821,null,0.209833,null,null
0.0179874,null,null,0.138031,null
0.00337665,null,null,null,-0.00523048
0.993106,-0.000319411,null,null,null
0.216821,null,0.209833,null,null
0.0179874,null,null,0.138031,null
0.00337665,null,null,null,-0.00523048
0.993051,0.00547509,null,null,null
0.256968,null,0.211076,null,null
-0.03918,null,null,0.169456,null
0.00327275,null,null,null,0.00267875
0.993111,0.00560504,null,null,null
0.247133,null,0.238149,null,null
-0.0234921,null,null,0.166406,null
0.00957633,null,null,null,-0.000433621
0.99325,0.00390858,null,null,null
0.251291,null,0.25221,null,null
-0.065414,null,null,0.146394,null
0.00654084,null,null,null,0.000739731
0.993128,0.0037907,null,null,null
0.257029,null,0.278685,null,null
-0.048638,null,null,0.181819,null
0.00469799,null,null,null,0.00504416
0.992985,0.000268856,null,null,null
0.237185,null,0.288921,null,null
-0.0288323,null,null,0.153211,null
0.000988418,null,null,null,2.69919e-05
0.993194,0.00297029,null,null,null
0.150702,null,0.318801,null,null
0.0369499,null,null,0.0423495,null
-0.00594137,null,null,null,-0.000294839
0.993205,0.0014928,null,null,null
0.160311,null,0.312615,null,null
0.0213713,null,null,0.0820354,null
0.0046333,null,null,null,-0.00556901
0.993205,0.0014928,null,null,null
0.160311,null,0.312615,null,null
0.0213713,null,null,0.0820354,null
0.0046333,null,null,null,-0.00556901
0.993139,0.0039899,null,null,null
0.142109,null,0.264427,null,null
0.0461806,null,null,0.0118949,null
0.000623124,null,null,null,-0.01004
0.992985,0.0080024,null,null,null
0.158986,null,0.307625,null,null
0.0447002,null,null,0.0624765,null
-0.00038477,null,null,null,-0.00633759
0.992886,0.00476235,null,null,null
0.140874,null,0.336345,null,null
0.0251349,null,null,0.0143274,null
0.0056787,null,null,null,-0.00492429
0.992894,0.00327821,null,null,null
0.178555,null,0.347869,null,null
0.0339337,null,null,-0.0180662,null
0.00507343,null,null,null,-0.00875177
0.993056,0.00651759,null,null,null
0.220354,null,0.315195,null,null
0.035024,null,null,-0.046799,null
0.0036802,null,null,null,-0.00288258
0.993014,0.0109716,null,null,null
0.241066,null,0.284739,null,null
0.0905293,null,null,-0.0061185,null
-0.00223145,null,null,null,-0.00110519
0.993014,0.0109716,null,null,null
0.241066,null,0.284739,null,null
0.0905293,null,null,-0.0061185,null
-0.00223145,null,null,null,-0.00110519
0.993014,0.0109716,null,null,null
0.241066,null,0.284739,null,null
0.0905293,null,null,-0.0061185,null
-0.00223145,null,null,null,-0.00110519
0.992988,0.0033695,null,null,null
0.241948,null,0.233696,null,null
0.144655,null,null,-0.0369179,null
-0.0010382,null,null,null,-0.00305611
0.992988,0.0033695,null,null,null
0.241948,null,0.233696,null,null
0.144655,null,null,-0.0369179,null
-0.0010382,null,null,null,-0.00305611
0.992814,-0.00352973,null,null,null
0.286517,null,0.258419,null,null
0.0525347,null,null,-0.0175588,null
-0.00171004,null,null,null,0.00114188
0.992814,-0.00204279,null,null,null
0.232071,null,0.319862,null,null
0.0240726,null,null,-0.0093392,null
-0.000171265,null,null,null,-0.0021202
0.992876,0.00100852,null,null,null
0.251666,null,0.272147,null,null
0.00488349,null,null,0.062561,null
-0.00566312,null,null,null,0.0053907
0.992876,0.00100852,null,null,null
0.251666,null,0.272147,null,null
0.00488349,null,null,0.062561,null
-0.00566312,null,null,null,0.0053907
0.993041,0.000661933,null,null,null
0.290001,null,0.342074,null,null
0.0128689,null,null,0.031245,null
-2.2458e-05,null,null,null,0.000567955
0.993041,0.000661933,null,null,null
0.290001,null,0.342074,null,null
0.0128689,null,null,0.031245,null
-2.2458e-05,null,null,null,0.000567955
0.992989,0.00310772,null,null,null
0.27639,null,0.321072,null,null
0.0333837,null,null,0.00740324,null
-0.00530649,null,null,null,0.00171846
0.992807,0.0043625,null,null,null
0.301401,null,0.310513,null,null
0.025196,null,null,0.0565447,null
-0.00177411,null,null,null,0.00619429
0.992844,0.00525285,null,null,null
0.268153,null,0.279637,null,null
0.0735634,null,null,0.0538623,null
1.53959e-05,null,null,null,0.00657312
0.992844,0.00525285,null,null,null
0.268153,null,0.279637,null,null
0.0735634,null,null,0.0538623,null
1.53959e-05,null,null,null,0.00657312
0.992774,0.0050385,null,null,null
0.283269,null,0.318136,null,null
-0.0121396,null,null,0.0473091,null
-0.00226561,null,null,null,-0.000291685
0.992739,0.0081091,null,null,null
0.30694,null,0.309546,null,null
-0.0966397,null,null,0.0392739,null
0.000218544,null,null,null,0.000635016
0.993019,0.00135447,null,null,null
0.356071,null,0.310719,null,null
-0.0642269,null,null,0.0182906,null
0.000398896,null,null,null,-0.00275303
0.993076,0.000649749,null,null,null
0.318111,null,0.322145,null,null
-0.073489,null,null,0.0475245,null
0.00167546,null,null,null,0.00556928
0.993094,-0.00493616,null,null,null
0.253801,null,0.337901,null,null
-0.0194441,null,null,0.067196,null
-0.00196605,null,null,null,0.00288656
0.993094,-0.00493616,null,null,null
0.253801,null,0.337901,null,null
-0.0194441,null,null,0.067196,null
-0.00196605,null,null,null,0.00288656
0.993146,-7.22439e-05,null,null,null
0.220054,null,0.339434,null,null
-0.0543795,null,null,0.124785,null
-0.0067605,null,null,null,-0.000971712
0.993126,0.00700664,null,null,null
0.316837,null,0.305196,null,null
-0.0394183,null,null,0.101684,null
-0.00230808,null,null,null,-0.00359577
0.993251,0.00493934,null,null,null
0.245379,null,0.348193,null,null
-0.0625519,null,null,0.136325,null
-0.00348218,null,null,null,0.00328087
0.993134,0.00554433,null,null,null
0.26682,null,0.332471,null,null
-0.0975419,null,null,0.062572,null
0.00668303,null,null,null,-0.00342282
0.993095,0.00679438,null,null,null
0.295324,null,0.35479,null,null
-0.154336,null,null,0.130183,null
0.00148258,null,null,null,-0.00424056
0.993095,0.00679438,null,null,null
0.295324,null,0.35479,null,null
-0.154336,null,null,0.130183,null
0.00148258,null,null,null,-0.00424056
0.993099,0.00143755,null,null,null
0.30892,null,0.299596,null,null
-0.0843799,null,null,0.0699407,null
-0.00252049,null,null,null,-0.00168641
0.993079,-0.00336086,null,null,null
0.383725,null,0.294744,null,null
-0.106508,null,null,0.038919,null
0.000961384,null,null,null,0.00488471
0.993023,0.00345214,null,null,null
0.391305,null,0.258257,null,null
-0.130759,null,null,0.00593326,null
-0.00536946,null,null,null,0.00233334
0.993023,0.00345214,null,null,null
0.391305,null,0.258257,null,null
-0.130759,null,null,0.00593326,null
-0.00536946,null,null,null,0.00233334
0.993023,0.00345214,null,null,null
0.391305,null,0.258257,null,null
-0.130759,null,null,0.00593326,null
-0.00536946,null,null,null,0.00233334
0.992959,0.00134119,null,null,null
0.408251,null,0.214278,null,null
-0.103709,null,null,-0.0212938,null
-0.00124171,null,null,null,-0.00080071
0.993039,0.00130404,null,null,null
0.389115,null,0.203846,null,null
-0.0946655,null,null,-0.00681604,null
-0.00216918,null,null,null,0.00200212
0.99299,-0.00223439,null,null,null
0.395469,null,0.233889,null,null
-0.134444,null,null,0.0282153,null
-0.00190435,null,null,null,0.001969
0.99295,-0.00751806,null,null,null
0.403133,null,0.215465,null,null
-0.0985994,null,null,0.0374319,null
-0.00674637,null,null,null,-0.00113978
0.99295,-0.00751806,null,null,null
0.403133,null,0.215465,null,null
-0.0985994,null,null,0.0374319,null
-0.00674637,null,null,null,-0.00113978
0.99295,-0.00751806,null,null,null
0.403133,null,0.215465,null,null
-0.0985994,null,null,0.0374319,null
-0.00674637,null,null,null,-0.00113978
0.99295,-0.00751806,null,null,null
0.403133,null,0.215465,null,null
-0.0985994,null,null,0.0374319,null
-0.00674637,null,null,null,-0.00113978
0.992959,-0.00671676,null,null,null
0.433472,null,0.262256,null,null
-0.0941511,null,null,-0.0190385,null
-0.00220719,null,null,null,0.00154384
0.992754,-0.00528239,null,null,null
0.470836,null,0.269336,null,null
-0.0613576,null,null,0.0283937,null
-0.00253388,null,null,null,0.000264014
0.992754,-0.00528239,null,null,null
0.470836,null,0.269336,null,null
-0.0613576,null,null,0.0283937,null
-0.00253388,null,null,null,0.000264014
0.992754,-0.00528239,null,null,null
0.470836,null,0.269336,null,null
-0.0613576,null,null,0.0283937,null
-0.00253388,null,null,null,0.000264014
0.992964,-0.00306893,null,null,null
0.415286,null,0.263224,null,null
-0.0651599,null,null,0.0457033,null
-0.00259436,null,null,null,0.000151404
0.992923,-0.00854306,null,null,null
0.442681,null,0.206229,null,null
-0.02667,null,null,0.0361983,null
0.000157776,null,null,null,0.000520315
0.992923,-0.00854306,null,null,null
0.442681,null,0.206229,null,null
-0.02667,null,null,0.0361983,null
0.000157776,null,null,null,0.000520315
0.992931,-0.00803559,null,null,null
0.426921,null,0.192416,null,null
-0.0457583,null,null,-0.0323344,null
-0.00952014,null,null,null,-0.000846451
0.992931,-0.00803559,null,null,null
0.426921,null,0.192416,null,null
-0.0457583,null,null,-0.0323344,null
-0.00952014,null,null,null,-0.000846451
0.993044,-0.00711375,null,null,null
0.4313,null,0.140804,null,null
-0.00981417,null,null,0.0255729,null
-0.00520815,null,null,null,-9.7187e-05
0.993096,-0.0105699,null,null,null
0.444526,null,0.140487,null,null
0.0440175,null,null,0.0199033,null
-0.00550445,null,null,null,-0.000516499
0.993189,-0.00855994,null,null,null
0.39492,null,0.155787,null,null
0.039659,null,null,0.0609079,null
-0.00291837,null,null,null,0.00332665
0.99313,-0.0113288,null,null,null
0.383975,null,0.117559,null,null
-0.0123482,null,null,0.0188921,null
-0.00105686,null,null,null,0.001404
0.99313,-0.0113288,null,null,null
0.383975,null,0.117559,null,null
-0.0123482,null,null,0.0188921,null
-0.00105686,null,null,null,0.001404
0.99313,-0.0113288,null,null,null
0.383975,null,0.117559,null,null
-0.0123482,null,null,0.0188921,null
-0.00105686,null,null,null,0.001404
0.99313,-0.0113288,null,null,null
0.383975,null,0.117559,null,null
-0.0123482,null,null,0.0188921,null
-0.00105686,null,null,null,0.001404
0.993188,-0.0133668,null,null,null
0.364428,null,0.128509,null,null
0.012943,null,null,-0.0504378,null
-0.00319184,null,null,null,0.00065694
0.993053,-0.0182191,null,null,null
0.324821,null,0.133809,null,null
-0.0377976,null,null,-0.0293533,null
-0.00451206,null,null,null,-0.00403401
0.993102,-0.0150235,null,null,null
0.34014,null,0.152542,null,null
-0.061853,null,null,-0.0490986,null
-0.00338967,null,null,null,-0.00453673
0.993075,-0.0193518,null,null,null
0.244246,null,0.212548,null,null
-0.0508314,null,null,-0.0203299,null
-0.0066241,null,null,null,-0.00564333
0.993075,-0.0193518,null,null,null
0.244246,null,0.212548,null,null
-0.0508314,null,null,-0.0203299,null
-0.0066241,null,null,null,-0.00564333
0.992936,-0.0189736,null,null,null
0.307968,null,0.220079,null,null
0.0217948,null,null,0.0267146,null
0.00370045,null,null,null,-0.0009127
0.993026,-0.0185326,null,null,null
0.287782,null,0.25787,null,null
0.0181324,null,null,-0.0351248,null
0.00615,null,null,null,0.00036947
0.993165,-0.0160327,null,null,null
0.26791,null,0.244314,null,null
0.048404,null,null,-0.0754247,null
0.00303396,null,null,null,0.00429052
0.993165,-0.0160327,null,null,null
0.26791,null,0.244314,null,null
0.048404,null,null,-0.0754247,null
0.00303396,null,null,null,0.00429052
0.993035,-0.0109879,null,null,null
0.233643,null,0.294649,null,null
0.0410722,null,null,-0.0981251,null
0.0034131,null,null,null,0.00710731
0.992941,-0.0149858,null,null,null
0.235071,null,0.234779,null,null
0.00787019,null,null,-0.151664,null
-0.00224339,null,null,null,0.00466156
0.992741,-0.024778,null,null,null
0.268103,null,0.184851,null,null
-0.0268609,null,null,-0.161628,null
-0.00433023,null,null,null,0.00184259
0.992824,-0.0225272,null,null,null
0.230178,null,0.214259,null,null
-0.0439765,null,null,-0.121137,null
-0.00340695,null,null,null,-0.000564051
0.992731,-0.0256979,null,null,null
0.259188,null,0.232877,null,null
-0.0928711,null,null,-0.0666695,null
-0.00278786,null,null,null,0.00278891
0.992684,-0.0236334,null,null,null
0.244354,null,0.244257,null,null
-0.108161,null,null,-0.0717285,null
0.000963834,null,null,null,0.00320921
0.992776,-0.0217736,null,null,null
0.25142,null,0.285923,null,null
-0.1279,null,null,-0.107633,null
0.0003863,null,null,null,0.00353867
0.992862,-0.0171435,null,null,null
0.20434,null,0.225836,null,null
-0.0880362,null,null,-0.0751731,null
0.00366194,null,null,null,0.00709526
0.992757,-0.0146741,null,null,null
0.268349,null,0.287208,null,null
-0.0696252,null,null,-0.0649444,null
-0.00134827,null,null,null,0.00121081
0.992849,-0.0110719,null,null,null
0.219323,null,0.282989,null,null
-0.0702849,null,null,-0.12181,null
0.00552872,null,null,null,0.00232091
0.992838,-0.00516064,null,null,null
0.245599,null,0.262493,null,null
-0.0559395,null,null,-0.0608317,null
-6.18736e-05,null,null,null,0.00350429
0.992838,-0.00516064,null,null,null
0.245599,null,0.262493,null,null
-0.0559395,null,null,-0.0608317,null
-6.18736e-05,null,null,null,0.00350429
0.992883,-0.00166281,null,null,null
0.244091,null,0.240444,null,null
-0.0463214,null,null,-0.0686647,null
0.00363551,null,null,null,0.00843415
0.992875,-0.00522349,null,null,null
0.25415,null,0.322579,null,null
-0.0145938,null,null,-0.066666,null
0.00230173,null,null,null,-0.00116088
0.9928,-0.00603785,null,null,null
0.218909,null,0.312755,null,null
-0.0574407,null,null,-0.101731,null
0.00295235,null,null,null,-0.00318475
0.992891,-0.00488366,null,null,null
0.13861,null,0.276791,null,null
-0.0554146,null,null,-0.0549084,null
0.0034257,null,null,null,0.000644284
0.992891,-0.00488366,null,null,null
0.13861,null,0.276791,null,null
-0.0554146,null,null,-0.0549084,null
0.0034257,null,null,null,0.000644284
0.992891,-0.00488366,null,null,null
0.13861,null,0.276791,null,null
-0.0554146,null,null,-0.0549084,null
0.0034257,null,null,null,0.000644284
0.993016,-0.00174552,null,null,null
0.169365,null,0.268865,null,null
-0.0297996,null,null,-0.0780555,null
0.00216555,null,null,null,-0.000126323
0.993044,-0.0130266,null,null,null
0.0713587,null,0.231961,null,null
-0.061546,null,null,0.00952785,null
-0.00567356,null,null,null,0.00512869
0.99297,-0.00699268,null,null,null
0.07136,null,0.223305,null,null
-0.0695043,null,null,-0.039555,null
-0.00154087,null,null,null,-0.00565474
0.993003,-0.0078815,null,null,null
0.10373,null,0.272842,null,null
-0.0939582,null,null,-0.0537735,null
0.00102721,null,null,null,0.000309019
0.993108,-0.00896719,null,null,null
0.0956562,null,0.236992,null,null
-0.0343772,null,null,-0.0920386,null
-0.004438,null,null,null,-6.25511e-05
0.993019,-0.0059578,null,null,null
0.0484318,null,0.240163,null,null
-0.0592623,null,null,-0.0998325,null
0.0024198,null,null,null,-0.00291843
0.993071,-0.00518253,null,null,null
0.0748723,null,0.20048,null,null
-0.0665036,null,null,-0.0556785,null
0.0021547,null,null,null,-0.00253829
0.993071,-0.00518253,null,null,null
0.0748723,null,0.20048,null,null
-0.0665036,null,null,-0.0556785,null
0.0021547,null,null,null,-0.00253829
0.993003,0.00517596,null,null,null
0.0274567,null,0.192795,null,null
-0.0680706,null,null,-0.0357749,null
-0.000775169,null,null,null,-0.000631984
0.993003,0.00517596,null,null,null
0.0274567,null,0.192795,null,null
-0.0680706,null,null,-0.0357749,null
-0.000775169,null,null,null,-0.000631984
0.993116,0.000672439,null,null,null
0.0631309,null,0.156828,null,null
-0.00261695,null,null,-0.00681909,null
-0.00551981,null,null,null,-0.000662906
0.993039,-0.000612344,null,null,null
0.0792338,null,0.223711,null,null
-0.106783,null,null,-0.0182161,null
0.00225049,null,null,null,-0.0056435
0.993039,-0.000612344,null,null,null
0.0792338,null,0.223711,null,null
-0.106783,null,null,-0.0182161,null
0.00225049,null,null,null,-0.0056435
0.992959,-0.00519635,null,null,null
0.0301675,null,0.223997,null,null
-0.0389499,null,null,-0.0248207,null
0.00577952,null,null,null,-0.00243847
0.992999,-0.00192158,null,null,null
0.0419277,null,0.194995,null,null
-0.0591431,null,null,-0.0161433,null
0.00386762,null,null,null,-0.00110196
0.992904,-0.00391956,null,null,null
-0.00101052,null,0.126775,null,null
-0.0725279,null,null,0.03691,null
0.00167744,null,null,null,-0.00114952
0.992982,-0.00460839,null,null,null
-0.0233924,null,0.106481,null,null
-0.0518808,null,null,0.108694,null
0.00173123,null,null,null,0.000221729
0.992941,-0.00938649,null,null,null
-0.0582375,null,0.207063,null,null
-0.0433432,null,null,0.039787,null
0.000703609,null,null,null,0.000779791
0.993128,-0.00662035,null,null,null
-0.0801941,null,0.221098,null,null
-0.0244941,null,null,-0.0184684,null
0.00297615,null,null,null,0.00297304
0.992947,-0.0103949,null,null,null
-0.059653,null,0.252904,null,null
0.026032,null,null,-0.00906557,null
0.00129174,null,null,null,-0.00183907
0.99275,-0.0130756,null,null,null
-0.0513534,null,0.20877,null,null
0.0192529,null,null,-0.0351421,null
0.00217381,null,null,null,-0.0015356
0.99275,-0.0130756,null,null,null
-0.0513534,null,0.20877,null,null
0.0192529,null,null,-0.0351421,null
0.00217381,null,null,null,-0.0015356
0.99275,-0.0130756,null,null,null
-0.0513534,null,0.20877,null,null
0.0192529,null,null,-0.0351421,null
0.00217381,null,null,null,-0.0015356
0.992783,-0.0185245,null,null,null
0.0434705,null,0.242219,null,null
0.0493193,null,null,-0.0458375,null
-0.0022892,null,null,null,-0.00388439
0.992821,-0.0203186,null,null,null
0.0232901,null,0.260395,null,null
0.0638759,null,null,-0.060559,null
-0.00446986,null,null,null,-0.004994
0.992794,-0.0172506,null,null,null
0.0517039,null,0.221529,null,null
0.112416,null,null,-0.0334709,null
-0.0111962,null,null,null,0.00242173
0.992819,-0.0131611,null,null,null
0.0514848,null,0.313009,null,null
0.135992,null,null,-0.0531025,null
-0.00224435,null,null,null,0.00448217
0.992819,-0.0131611,null,null,null
0.0514848,null,0.313009,null,null
0.135992,null,null,-0.0531025,null
-0.00224435,null,null,null,0.00448217
0.992571,-0.0174055,null,null,null
0.00846568,null,0.2293,null,null
0.116548,null,null,-0.017679,null
0.00283189,null,null,null,0.00313106
0.992571,-0.0174055,null,null,null
0.00846568,null,0.2293,null,null
0.116548,null,null,-0.017679,null
0.00283189,null,null,null,0.00313106
0.992614,-0.0108761,null,null,null
0.0481264,null,0.152225,null,null
0.104431,null,null,0.06641,null
0.00192009,null,null,null,0.00432852
0.992727,-0.0015698,null,null,null
-0.0212792,null,0.189096,null,null
0.0270768,null,null,0.0888709,null
0.00104185,null,null,null,0.00098361
0.992727,-0.0015698,null,null,null
-0.0212792,null,0.189096,null,null
0.0270768,null,null,0.0888709,null
0.00104185,null,null,null,0.00098361
0.992826,-0.00458731,null,null,null
0.00619124,null,0.20299,null,null
0.0719396,null,null,0.0339764,null
0.00135187,null,null,null,0.00282928
0.992826,-0.00458731,null,null,null
0.00619124,null,0.20299,null,null
0.0719396,null,null,0.0339764,null
0.00135187,null,null,null,0.00282928
0.992849,-0.00964795,null,null,null
0.0201174,null,0.214301,null,null
0.0131599,null,null,0.0789263,null
-0.00324282,null,null,null,0.00146249
0.992849,-0.00964795,null,null,null
0.0201174,null,0.214301,null,null
0.0131599,null,null,0.0789263,null
-0.00324282,null,null,null,0.00146249
0.992826,-0.0115823,null,null,null
0.0900394,null,0.231065,null,null
0.106125,null,null,0.0308824,null
0.00129142,null,null,null,0.0016932
0.992885,-0.0106876,null,null,null
0.0076487,null,0.258313,null,null
0.0489191,null,null,0.0492343,null
-0.00411903,null,null,null,0.00321789
0.993038,-0.0031769,null,null,null
0.0433816,null,0.201613,null,null
0.121314,null,null,0.0555064,null
-0.00153407,null,null,null,-0.00222701
0.993038,-0.0031769,null,null,null
0.0433816,null,0.201613,null,null
0.121314,null,null,0.0555064,null
-0.00153407,null,null,null,-0.00222701
0.993079,-0.000501241,null,null,null
0.03788,null,0.177028,null,null
0.125725,null,null,0.0530444,null
0.00358061,null,null,null,-0.00058396
0.993079,-0.000501241,null,null,null
0.03788,null,0.177028,null,null
0.125725,null,null,0.0530444,null
0.00358061,null,null,null,-0.00058396
0.993096,-0.00115095,null,null,null
0.0275883,null,0.224521,null,null
0.134197,null,null,0.0086471,null
0.00133717,null,null,null,-0.0080974
0.992864,0.00494393,null,null,null
-0.0251599,null,0.20899,null,null
0.138547,null,null,0.00304777,null
-0.0027133,null,null,null,-0.00396039
0.993006,0.00529489,null,null,null
0.0253456,null,0.20953,null,null
0.169437,null,null,-0.0310686,null
-0.00418292,null,null,null,-0.00499021
0.993156,3.50515e-05,null,null,null
0.0756337,null,0.17285,null,null
0.196374,null,null,-0.034945,null
0.000805174,null,null,null,0.00115897
0.992914,-0.00402029,null,null,null
0.0592385,null,0.155463,null,null
0.171809,null,null,-0.0401529,null
-0.0023857,null,null,null,-0.00246968
0.992974,-0.0038354,null,null,null
0.0302286,null,0.107395,null,null
0.154464,null,null,-0.0334366,null
0.00026057,null,null,null,-0.00530776
0.992874,0.00183311,null,null,null
-0.00287016,null,0.174868,null,null
0.146371,null,null,-0.0966994,null
0.00146998,null,null,null,-0.00152894
0.992975,0.00622584,null,null,null
-0.00242966,null,0.189861,null,null
0.240036,null,null,-0.0708579,null
-0.00299402,null,null,null,-0.0063187
0.992789,0.00879898,null,null,null
-0.0141366,null,0.150714,null,null
0.258499,null,null,0.0368421,null
0.00218855,null,null,null,-0.00286036
0.992789,0.00879898,null,null,null
-0.0141366,null,0.150714,null,null
0.258499,null,null,0.0368421,null
0.00218855,null,null,null,-0.00286036
0.992995,0.00613705,null,null,null
0.00576164,null,0.165453,null,null
0.173944,null,null,-0.0383288,null
0.00439821,null,null,null,-0.00248784
0.992995,0.00613705,null,null,null
0.00576164,null,0.165453,null,null
0.173944,null,null,-0.0383288,null
0.00439821,null,null,null,-0.00248784
0.993017,0.00590713,null,null,null
-0.0148708,null,0.160378,null,null
0.217301,null,null,-0.0690439,null
0.00170396,null,null,null,-0.00658934
0.993017,0.00590713,null,null,null
-0.0148708,null,0.160378,null,null
0.217301,null,null,-0.0690439,null
0.00170396,null,null,null,-0.00658934
0.992903,0.0093344,null,null,null
0.00210179,null,0.186234,null,null
0.260085,null,null,0.0186883,null
0.000916806,null,null,null,-0.00147509
0.992985,0.00840644,null,null,null
0.00245761,null,0.134315,null,null
0.24352,null,null,-0.00678673,null
0.00193713,null,null,null,-0.00267101
0.992985,0.00840644,null,null,null
0.00245761,null,0.134315,null,null
0.24352,null,null,-0.00678673,null
0.00193713,null,null,null,-0.00267101
0.992942,0.0113209,null,null,null
-0.0458537,null,0.130226,null,null
0.246748,null,null,-0.0339744,null
0.00308472,null,null,null,-0.0003126
0.992958,0.0102196,null,null,null
-0.0574496,null,0.131757,null,null
0.268543,null,null,-0.031584,null
0.000839701,null,null,null,0.000644588
0.992859,0.0155008,null,null,null
-0.0219496,null,0.157141,null,null
0.251574,null,null,0.024901,null
0.000676125,null,null,null,-0.00262051
0.992959,0.0150172,null,null,null
-0.0532934,null,0.185524,null,null
0.262022,null,null,0.0291744,null
-0.000208456,null,null,null,0.000241146
0.993016,0.0128048,null,null,null
-0.0332975,null,0.184606,null,null
0.154658,null,null,-0.0837445,null
0.000176523,null,null,null,0.00218385
0.993023,0.00967348,null,null,null
-0.0515759,null,0.211391,null,null
0.192167,null,null,-0.0422742,null
0.00260704,null,null,null,0.0027115
0.992908,0.0121164,null,null,null
-0.0505763,null,0.144214,null,null
0.144065,null,null,-0.0767094,null
0.00114726,null,null,null,-0.00146095
0.992908,0.0121164,null,null,null
-0.0505763,null,0.144214,null,null
0.144065,null,null,-0.0767094,null
0.00114726,null,null,null,-0.00146095
0.993034,0.0115587,null,null,null
-0.00675009,null,0.0984121,null,null
0.118147,null,null,-0.0898436,null
-0.00182535,null,null,null,0.00441244
0.992961,0.0106068,null,null,null
0.000990767,null,0.0077584,null,null
0.13325,null,null,-0.119559,null
0.00361748,null,null,null,0.00300149
0.992996,0.00820863,null,null,null
-0.0135936,null,0.0285426,null,null
0.19448,null,null,-0.0607825,null
0.00105588,null,null,null,0.00385608
0.992996,0.00820863,null,null,null
-0.0135936,null,0.0285426,null,null
0.19448,null,null,-0.0607825,null
0.00105588,null,null,null,0.00385608
0.992795,0.0128186,null,null,null
0.0125085,null,0.0356369,null,null
0.153609,null,null,-0.0787651,null
-0.00548827,null,null,null,0.00366114
0.99279,0.0184276,null,null,null
0.0169686,null,0.0164526,null,null
0.142559,null,null,-0.11344,null
-0.00281803,null,null,null,-0.000898196
0.992698,0.0236559,null,null,null
0.0561161,null,-0.0219836,null,null
0.113373,null,null,-0.133139,null
0.00302035,null,null,null,0.00118359
0.992683,0.0213975,null,null,null
0.0905324,null,-0.0365825,null,null
0.0773326,null,null,-0.125376,null
-0.00460213,null,null,null,0.0051552
0.992696,0.0240674,null,null,null
0.0649256,null,-0.0284001,null,null
0.0361681,null,null,-0.146381,null
-0.00311679,null,null,null,-0.000121924
0.992611,0.0256449,null,null,null
0.157139,null,-0.0129775,null,null
0.024798,null,null,-0.183787,null
-0.0068462,null,null,null,-0.00347987
0.992641,0.0283241,null,null,null
0.101258,null,0.0334007,null,null
0.0882866,null,null,-0.125259,null
-0.00526019,null,null,null,-0.00518366
0.992827,0.0191981,null,null,null
0.174205,null,0.0469697,null,null
0.139552,null,null,-0.191606,null
-0.00234149,null,null,null,-0.00437319
0.993115,0.0158341,null,null,null
0.13265,null,0.0379738,null,null
0.191149,null,null,-0.143187,null
-0.00298654,null,null,null,-0.00594314
0.992912,0.0134745,null,null,null
0.131559,null,-0.028842,null,null
0.242464,null,null,-0.169466,null
-0.00435191,null,null,null,0.0029765
0.992912,0.0134745,null,null,null
0.131559,null,-0.028842,null,null
0.242464,null,null,-0.169466,null
-0.00435191,null,null,null,0.0029765
0.993085,0.010383,null,null,null
0.104444,null,-0.033986,null,null
0.215134,null,null,-0.183185,null
0.00029222,null,null,null,0.00317952
0.993088,0.00892894,null,null,null
0.0540793,null,-0.0297668,null,null
0.196213,null,null,-0.195436,null
-0.00347927,null,null,null,-0.00389609
0.993161,0.00990297,null,null,null
0.179053,null,-0.0370771,null,null
0.210725,null,null,-0.175845,null
-0.00594556,null,null,null,-0.00379986
0.993161,0.00990297,null,null,null
0.179053,null,-0.0370771,null,null
0.210725,null,null,-0.175845,null
-0.00594556,null,null,null,-0.00379986
0.993138,0.0080264,null,null,null
0.167631,null,-0.120365,null,null
0.117311,null,null,-0.181904,null
-0.00425003,null,null,null,-0.0027079
0.993165,0.00419483,null,null,null
0.159381,null,-0.115906,null,null
0.127759,null,null,-0.21348,null
0.00386297,null,null,null,-0.0018645
0.993176,0.00664367,null,null,null
0.107472,null,-0.0975032,null,null
0.116285,null,null,-0.157465,null
-0.00145384,null,null,null,0.00229292
0.993076,0.000243141,null,null,null
0.114827,null,-0.10889,null,null
0.11169,null,null,-0.192546,null
-0.000225224,null,null,null,0.00281806
0.993054,0.00081368,null,null,null
0.0668504,null,-0.10416,null,null
0.142376,null,null,-0.196015,null
0.00330519,null,null,null,-0.00569535
0.992923,0.00329855,null,null,null
0.0147943,null,0.0110873,null,null
0.136501,null,null,-0.143164,null
0.00294553,null,null,null,-0.00305714
0.993062,-0.000126691,null,null,null
0.0573565,null,0.04883,null,null
0.11258,null,null,-0.19012,null
-0.000223798,null,null,null,-0.0061683
0.993049,0.000232766,null,null,null
0.1576,null,0.0196372,null,null
0.132399,null,null,-0.154113,null
-0.00521158,null,null,null,-0.0022516
0.993049,0.000232766,null,null,null
0.1576,null,0.0196372,null,null
0.132399,null,null,-0.154113,null
-0.00521158,null,null,null,-0.0022516
0.992836,0.00489133,null,null,null
0.147783,null,0.0145444,null,null
0.151624,null,null,-0.182745,null
0.00126915,null,null,null,0.000647101
0.992956,0.0029742,null,null,null
0.095267,null,0.0269916,null,null
0.170714,null,null,-0.203245,null
-0.00494815,null,null,null,0.00275319
0.992844,0.00143567,null,null,null
0.0697925,null,0.0135104,null,null
0.149698,null,null,-0.223117,null
0.00162381,null,null,null,0.00221956
0.992844,0.00143567,null,null,null
0.0697925,null,0.0135104,null,null
0.149698,null,null,-0.223117,null
0.00162381,null,null,null,0.00221956
0.99273,0.00474005,null,null,null
0.0871935,null,0.0388978,null,null
0.137045,null,null,-0.171346,null
0.00812056,null,null,null,-0.000775109
0.992919,0.00722965,null,null,null
0.0856907,null,0.0512911,null,null
0.113239,null,null,-0.184927,null
0.00670944,null,null,null,-0.00371364
0.992919,0.00722965,null,null,null
0.0856907,null,0.0512911,null,null
0.113239,null,null,-0.184927,null
0.00670944,null,null,null,-0.00371364
0.992896,0.00712391,null,null,null
0.0456409,null,0.0554067,null,null
0.125243,null,null,-0.172568,null
0.00433664,null,null,null,-0.00360369
0.992959,0.00304576,null,null,null
0.0726439,null,0.00192061,null,null
0.117283,null,null,-0.137771,null
-0.00149284,null,null,null,-0.00505886
0.99287,0.0054654,null,null,null
0.0903515,null,-0.0362701,null,null
0.061619,null,null,-0.129871,null
-0.00457236,null,null,null,-0.00476353
0.99287,0.0054654,null,null,null
0.0903515,null,-0.0362701,null,null
0.061619,null,null,-0.129871,null
-0.00457236,null,null,null,-0.00476353
0.99287,0.0054654,null,null,null
0.0903515,null,-0.0362701,null,null
0.061619,null,null,-0.129871,null
-0.00457236,null,null,null,-0.00476353
0.992909,0.00467126,null,null,null
0.0856839,null,-0.0612046,null,null
0.0137955,null,null,-0.107946,null
0.00305331,null,null,null,0.000704509
0.99289,0.00547866,null,null,null
0.0782466,null,-0.0449592,null,null
-0.00759407,null,null,-0.0959722,null
0.00224327,null,null,null,0.000559279
0.992989,0.0013474,null,null,null
0.112913,null,-0.0491559,null,null
-0.0447446,null,null,-0.0994369,null
0.00671149,null,null,null,-0.000966914
0.992918,0.00143341,null,null,null
0.0606976,null,-0.0500614,null,null
-0.0654986,null,null,-0.130785,null
0.00202498,null,null,null,-0.00122072
0.993045,0.00159169,null,null,null
-0.00226596,null,-0.0424699,null,null
-0.096169,null,null,-0.0778219,null
0.00145961,null,null,null,-0.00183986
0.993091,-0.00328514,null,null,null
0.0138875,null,-0.0113809,null,null
-0.0272829,null,null,-0.138962,null
0.00546111,null,null,null,0.00243452
0.993091,-0.00328514,null,null,null
0.0138875,null,-0.0113809,null,null
-0.0272829,null,null,-0.138962,null
0.00546111,null,null,null,0.00243452
0.993108,-0.00240839,null,null,null
0.0101862,null,-0.0840709,null,null
-0.0381775,null,null,-0.125751,null
-0.0022921,null,null,null,-0.00157908
0.993108,-0.00240839,null,null,null
0.0101862,null,-0.0840709,null,null
-0.0381775,null,null,-0.125751,null
-0.0022921,null,null,null,-0.00157908
0.993158,0.00448507,null,null,null
-0.0352805,null,-0.0901081,null,null
-0.088149,null,null,-0.16464,null
-0.00494786,null,null,null,0.00196149
0.993077,0.00296985,null,null,null
0.0168751,null,-0.140783,null,null
-0.1951,null,null,-0.208586,null
-0.00460921,null,null,null,-0.0021161
0.993016,-0.00126922,null,null,null
-0.0681064,null,-0.117897,null,null
-0.144545,null,null,-0.241365,null
-0.00175751,null,null,null,0.00169805
0.993016,-0.00126922,null,null,null
-0.0681064,null,-0.117897,null,null
-0.144545,null,null,-0.241365,null
-0.00175751,null,null,null,0.00169805
0.992805,0.000643345,null,null,null
0.00730547,null,-0.183355,null,null
-0.143634,null,null,-0.128521,null
-0.00117636,null,null,null,0.00342261
0.992977,0.00339935,null,null,null
-0.0331706,null,-0.174292,null,null
-0.12893,null,null,-0.14366,null
-0.00167675,null,null,null,0.00334883
0.992977,0.00339935,null,null,null
-0.0331706,null,-0.174292,null,null
-0.12893,null,null,-0.14366,null
-0.00167675,null,null,null,0.00334883
0.993176,0.00346756,null,null,null
0.0373951,null,-0.139836,null,null
-0.194445,null,null,-0.150649,null
9.0214e-05,null,null,null,-0.0010875
0.993176,0.00346756,null,null,null
0.0373951,null,-0.139836,null,null
-0.194445,null,null,-0.150649,null
9.0214e-05,null,null,null,-0.0010875
0.993115,0.00367219,null,null,null
0.0728735,null,-0.0712291,null,null
-0.158339,null,null,-0.156754,null
-0.00352852,null,null,null,0.000466993
0.993196,0.00528784,null,null,null
0.00886517,null,-0.100118,null,null
-0.164586,null,null,-0.169789,null
-0.00351886,null,null,null,-0.000172431
0.993131,0.00193095,null,null,null
0.0702013,null,-0.105195,null,null
-0.11066,null,null,-0.185452,null
-0.00371975,null,null,null,-0.00916561
0.993131,0.00193095,null,null,null
0.0702013,null,-0.105195,null,null
-0.11066,null,null,-0.185452,null
-0.00371975,null,null,null,-0.00916561
0.992984,0.00532671,null,null,null
0.0223589,null,-0.0926997,null,null
-0.0791162,null,null,-0.169564,null
-0.00248408,null,null,null,-0.00786985
0.992879,0.00472525,null,null,null
0.084957,null,-0.110022,null,null
-0.112419,null,null,-0.169856,null
-0.00221126,null,null,null,-0.00181858
0.993046,0.00544793,null,null,null
0.0607045,null,-0.10109,null,null
-0.108943,null,null,-0.191679,null
-0.0023608,null,null,null,0.000427901
0.99305,0.00525791,null,null,null
0.074124,null,-0.0198006,null,null
-0.112198,null,null,-0.112572,null
-0.000487699,null,null,null,0.00332549
0.993158,0.00077836,null,null,null
0.0506581,null,-0.0213498,null,null
-0.136882,null,null,-0.125165,null
0.00799594,null,null,null,-0.00299431
0.993158,0.00077836,null,null,null
0.0506581,null,-0.0213498,null,null
-0.136882,null,null,-0.125165,null
0.00799594,null,null,null,-0.00299431
0.993193,-0.008352,null,null,null
0.0532079,null,-0.0952682,null,null
-0.197139,null,null,-0.105517,null
0.00235209,null,null,null,-0.00149223
0.993189,0.00148741,null,null,null
-0.00151991,null,0.018694,null,null
-0.207069,null,null,-0.06636,null
0.00156759,null,null,null,0.000636121
0.99319,-0.000657432,null,null,null
0.0259325,null,-0.00901371,null,null
-0.114602,null,null,-0.1121,null
-0.00369598,null,null,null,0.00532673
0.993181,0.00264471,null,null,null
0.0357509,null,-0.0617669,null,null
-0.101165,null,null,-0.089406,null
-0.00010015,null,null,null,0.00233564
0.993252,-0.0029461,null,null,null
-0.00721504,null,-0.151871,null,null
-0.15362,null,null,-0.038492,null
0.00240681,null,null,null,0.000960215
0.993188,-0.00433016,null,null,null
-0.0509511,null,-0.21113,null,null
-0.132145,null,null,-0.0151905,null
0.00731946,null,null,null,-0.000101638
0.99294,-0.00340159,null,null,null
-0.0846411,null,-0.222561,null,null
-0.0525889,null,null,0.0242415,null
0.00414325,null,null,null,0.00130594
0.99308,0.000116019,null,null,null
-0.085485,null,-0.199615,null,null
-0.0317606,null,null,0.0556164,null
-0.00329956,null,null,null,0.003212
0.99308,0.000116019,null,null,null
-0.085485,null,-0.199615,null,null
-0.0317606,null,null,0.0556164,null
-0.00329956,null,null,null,0.003212
0.99302,0.0046072,null,null,null
-0.106082,null,-0.213389,null,null
-0.0934968,null,null,0.041643,null
0.0022262,null,null,null,0.00270011
0.993006,0.00486139,null,null,null
-0.0982179,null,-0.271541,null,null
-0.0957807,null,null,0.0787165,null
-0.00103073,null,null,null,0.00145327
0.992984,0.00461375,null,null,null
-0.111997,null,-0.295786,null,null
-0.0318498,null,null,0.027719,null
-0.0022901,null,null,null,0.00908396
0.993021,0.00107755,null,null,null
-0.13372,null,-0.25249,null,null
-0.122028,null,null,0.0157829,null
0.004007,null,null,null,0.00988221
0.99302,-0.00312874,null,null,null
-0.113101,null,-0.270757,null,null
-0.15854,null,null,-0.015021,null
-0.00119242,null,null,null,0.0046353
0.992969,0.00162524,null,null,null
-0.0959352,null,-0.232465,null,null
-0.188768,null,null,-0.0613068,null
0.00162483,null,null,null,0.00362482
0.992985,-0.000144386,null,null,null
-0.120295,null,-0.252613,null,null
-0.215109,null,null,-0.108482,null
-0.00208179,null,null,null,-0.00185891
0.992973,0.000529734,null,null,null
-0.149789,null,-0.179147,null,null
-0.244234,null,null,-0.108366,null
0.00317581,null,null,null,-0.000696002
0.99287,-0.000108476,null,null,null
-0.0991519,null,-0.211741,null,null
-0.258085,null,null,-0.0809284,null
-0.00250694,null,null,null,-0.00228499
0.992986,0.00310641,null,null,null
-0.11832,null,-0.204539,null,null
-0.209553,null,null,-0.0495634,null
0.000141125,null,null,null,-0.00033796
0.99288,0.00634476,null,null,null
-0.119066,null,-0.151215,null,null
-0.223196,null,null,-0.0971495,null
0.00262855,null,null,null,-0.000300981
0.992835,0.0147279,null,null,null
-0.198476,null,-0.143744,null,null
-0.213358,null,null,-0.056679,null
-0.00314818,null,null,null,-0.00128317
0.992696,0.0140495,null,null,null
-0.137376,null,-0.104957,null,null
-0.188095,null,null,-0.0684344,null
-0.00289594,null,null,null,-0.000512323
0.9927,0.0119327,null,null,null
-0.163146,null,-0.0568074,null,null
-0.157956,null,null,-0.154485,null
-0.00357839,null,null,null,0.000159016
0.992709,0.0122934,null,null,null
-0.0874271,null,-0.0184894,null,null
-0.173359,null,null,-0.138795,null
-0.00153289,null,null,null,0.00505961
0.992631,0.0220347,null,null,null
-0.133598,null,-0.024374,null,null
-0.13356,null,null,-0.125768,null
-0.000367401,null,null,null,0.0039937
0.992674,0.0147009,null,null,null
-0.0584551,null,-0.0494261,null,null
-0.228831,null,null,-0.143724,null
-4.86677e-05,null,null,null,0.00625827
0.992674,0.0147009,null,null,null
-0.0584551,null,-0.0494261,null,null
-0.228831,null,null,-0.143724,null
-4.86677e-05,null,null,null,0.00625827
0.992779,0.0104712,null,null,null
-0.0128485,null,0.0121488,null,null
-0.224032,null,null,-0.153174,null
-0.000246259,null,null,null,0.00245304
0.992879,0.00775444,null,null,null
0.00186038,null,0.000157385,null,null
-0.30853,null,null,-0.144052,null
-0.000163667,null,null,null,0.00490776
0.992727,0.00431972,null,null,null
0.0708476,null,-0.0248864,null,null
-0.293285,null,null,-0.0588743,null
-0.000304605,null,null,null,0.00181424
0.992727,0.00431972,null,null,null
0.0708476,null,-0.0248864,null,null
-0.293285,null,null,-0.0588743,null
-0.000304605,null,null,null,0.00181424
0.992794,0.0106414,null,null,null
0.0232396,null,0.042847,null,null
-0.298556,null,null,-0.0263385,null
-0.00528231,null,null,null,0.000389094
0.992794,0.0106414,null,null,null
0.0232396,null,0.042847,null,null
-0.298556,null,null,-0.0263385,null
-0.00528231,null,null,null,0.000389094
0.99261,0.0150384,null,null,null
-0.0130369,null,0.0229924,null,null
-0.211966,null,null,0.0183996,null
0.0031724,null,null,null,0.00644697
0.992751,0.0131767,null,null,null
-0.0796608,null,0.0701851,null,null
-0.263971,null,null,0.0764171,null
0.00141104,null,null,null,0.00601516
0.992765,0.00831588,null,null,null
-0.122372,null,0.0500698,null,null
-0.289293,null,null,0.0852836,null
0.00556181,null,null,null,0.00338225
0.992765,0.00831588,null,null,null
-0.122372,null,0.0500698,null,null
-0.289293,null,null,0.0852836,null
0.00556181,null,null,null,0.00338225
0.992653,0.0104872,null,null,null
-0.119972,null,0.136802,null,null
-0.223434,null,null,0.0757854,null
0.0106922,null,null,null,0.00661244
0.992865,0.0113674,null,null,null
-0.133479,null,0.0906411,null,null
-0.271749,null,null,0.0180937,null
0.00128411,null,null,null,-0.001619
0.992894,0.0163333,null,null,null
-0.0970344,null,0.106237,null,null
-0.21621,null,null,0.06202,null
0.00117429,null,null,null,-0.00102333
0.99293,0.0128383,null,null,null
-0.0781193,null,0.0864083,null,null
-0.231217,null,null,0.0149666,null
-0.00183257,null,null,null,0.00453385
0.992809,0.0170724,null,null,null
-0.040235,null,0.0913257,null,null
-0.258273,null,null,0.0231134,null
-0.00165706,null,null,null,-0.000632274
0.992759,0.0109492,null,null,null
-0.0226384,null,0.0718101,null,null
-0.292322,null,null,0.060275,null
0.000576522,null,null,null,0.00129029
0.992819,0.013873,null,null,null
-0.0487091,null,0.10214,null,null
-0.29626,null,null,0.0768155,null
-0.000428321,null,null,null,-0.00122955
0.992942,0.00823816,null,null,null
-0.0574877,null,0.0597011,null,null
-0.287708,null,null,0.0970289,null
0.00102188,null,null,null,0.000504147
0.992821,0.0145883,null,null,null
-0.0776819,null,-0.0280629,null,null
-0.254275,null,null,0.122823,null
-0.00304368,null,null,null,-0.00434299
0.992736,0.0146488,null,null,null
-0.0840409,null,-0.0101892,null,null
-0.331219,null,null,0.0813285,null
-0.00399335,null,null,null,-0.00335157
0.992703,0.0169084,null,null,null
-0.0758004,null,0.0391797,null,null
-0.263809,null,null,0.0985329,null
-0.00945427,null,null,null,-0.00507781
0.992912,0.0191201,null,null,null
-0.0717564,null,-0.0170851,null,null
-0.29751,null,null,0.0590456,null
-0.00732581,null,null,null,-0.000541044
0.992927,0.0185258,null,null,null
-0.0756726,null,0.104589,null,null
-0.231436,null,null,0.0326799,null
-0.00255051,null,null,null,-0.00155802
0.992846,0.0245171,null,null,null
-0.0612285,null,0.0668479,null,null
-0.228738,null,null,-0.0231529,null
-0.0064748,null,null,null,-0.000923296
0.992846,0.0245171,null,null,null
-0.0612285,null,0.0668479,null,null
-0.228738,null,null,-0.0231529,null
-0.0064748,null,null,null,-0.000923296
0.992611,0.0296138,null,null,null
0.0521646,null,0.0960928,null,null
-0.26208,null,null,0.063381,null
-0.00964321,null,null,null,-0.00415596
0.99277,0.0294837,null,null,null
-0.0206738,null,0.108686,null,null
-0.270034,null,null,0.0729855,null
-0.00251579,null,null,null,-0.000717952
0.9928,0.028236,null,null,null
0.0134409,null,0.159472,null,null
-0.170728,null,null,0.0784929,null
-0.00251669,null,null,null,-0.00327175
0.992794,0.0264804,null,null,null
0.0434149,null,0.171336,null,null
-0.176105,null,null,0.111103,null
-0.0054831,null,null,null,0.00280767
0.992815,0.025615,null,null,null
0.0577444,null,0.174443,null,null
-0.200286,null,null,0.122282,null
0.00343277,null,null,null,0.00221779
0.992815,0.025615,null,null,null
0.0577444,null,0.174443,null,null
-0.200286,null,null,0.122282,null
0.00343277,null,null,null,0.00221779
0.992815,0.025615,null,null,null
0.0577444,null,0.174443,null,null
-0.200286,null,null,0.122282,null
0.00343277,null,null,null,0.00221779
0.99269,0.0276821,null,null,null
0.037667,null,0.203565,null,null
-0.181486,null,null,0.0492138,null
0.00216509,null,null,null,-0.000393899
0.992751,0.0214578,null,null,null
0.00319345,null,0.16384,null,null
-0.203734,null,null,0.0635376,null
-0.000644105,null,null,null,-0.00234997
0.992834,0.0229589,null,null,null
-0.00693314,null,0.20094,null,null
-0.2302,null,null,0.0257125,null
0.00174451,null,null,null,-0.0110792
0.992874,0.0136072,null,null,null
0.0168298,null,0.17949,null,null
-0.219518,null,null,-0.0157569,null
0.00407689,null,null,null,-0.003397
0.992587,0.0166379,null,null,null
0.0179648,null,0.12072,null,null
-0.258331,null,null,0.0172221,null
0.000513199,null,null,null,0.000716612
0.99282,0.0145139,null,null,null
0.052488,null,0.10676,null,null
-0.204624,null,null,0.0375139,null
-0.00433817,null,null,null,0.00283104
0.992777,0.0149534,null,null,null
-0.037986,null,0.0996244,null,null
-0.270385,null,null,0.0124221,null
-0.0013549,null,null,null,-0.0027692
0.992857,0.012312,null,null,null
-0.03574,null,0.0612673,null,null
-0.264908,null,null,-0.0132656,null
-0.0022006,null,null,null,-0.00128257
0.992705,0.0206874,null,null,null
-0.114474,null,0.0555916,null,null
-0.193195,null,null,-0.00821114,null
0.00211536,null,null,null,0.00414358
0.992705,0.0206874,null,null,null
-0.114474,null,0.0555916,null,null
-0.193195,null,null,-0.00821114,null
0.00211536,null,null,null,0.00414358
0.99255,0.0251499,null,null,null
-0.0917656,null,0.0831095,null,null
-0.311261,null,null,-0.139045,null
0.00164234,null,null,null,-0.00483021
0.99254,0.0240999,null,null,null
-0.0871128,null,-0.010582,null,null
-0.210319,null,null,-0.0458696,null
-0.00100184,null,null,null,0.00142799
0.992622,0.0224751,null,null,null
-0.0491546,null,0.00899101,null,null
-0.217429,null,null,-0.0784084,null
0.000899026,null,null,null,0.00338098
0.992685,0.0215144,null,null,null
-0.0415333,null,-0.0310316,null,null
-0.249018,null,null,-0.0949619,null
-0.00358327,null,null,null,-0.000947238
0.992624,0.023289,null,null,null
-0.0342389,null,-0.0586207,null,null
-0.281001,null,null,-0.100701,null
0.00348864,null,null,null,0.00158129
0.992738,0.0217952,null,null,null
-0.0456024,null,-0.0608839,null,null
-0.256004,null,null,-0.104891,null
0.00346337,null,null,null,0.00208619
0.992738,0.0217952,null,null,null
-0.0456024,null,-0.0608839,null,null
-0.256004,null,null,-0.104891,null
0.00346337,null,null,null,0.00208619
0.992914,0.0221426,null,null,null
-0.0532815,null,-0.0609025,null,null
-0.281335,null,null,-0.0929006,null
-0.00222105,null,null,null,0.00125336
0.992705,0.0258365,null,null,null
-0.0228061,null,-0.0337761,null,null
-0.209952,null,null,-0.0920494,null
-0.00570381,null,null,null,-0.00414283
0.992705,0.0258365,null,null,null
-0.0228061,null,-0.0337761,null,null
-0.209952,null,null,-0.0920494,null
-0.00570381,null,null,null,-0.00414283
0.992565,0.0258215,null,null,null
0.0245535,null,-0.105816,null,null
-0.213874,null,null,-0.0842765,null
-0.00731232,null,null,null,-0.00106325
0.992504,0.0281185,null,null,null
0.0399334,null,-0.0885071,null,null
-0.3177,null,null,-0.112969,null
0.000490664,null,null,null,-0.000900541
0.99265,0.0256086,null,null,null
0.0525028,null,-0.053476,null,null
-0.33813,null,null,-0.107023,null
0.000612588,null,null,null,-0.00550276
0.992681,0.0234409,null,null,null
0.00832701,null,-0.0604367,null,null
-0.35279,null,null,-0.115518,null
0.000511609,null,null,null,0.00166746
0.992681,0.0234409,null,null,null
0.00832701,null,-0.0604367,null,null
-0.35279,null,null,-0.115518,null
0.000511609,null,null,null,0.00166746
0.992681,0.0234409,null,null,null
0.00832701,null,-0.0604367,null,null
-0.35279,null,null,-0.115518,null
0.000511609,null,null,null,0.00166746
0.992648,0.0210759,null,null,null
0.0523604,null,-0.100356,null,null
-0.323927,null,null,-0.170546,null
4.28455e-05,null,null,null,-0.0015253
0.992631,0.0252805,null,null,null
0.0589969,null,-0.0816831,null,null
-0.272134,null,null,-0.141446,null
-0.000158396,null,null,null,-0.00283952
0.99266,0.0242696,null,null,null
0.0544714,null,-0.0616751,null,null
-0.265824,null,null,-0.13742,null
0.00383539,null,null,null,-0.000688621
0.992812,0.0221806,null,null,null
0.0874821,null,-0.0690842,null,null
-0.250001,null,null,-0.115998,null
0.00432801,null,null,null,-0.00176879
0.992774,0.0232522,null,null,null
0.118934,null,-0.0606809,null,null
-0.245255,null,null,-0.132477,null
0.00696534,null,null,null,-6.51778e-05
0.992719,0.0220828,null,null,null
0.0988661,null,0.0230097,null,null
-0.233426,null,null,-0.145036,null
-0.000786458,null,null,null,0.00025592
0.99271,0.0197801,null,null,null
0.0391141,null,0.0153456,null,null
-0.224892,null,null,-0.175854,null
-0.00158006,null,null,null,0.00551534
0.992679,0.0211222,null,null,null
0.0513355,null,0.02707,null,null
-0.16323,null,null,-0.186899,null
-0.00169072,null,null,null,0.00102411
0.992645,0.0210159,null,null,null
0.0503292,null,-0.0156985,null,null
-0.222131,null,null,-0.145492,null
0.000164891,null,null,null,0.00186815
0.992836,0.0214906,null,null,null
0.107583,null,-0.0411594,null,null
-0.220105,null,null,-0.15493,null
0.000781226,null,null,null,-0.00392746
0.992668,0.026196,null,null,null
0.088971,null,-0.0364128,null,null
-0.215762,null,null,-0.190541,null
-0.00207051,null,null,null,-0.00400184
0.992572,0.0255888,null,null,null
0.162465,null,-0.0042454,null,null
-0.208765,null,null,-0.184012,null
0.00142631,null,null,null,-0.00119571
0.992642,0.0207511,null,null,null
0.134543,null,-0.0331444,null,null
-0.223344,null,null,-0.152278,null
0.00318659,null,null,null,-0.0030179
0.992795,0.0161156,null,null,null
0.159373,null,-0.048899,null,null
-0.175176,null,null,-0.171319,null
-0.00209545,null,null,null,0.000582161
0.992722,0.0155565,null,null,null
0.0960266,null,-0.0138648,null,null
-0.0991546,null,null,-0.171994,null
7.54527e-05,null,null,null,-0.00477476
0.992851,0.0148968,null,null,null
0.140051,null,0.0157837,null,null
-0.190891,null,null,-0.204615,null
-0.00649505,null,null,null,-0.00270828
0.992715,0.0156246,null,null,null
0.164986,null,-0.00858865,null,null
-0.182408,null,null,-0.161094,null
-0.000588844,null,null,null,-0.00707393
0.992756,0.0189961,null,null,null
0.118749,null,-0.0457999,null,null
-0.159818,null,null,-0.0856514,null
-0.00177724,null,null,null,-0.000749634
0.992866,0.0144176,null,null,null
0.0772401,null,-0.0791156,null,null
-0.168026,null,null,-0.141712,null
-0.000571998,null,null,null,-0.00205474
0.992819,0.0110212,null,null,null
0.0157294,null,-0.0634055,null,null
-0.19172,null,null,-0.174682,null
0.00101059,null,null,null,-0.00173826
0.992851,0.00945609,null,null,null
0.0347771,null,-0.114066,null,null
-0.154688,null,null,-0.201649,null
0.00381675,null,null,null,0.00341565
0.992851,0.00945609,null,null,null
0.0347771,null,-0.114066,null,null
-0.154688,null,null,-0.201649,null
0.00381675,null,null,null,0.00341565
0.9929,0.00973235,null,null,null
0.0220435,null,-0.025222,null,null
-0.1944,null,null,-0.181144,null
0.00207821,null,null,null,0.000663417
0.993053,0.0107463,null,null,null
0.056106,null,-0.0735476,null,null
-0.19677,null,null,-0.155474,null
-0.00290181,null,null,null,-0.00238334
0.992854,0.0106549,null,null,null
0.00953941,null,-0.0339345,null,null
-0.14139,null,null,-0.10367,null
-0.000991215,null,null,null,0.000580721
0.992757,0.0192905,null,null,null
0.0703684,null,-0.146214,null,null
-0.140864,null,null,-0.0753664,null
-0.002961,null,null,null,-0.00382991
0.992853,0.0150093,null,null,null
0.100447,null,-0.110879,null,null
-0.0958134,null,null,-0.168164,null
-0.00496931,null,null,null,-0.00661296
0.993049,0.00627604,null,null,null
0.112409,null,-0.15306,null,null
-0.0736755,null,null,-0.148992,null
-0.00348032,null,null,null,-0.0080091
0.993049,0.00627604,null,null,null
0.112409,null,-0.15306,null,null
-0.0736755,null,null,-0.148992,null
-0.00348032,null,null,null,-0.0080091
0.992901,0.0035785,null,null,null
0.149625,null,-0.115458,null,null
-0.089669,null,null,-0.133461,null
-0.000528695,null,null,null,-0.00210719
0.992797,0.00377574,null,null,null
0.146978,null,-0.130525,null,null
-0.0275921,null,null,-0.098343,null
0.00388654,null,null,null,-0.00248188
0.992847,0.00678444,null,null,null
0.166219,null,-0.138245,null,null
-0.0567949,null,null,-0.111014,null
0.0110077,null,null,null,0.00371101
0.992804,0.00293915,null,null,null
0.13177,null,-0.118625,null,null
-0.0285798,null,null,-0.126591,null
0.00586511,null,null,null,0.00296322
0.992985,-0.000177983,null,null,null
0.115132,null,-0.118867,null,null
-0.07288,null,null,-0.103606,null
0.00360115,null,null,null,0.00389379
0.992916,0.00214566,null,null,null
0.118165,null,-0.161745,null,null
-0.0428021,null,null,-0.183381,null
0.00360924,null,null,null,0.00474934
0.992916,0.00214566,null,null,null
0.118165,null,-0.161745,null,null
-0.0428021,null,null,-0.183381,null
0.00360924,null,null,null,0.00474934
0.992762,-0.00248911,null,null,null
0.0649881,null,-0.0637209,null,null
-0.0971977,null,null,-0.157524,null
0.00391639,null,null,null,0.00600128
0.992884,-0.00777379,null,null,null
0.0808497,null,-0.117465,null,null
-0.0631635,null,null,-0.128587,null
0.000798795,null,null,null,0.00183609
0.992884,-0.00777379,null,null,null
0.0808497,null,-0.117465,null,null
-0.0631635,null,null,-0.128587,null
0.000798795,null,null,null,0.00183609
0.99281,-0.00533835,null,null,null
0.0694213,null,-0.156395,null,null
-0.105116,null,null,-0.171389,null
0.0047449,null,null,null,-0.00122467
0.99276,-0.00662783,null,null,null
0.0737669,null,-0.152091,null,null
-0.0678661,null,null,-0.164259,null
0.00156671,null,null,null,-0.00389084
0.992888,-0.00790005,null,null,null
0.0631796,null,-0.177471,null,null
-0.0384282,null,null,-0.187601,null
-0.0034076,null,null,null,0.000857268
0.992889,-0.011048,null,null,null
0.103863,null,-0.170434,null,null
-0.0523866,null,null,-0.15236,null
-0.000322682,null,null,null,0.00539871
0.992656,-0.0138699,null,null,null
0.0785162,null,-0.15217,null,null
0.000154696,null,null,-0.205024,null
-0.00395357,null,null,null,0.0067012
0.992707,-0.0150335,null,null,null
0.0574634,null,-0.209299,null,null
0.00588385,null,null,-0.223259,null
-0.00277425,null,null,null,-0.00112467
0.99275,-0.0193075,null,null,null
0.0851624,null,-0.194101,null,null
-0.0288503,null,null,-0.263171,null
-0.00172856,null,null,null,-0.00114143
0.99275,-0.0193075,null,null,null
0.0851624,null,-0.194101,null,null
-0.0288503,null,null,-0.263171,null
-0.00172856,null,null,null,-0.00114143
0.992805,-0.0205969,null,null,null
0.0500963,null,-0.206327,null,null
-0.0853361,null,null,-0.205801,null
-0.00375467,null,null,null,-0.0023034
0.992586,-0.02297,null,null,null
-0.000344413,null,-0.140424,null,null
-0.0528275,null,null,-0.154298,null
-0.00243144,null,null,null,-0.0020085
0.992535,-0.0213679,null,null,null
0.0511234,null,-0.175317,null,null
-0.108813,null,null,-0.152853,null
0.00125809,null,null,null,-0.0011664
0.992574,-0.0169588,null,null,null
0.0333221,null,-0.211205,null,null
-0.0311494,null,null,-0.109427,null
0.00284425,null,null,null,0.000236053
0.992574,-0.0169588,null,null,null
0.0333221,null,-0.211205,null,null
-0.0311494,null,null,-0.109427,null
0.00284425,null,null,null,0.000236053
0.992781,-0.0154147,null,null,null
0.0583673,null,-0.149801,null,null
0.0474474,null,null,-0.0858906,null
0.00390171,null,null,null,-0.00142229
0.992781,-0.0154147,null,null,null
0.0583673,null,-0.149801,null,null
0.0474474,null,null,-0.0858906,null
0.00390171,null,null,null,-0.00142229
0.992781,-0.0154147,null,null,null
0.0583673,null,-0.149801,null,null
0.0474474,null,null,-0.0858906,null
0.00390171,null,null,null,-0.00142229
0.992619,-0.0248686,null,null,null
0.051911,null,-0.22516,null,null
-0.00675484,null,null,-0.0395064,null
-0.0023804,null,null,null,-0.00492876
0.992795,-0.0150869,null,null,null
0.069487,null,-0.252893,null,null
0.0231814,null,null,-0.0425729,null
-0.00481165,null,null,null,-0.00171224
0.992936,-0.0107387,null,null,null
0.0831081,null,-0.188125,null,null
-0.0831054,null,null,-0.0496841,null
-0.00256351,null,null,null,-0.00141006
0.992909,-0.00556849,null,null,null
0.0887851,null,-0.206319,null,null
-0.0436882,null,null,-0.106071,null
-0.000861031,null,null,null,0.00519886
0.992966,-0.0101123,null,null,null
0.0765159,null,-0.222087,null,null
0.0112926,null,null,-0.150066,null
0.00330598,null,null,null,0.00539336
0.992934,-0.00854094,null,null,null
0.0922365,null,-0.28573,null,null
0.0202646,null,null,-0.17023,null
0.00470409,null,null,null,-0.00266794
0.992871,-0.0142343,null,null,null
0.0969961,null,-0.235689,null,null
-0.00848726,null,null,-0.140343,null
0.00212793,null,null,null,0.00776466
0.992871,-0.0142343,null,null,null
0.0969961,null,-0.235689,null,null
-0.00848726,null,null,-0.140343,null
0.00212793,null,null,null,0.00776466
0.992945,-0.0161435,null,null,null
0.039278,null,-0.289648,null,null
-0.05028,null,null,-0.112166,null
-0.000901014,null,null,null,0.0068135
0.992803,-0.0201983,null,null,null
0.0299328,null,-0.253424,null,null
-0.0267059,null,null,-0.104205,null
0.00261094,null,null,null,0.00466299
0.99268,-0.0174307,null,null,null
0.0942574,null,-0.21636,null,null
-0.0217339,null,null,-0.0602707,null
0.00432424,null,null,null,-0.00318544
0.99261,-0.0179995,null,null,null
-0.00492948,null,-0.26361,null,null
-0.0215072,null,null,-0.00702449,null
0.00508865,null,null,null,-0.00490283
0.99261,-0.0179995,null,null,null
-0.00492948,null,-0.26361,null,null
-0.0215072,null,null,-0.00702449,null
0.00508865,null,null,null,-0.00490283
0.992801,-0.0148547,null,null,null
0.0458039,null,-0.213938,null,null
-0.0351708,null,null,-0.069728,null
0.000918634,null,null,null,-0.00217851
0.992801,-0.0148547,null,null,null
0.0458039,null,-0.213938,null,null
-0.0351708,null,null,-0.069728,null
0.000918634,null,null,null,-0.00217851
0.993055,-0.0130428,null,null,null
0.0691355,null,-0.191938,null,null
-0.00106627,null,null,-0.00921871,null
0.00406837,null,null,null,-0.00366198
0.992936,-0.0143912,null,null,null
0.0842246,null,-0.153232,null,null
0.0191365,null,null,-0.0619404,null
-0.0056444,null,null,null,-0.000892405
0.99301,-0.0132176,null,null,null
0.0625061,null,-0.169063,null,null
-3.56163e-05,null,null,-0.0997375,null
-0.00263164,null,null,null,-0.000782901
0.992827,-0.0109245,null,null,null
0.125059,null,-0.211361,null,null
0.010667,null,null,-0.091673,null
0.00105354,null,null,null,-0.00220753
0.992786,-0.0137186,null,null,null
0.120183,null,-0.159284,null,null
0.00530161,null,null,-0.0954121,null
-0.00273087,null,null,null,0.00451289
0.992862,-0.0138775,null,null,null
0.0805348,null,-0.24365,null,null
0.0206729,null,null,-0.0825999,null
0.00203943,null,null,null,-0.000842378
0.992819,-0.0111492,null,null,null
0.0919902,null,-0.239039,null,null
-0.00119532,null,null,-0.110926,null
-0.0032675,null,null,null,0.00224456
0.992854,-0.0136184,null,null,null
0.0833239,null,-0.209234,null,null
0.0296788,null,null,-0.0833567,null
-0.00224261,null,null,null,-0.00257943
0.99294,-0.0114967,null,null,null
0.0388298,null,-0.145815,null,null
0.0376505,null,null,-0.0331635,null
0.00142084,null,null,null,-0.00409951
0.99294,-0.0114967,null,null,null
0.0388298,null,-0.145815,null,null
0.0376505,null,null,-0.0331635,null
0.00142084,null,null,null,-0.00409951
0.99296,-0.00993998,null,null,null
0.0300575,null,-0.0960032,null,null
0.0279011,null,null,-0.05802,null
-0.000140217,null,null,null,-0.0028649
0.99289,-0.00250697,null,null,null
0.0137841,null,-0.0947376,null,null
0.0184337,null,null,0.0363295,null
-0.00313284,null,null,null,-0.00393218
0.992845,-0.0118012,null,null,null
-0.0126121,null,-0.100514,null,null
0.0118453,null,null,0.0871627,null
-0.0033923,null,null,null,-0.000349335
0.992845,-0.0118012,null,null,null
-0.0126121,null,-0.100514,null,null
0.0118453,null,null,0.0871627,null
-0.0033923,null,null,null,-0.000349335
0.992845,-0.0118012,null,null,null
-0.0126121,null,-0.100514,null,null
0.0118453,null,null,0.0871627,null
-0.0033923,null,null,null,-0.000349335
0.992701,-0.0149976,null,null,null
-0.0313886,null,-0.166166,null,null
0.109774,null,null,0.0557793,null
-0.00710376,null,null,null,0.00176595
0.99281,-0.014973,null,null,null
0.0191779,null,-0.143914,null,null
0.126523,null,null,0.0593706,null
-0.00467076,null,null,null,-0.00194325
0.992701,-0.0110802,null,null,null
0.0849885,null,-0.191761,null,null
0.0474454,null,null,0.0740879,null
-0.00490382,null,null,null,-0.00149926
0.992727,-0.00975017,null,null,null
0.044008,null,-0.185794,null,null
0.0292728,null,null,0.109274,null
-0.000953888,null,null,null,0.000394436
0.992738,-0.0160211,null,null,null
0.0355282,null,-0.205351,null,null
0.15572,null,null,0.123395,null
0.000344695,null,null,null,-0.000916486
0.992463,-0.0236459,null,null,null
-0.00246793,null,-0.196595,null,null
0.192692,null,null,0.133362,null
0.0023082,null,null,null,0.00754482
0.992607,-0.0205869,null,null,null
-0.0171183,null,-0.162371,null,null
0.135306,null,null,0.13155,null
0.000841661,null,null,null,0.00628553
0.99262,-0.0227336,null,null,null
-0.0851324,null,-0.189496,null,null
0.0941404,null,null,0.116094,null
0.000627844,null,null,null,0.00144454
0.992629,-0.0212051,null,null,null
-0.0603199,null,-0.166158,null,null
0.0833596,null,null,0.175809,null
-0.000862484,null,null,null,-0.000660124
0.992624,-0.026664,null,null,null
-0.109917,null,-0.197891,null,null
0.111006,null,null,0.213924,null
0.00250179,null,null,null,-0.00233739
0.992622,-0.0258775,null,null,null
-0.0963097,null,-0.202191,null,null
0.138857,null,null,0.15349,null
0.00125009,null,null,null,-0.00121787
0.992622,-0.0258775,null,null,null
-0.0963097,null,-0.202191,null,null
0.138857,null,null,0.15349,null
0.00125009,null,null,null,-0.00121787
0.992622,-0.0258775,null,null,null
-0.0963097,null,-0.202191,null,null
0.138857,null,null,0.15349,null
0.00125009,null,null,null,-0.00121787
0.99265,-0.0249627,null,null,null
-0.083353,null,-0.164399,null,null
0.114359,null,null,0.170123,null
0.00277042,null,null,null,0.00283347
0.992627,-0.0242415,null,null,null
-0.128719,null,-0.212519,null,null
0.160141,null,null,0.130356,null
0.00438654,null,null,null,0.00519782
0.99265,-0.0242368,null,null,null
-0.138579,null,-0.160225,null,null
0.140011,null,null,0.155847,null
0.0033676,null,null,null,0.00325579
0.99265,-0.0242368,null,null,null
-0.138579,null,-0.160225,null,null
0.140011,null,null,0.155847,null
0.0033676,null,null,null,0.00325579
0.99265,-0.0242368,null,null,null
-0.138579,null,-0.160225,null,null
0.140011,null,null,0.155847,null
0.0033676,null,null,null,0.00325579
0.992751,-0.0191626,null,null,null
-0.148235,null,-0.173784,null,null
0.171215,null,null,0.100636,null
-0.00605792,null,null,null,0.00183843
0.992741,-0.0117899,null,null,null
-0.0410204,null,-0.175748,null,null
0.127076,null,null,0.109609,null
-0.00133501,null,null,null,0.00321795
0.992607,-0.0163699,null,null,null
-0.00723345,null,-0.169234,null,null
0.142184,null,null,0.132871,null
0.00181215,null,null,null,0.00543959
0.992675,-0.0157976,null,null,null
-0.0687501,null,-0.206601,null,null
0.082823,null,null,0.146609,null
0.00680649,null,null,null,-0.00111111
0.992876,-0.0120167,null,null,null
-0.0593099,null,-0.243413,null,null
0.126659,null,null,0.189736,null
-0.000566279,null,null,null,0.00201246
0.992768,-0.0118705,null,null,null
-0.0491427,null,-0.25484,null,null
0.159085,null,null,0.143847,null
0.00449215,null,null,null,-7.2737e-05
0.99273,-0.0131519,null,null,null
-0.00784758,null,-0.218471,null,null
0.142349,null,null,0.202632,null
0.000971425,null,null,null,-0.0016456
0.99273,-0.0131519,null,null,null
-0.00784758,null,-0.218471,null,null
0.142349,null,null,0.202632,null
0.000971425,null,null,null,-0.0016456
0.99273,-0.0131519,null,null,null
-0.00784758,null,-0.218471,null,null
0.142349,null,null,0.202632,null
0.000971425,null,null,null,-0.0016456
0.992719,-0.0173705,null,null,null
-0.0146768,null,-0.282515,null,null
0.200681,null,null,0.234536,null
0.00484552,null,null,null,-0.00572504
0.992719,-0.0173705,null,null,null
-0.0146768,null,-0.282515,null,null
0.200681,null,null,0.234536,null
0.00484552,null,null,null,-0.00572504
0.992706,-0.0190752,null,null,null
-0.0759418,null,-0.224776,null,null
0.204116,null,null,0.264327,null
0.000237725,null,null,null,-0.00146028
0.992749,-0.0131606,null,null,null
-0.0845998,null,-0.179228,null,null
0.158809,null,null,0.261996,null
0.00149136,null,null,null,0.000615755
0.992784,-0.0115928,null,null,null
-0.00255485,null,-0.124681,null,null
0.23588,null,null,0.238459,null
0.00132602,null,null,null,-0.00409909
0.992748,-0.00636044,null,null,null
0.00266775,null,-0.193361,null,null
0.141637,null,null,0.174669,null
0.00277512,null,null,null,-0.00681858
0.992748,-0.00636044,null,null,null
0.00266775,null,-0.193361,null,null
0.141637,null,null,0.174669,null
0.00277512,null,null,null,-0.00681858
0.992864,-0.00165154,null,null,null
0.0638081,null,-0.209758,null,null
0.195881,null,null,0.122445,null
0.00383086,null,null,null,-0.00104771
0.992834,-0.00565856,null,null,null
0.0392719,null,-0.218106,null,null
0.188759,null,null,0.108768,null
-0.00184091,null,null,null,-0.00533589
0.99281,-0.0117103,null,null,null
-0.0283858,null,-0.189564,null,null
0.152566,null,null,0.144242,null
-0.00308985,null,null,null,-0.00229495
0.992668,-0.0121471,null,null,null
-0.0075198,null,-0.159996,null,null
0.113185,null,null,0.147134,null
0.00227405,null,null,null,-0.0020152
0.992766,-0.00928675,null,null,null
0.0218335,null,-0.205471,null,null
0.136491,null,null,0.205781,null
0.00245714,null,null,null,-0.00137559
0.992736,-0.00621103,null,null,null
0.02363,null,-0.172996,null,null
0.17167,null,null,0.28746,null
-0.00273247,null,null,null,0.00212364
0.992856,-0.00841261,null,null,null
0.0948275,null,-0.165063,null,null
0.200971,null,null,0.27459,null
-0.00125208,null,null,null,-0.000571524
0.992856,-0.00841261,null,null,null
0.0948275,null,-0.165063,null,null
0.200971,null,null,0.27459,null
-0.00125208,null,null,null,-0.000571524
0.992856,-0.00841261,null,null,null
0.0948275,null,-0.165063,null,null
0.200971,null,null,0.27459,null
-0.00125208,null,null,null,-0.000571524
0.992829,-0.00622241,null,null,null
0.151037,null,-0.0748446,null,null
0.251476,null,null,0.291409,null
-0.00424145,null,null,null,-0.00324956
0.992829,-0.00622241,null,null,null
0.151037,null,-0.0748446,null,null
0.251476,null,null,0.291409,null
-0.00424145,null,null,null,-0.00324956
0.992745,-0.00329858,null,null,null
0.0552819,null,-0.14102,null,null
0.219872,null,null,0.313141,null
-0.00345696,null,null,null,-0.00158
0.992847,-0.0020635,null,null,null
0.0813866,null,-0.0973834,null,null
0.137157,null,null,0.278314,null
-0.00499096,null,null,null,0.00125461
0.992847,-0.0020635,null,null,null
0.0813866,null,-0.0973834,null,null
0.137157,null,null,0.278314,null
-0.00499096,null,null,null,0.00125461
0.992905,-0.000439699,null,null,null
0.0528832,null,-0.15949,null,null
0.153828,null,null,0.212528,null
0.000414433,null,null,null,-0.00322399
0.992946,0.00365497,null,null,null
0.0771686,null,-0.144234,null,null
0.136244,null,null,0.199598,null
0.00542836,null,null,null,-0.00312269
0.993011,0.00067682,null,null,null
0.0559646,null,-0.110245,null,null
0.104756,null,null,0.101967,null
0.0077872,null,null,null,-0.00472203
0.992911,-0.00427308,null,null,null
0.0683934,null,-0.0996446,null,null
0.108101,null,null,0.0948327,null
0.000606206,null,null,null,0.00322516
0.993025,-0.00462846,null,null,null
0.0701133,null,-0.148954,null,null
0.09708,null,null,0.118383,null
-0.000696221,null,null,null,0.0044707
0.993025,-0.00462846,null,null,null
0.0701133,null,-0.148954,null,null
0.09708,null,null,0.118383,null
-0.000696221,null,null,null,0.0044707
0.992982,-0.00893658,null,null,null
0.0673206,null,-0.0736276,null,null
0.0956788,null,null,0.114633,null
-0.00209437,null,null,null,0.00374158
0.993073,-0.00832996,null,null,null
0.0316771,null,-0.0804461,null,null
0.103205,null,null,0.107883,null
0.00379784,null,null,null,0.00336056
0.992924,-0.0126385,null,null,null
0.00332766,null,-0.0771852,null,null
0.106176,null,null,0.123426,null
0.00216625,null,null,null,0.00303904
0.992949,-0.00916229,null,null,null
0.0149034,null,-0.0513151,null,null
0.0686102,null,null,0.127158,null
0.00159395,null,null,null,0.00200807
0.992949,-0.00916229,null,null,null
0.0149034,null,-0.0513151,null,null
0.0686102,null,null,0.127158,null
0.00159395,null,null,null,0.00200807
0.99288,-0.0117684,null,null,null
0.0315671,null,-0.0075815,null,null
0.0656191,null,null,0.0954317,null
0.00573237,null,null,null,-0.00124058
0.992905,-0.0144036,null,null,null
0.0149357,null,-0.0982524,null,null
0.0588105,null,null,0.107052,null
0.00430107,null,null,null,-0.000804619
0.992883,-0.0101291,null,null,null
-0.00684891,null,-0.116981,null,null
0.118873,null,null,0.105343,null
0.0033298,null,null,null,0.00366592
0.992912,-0.00581096,null,null,null
0.00262481,null,-0.135495,null,null
0.0576406,null,null,0.114139,null
0.00130813,null,null,null,0.00641437
0.992926,-0.00874668,null,null,null
-0.0594581,null,-0.0897874,null,null
0.0133186,null,null,0.158222,null
0.000532246,null,null,null,-0.000539334
0.992926,-0.00874668,null,null,null
-0.0594581,null,-0.0897874,null,null
0.0133186,null,null,0.158222,null
0.000532246,null,null,null,-0.000539334
0.993023,-0.00334709,null,null,null
-0.0432179,null,-0.0859672,null,null
0.0410958,null,null,0.212609,null
0.000818631,null,null,null,0.00374365
0.993197,0.00304035,null,null,null
-0.0304031,null,-0.0848164,null,null
-0.0111087,null,null,0.173597,null
0.0035139,null,null,null,0.000860361
0.993184,-0.00103013,null,null,null
-0.0128436,null,-0.0681822,null,null
-0.0427485,null,null,0.229641,null
0.00261609,null,null,null,-0.00104852
0.993088,0.00223199,null,null,null
-0.0660986,null,-0.0506156,null,null
-0.0504086,null,null,0.278602,null
0.00718361,null,null,null,-0.00176029
0.992883,0.00188846,null,null,null
-0.0142464,null,-0.00752663,null,null
-0.0316295,null,null,0.235915,null
0.00574756,null,null,null,-0.00314864
0.992772,-0.00407977,null,null,null
-0.00890859,null,-0.0196526,null,null
0.0189167,null,null,0.296339,null
0.0036322,null,null,null,-0.00114122
0.992897,-0.00593934,null,null,null
-0.0581853,null,-0.0673722,null,null
-0.0097025,null,null,0.296225,null
0.00181581,null,null,null,0.00263065
0.992897,-0.00593934,null,null,null
-0.0581853,null,-0.0673722,null,null
-0.0097025,null,null,0.296225,null
0.00181581,null,null,null,0.00263065
0.992953,-0.0065902,null,null,null
-0.0443055,null,-0.0678027,null,null
0.0447388,null,null,0.260536,null
-0.00401564,null,null,null,-0.00221946
0.993089,-0.00978623,null,null,null
-0.035595,null,-0.0966713,null,null
0.106439,null,null,0.20607,null
0.00287112,null,null,null,0.00073201
0.993064,-0.0128869,null,null,null
-0.0259484,null,-0.118291,null,null
0.0595459,null,null,0.176003,null
0.00799965,null,null,null,0.00122233
0.992962,-0.00805793,null,null,null
-0.0350794,null,-0.0744076,null,null
0.0258206,null,null,0.114289,null
0.00184972,null,null,null,0.0012446
0.992962,-0.00805793,null,null,null
-0.0350794,null,-0.0744076,null,null
0.0258206,null,null,0.114289,null
0.00184972,null,null,null,0.0012446
0.99294,-0.0125695,null,null,null
0.00850366,null,-0.02857,null,null
0.0634969,null,null,0.186097,null
0.00408774,null,null,null,0.00244516
0.992986,-0.00922075,null,null,null
-0.0608985,null,-0.0329214,null,null
0.0584937,null,null,0.191488,null
-0.00292835,null,null,null,0.00130838
0.993086,-0.00727752,null,null,null
-0.121086,null,-0.0553384,null,null
0.0445906,null,null,0.132511,null
-0.00483982,null,null,null,-0.00199728
0.992959,-0.00351381,null,null,null
-0.143956,null,-0.0756678,null,null
0.0552534,null,null,0.147316,null
-0.00395499,null,null,null,0.000197557
0.99297,-0.0128389,null,null,null
-0.177075,null,-0.0556016,null,null
0.053937,null,null,0.178576,null
0.00100679,null,null,null,0.00753299
0.992836,-0.0149235,null,null,null
-0.167396,null,-0.0895054,null,null
0.0192273,null,null,0.17466,null
-0.000618839,null,null,null,0.0024842
0.992836,-0.0149235,null,null,null
-0.167396,null,-0.0895054,null,null
0.0192273,null,null,0.17466,null
-0.000618839,null,null,null,0.0024842
0.992811,-0.0150036,null,null,null
-0.192551,null,-0.154073,null,null
-0.00299335,null,null,0.142865,null
0.00240085,null,null,null,-0.000859916
0.992966,-0.015517,null,null,null
-0.232497,null,-0.177365,null,null
-0.00421691,null,null,0.179615,null
-0.00739689,null,null,null,-0.00114696
0.992892,-0.0176954,null,null,null
-0.221966,null,-0.202856,null,null
0.0050649,null,null,0.209716,null
8.04144e-05,null,null,null,0.00170428
0.992701,-0.0179515,null,null,null
-0.210961,null,-0.176244,null,null
0.0133474,null,null,0.234766,null
-0.00244825,null,null,null,0.000682508
0.992812,-0.0159612,null,null,null
-0.173072,null,-0.151269,null,null
0.0289006,null,null,0.159807,null
0.00056552,null,null,null,-0.000129289
0.992812,-0.0151822,null,null,null
-0.143635,null,-0.111239,null,null
0.0140664,null,null,0.18667,null
0.00131933,null,null,null,-0.00316168
0.992812,-0.0151822,null,null,null
-0.143635,null,-0.111239,null,null
0.0140664,null,null,0.18667,null
0.00131933,null,null,null,-0.00316168
0.992868,-0.0143321,null,null,null
-0.104376,null,-0.0990142,null,null
0.0208794,null,null,0.201643,null
0.00181927,null,null,null,0.000813337
0.99283,-0.0120248,null,null,null
-0.13917,null,-0.112172,null,null
-0.0248154,null,null,0.181422,null
0.00283784,null,null,null,0.000589784
0.992616,-0.0117845,null,null,null
-0.120219,null,-0.112499,null,null
-0.00858958,null,null,0.196674,null
0.000256845,null,null,null,0.00335735
0.992784,-0.0112907,null,null,null
-0.0465494,null,-0.0914173,null,null
-0.0374899,null,null,0.206983,null
-0.00414366,null,null,null,-0.0069299
0.992851,-0.00685175,null,null,null
-0.0045694,null,-0.182904,null,null
-0.0518036,null,null,0.204521,null
-0.000359351,null,null,null,-0.00210774
0.99287,-0.0129606,null,null,null
-0.024274,null,-0.077805,null,null
-0.0598988,null,null,0.285585,null
0.00152498,null,null,null,0.000451048
0.992896,-0.0118121,null,null,null
-0.0232049,null,-0.0633247,null,null
-0.0212305,null,null,0.283784,null
0.00594314,null,null,null,0.00266741
0.992689,-0.0117316,null,null,null
-0.024351,null,-0.0510896,null,null
0.0153779,null,null,0.229148,null
-0.00569,null,null,null,0.00331047
0.992709,-0.0191234,null,null,null
-0.0907316,null,-0.0779968,null,null
0.0431169,null,null,0.181229,null
-0.00204584,null,null,null,0.00795559
0.992718,-0.0203158,null,null,null
-0.047375,null,-0.0465026,null,null
0.0405708,null,null,0.256399,null
0.000706581,null,null,null,-0.00112729
0.992833,-0.0184585,null,null,null
-0.0610327,null,-0.104045,null,null
0.0540449,null,null,0.280279,null
0.00452526,null,null,null,0.00273074
0.992548,-0.0237883,null,null,null
-0.0204005,null,-0.0779345,null,null
0.129285,null,null,0.290416,null
0.00288736,null,null,null,0.00956131
0.992603,-0.0280574,null,null,null
-0.048099,null,-0.0489103,null,null
0.05994,null,null,0.323947,null
-0.00131999,null,null,null,0.00193315
0.992604,-0.027137,null,null,null
-0.0295835,null,-0.113498,null,null
0.0569588,null,null,0.296379,null
0.00154599,null,null,null,0.00493076
0.992606,-0.0263954,null,null,null
-0.0213364,null,-0.120586,null,null
0.06072,null,null,0.263151,null
-0.00499123,null,null,null,-0.00468199
0.992579,-0.0269126,null,null,null
-0.00555034,null,-0.125543,null,null
0.0704249,null,null,0.2555,null
-0.00177498,null,null,null,0.00331526
0.992579,-0.0269126,null,null,null
-0.00555034,null,-0.125543,null,null
0.0704249,null,null,0.2555,null
-0.00177498,null,null,null,0.00331526
0.992579,-0.0269126,null,null,null
-0.00555034,null,-0.125543,null,null
0.0704249,null,null,0.2555,null
-0.00177498,null,null,null,0.00331526
0.992411,-0.0300011,null,null,null
-0.038809,null,-0.0745259,null,null
0.0789197,null,null,0.22699,null
0.00645814,null,null,null,0.00763285
0.992411,-0.0300011,null,null,null
-0.038809,null,-0.0745259,null,null
0.0789197,null,null,0.22699,null
0.00645814,null,null,null,0.00763285
0.992515,-0.0287526,null,null,null
-0.0187683,null,-0.104095,null,null
0.0102825,null,null,0.298786,null
-0.0079024,null,null,null,0.00136746
0.992466,-0.0275366,null,null,null
0.0316263,null,-0.0653454,null,null
-0.0561735,null,null,0.204513,null
-3.94744e-05,null,null,null,-0.00038174
0.992466,-0.0275366,null,null,null
0.0316263,null,-0.0653454,null,null
-0.0561735,null,null,0.204513,null
-3.94744e-05,null,null,null,-0.00038174
0.992581,-0.0263051,null,null,null
-0.0189949,null,-0.0876384,null,null
0.0366941,null,null,0.198903,null
-0.00167143,null,null,null,-0.00767083
0.99291,-0.0218171,null,null,null
0.00461309,null,-0.0108859,null,null
0.0345491,null,null,0.242994,null
0.00121218,null,null,null,-0.00324608
0.99291,-0.0218171,null,null,null
0.00461309,null,-0.0108859,null,null
0.0345491,null,null,0.242994,null
0.00121218,null,null,null,-0.00324608
0.992738,-0.0195348,null,null,null
0.0128287,null,-0.0629273,null,null
-0.00777991,null,null,0.200533,null
0.00188721,null,null,null,-0.00843542
0.992738,-0.0195348,null,null,null
0.0128287,null,-0.0629273,null,null
-0.00777991,null,null,0.200533,null
0.00188721,null,null,null,-0.00843542
0.992757,-0.0152633,null,null,null
0.0197506,null,-0.077,null,null
0.00690346,null,null,0.245065,null
0.00493513,null,null,null,-0.00471084
0.99283,-0.0147049,null,null,null
0.0318647,null,-0.0967603,null,null
0.0121583,null,null,0.172025,null
-0.000292375,null,null,null,-0.000179629
0.99283,-0.0147049,null,null,null
0.0318647,null,-0.0967603,null,null
0.0121583,null,null,0.172025,null
-0.000292375,null,null,null,-0.000179629
0.992829,-0.0163177,null,null,null
0.0229265,null,-0.142169,null,null
-0.00351515,null,null,0.117683,null
-0.00214961,null,null,null,1.1607e-06
0.992627,-0.0216432,null,null,null
0.00999223,null,-0.163876,null,null
0.0684042,null,null,0.154724,null
0.00165997,null,null,null,0.00128901
0.992496,-0.026397,null,null,null
0.0112242,null,-0.189938,null,null
0.0879886,null,null,0.191806,null
0.000300868,null,null,null,0.00153461
0.992578,-0.0282683,null,null,null
0.0332247,null,-0.195211,null,null
0.089076,null,null,0.13892,null
0.00392382,null,null,null,-0.000598789
0.992578,-0.0282683,null,null,null
0.0332247,null,-0.195211,null,null
0.089076,null,null,0.13892,null
0.00392382,null,null,null,-0.000598789
0.992515,-0.0268723,null,null,null
0.0247879,null,-0.19927,null,null
0.134488,null,null,0.221024,null
0.00818864,null,null,null,-0.00456412
0.992645,-0.0227491,null,null,null
0.0091165,null,-0.21178,null,null
0.105445,null,null,0.193974,null
0.00763736,null,null,null,0.0025441
0.992677,-0.019788,null,null,null
0.0261189,null,-0.215299,null,null
0.069969,null,null,0.25892,null
0.00629591,null,null,null,0.00441105
0.992712,-0.0260369,null,null,null
0.0531444,null,-0.230294,null,null
0.089318,null,null,0.229146,null
0.00163593,null,null,null,0.00256159
0.992781,-0.0190158,null,null,null
0.146439,null,-0.179211,null,null
0.0615815,null,null,0.270688,null
-0.00105925,null,null,null,0.00576927
0.992856,-0.014477,null,null,null
0.172542,null,-0.168685,null,null
0.0451681,null,null,0.267047,null
0.0026145,null,null,null,0.00215501
0.992856,-0.014477,null,null,null
0.172542,null,-0.168685,null,null
0.0451681,null,null,0.267047,null
0.0026145,null,null,null,0.00215501
0.99289,-0.0166262,null,null,null
0.141215,null,-0.13958,null,null
0.0446452,null,null,0.23028,null
-0.00450699,null,null,null,0.00290476
0.992903,-0.0114843,null,null,null
0.176295,null,-0.140266,null,null
0.0469642,null,null,0.322635,null
-0.00139899,null,null,null,0.0066834
0.992903,-0.0114843,null,null,null
0.176295,null,-0.140266,null,null
0.0469642,null,null,0.322635,null
-0.00139899,null,null,null,0.0066834
0.992903,-0.0114843,null,null,null
0.176295,null,-0.140266,null,null
0.0469642,null,null,0.322635,null
-0.00139899,null,null,null,0.0066834
0.992855,-0.00694695,null,null,null
0.181396,null,-0.225142,null,null
0.0641284,null,null,0.263184,null
0.000227951,null,null,null,0.00529468
0.992761,-0.00423071,null,null,null
0.191201,null,-0.26264,null,null
0.0917488,null,null,0.249686,null
0.00544964,null,null,null,0.00580953
0.992695,-0.00148409,null,null,null
0.152246,null,-0.275558,null,null
0.0857259,null,null,0.210487,null
8.47538e-05,null,null,null,0.00767117
0.992891,-0.00162685,null,null,null
0.157146,null,-0.253244,null,null
0.126819,null,null,0.264104,null
-0.0056997,null,null,null,0.00296369
0.992799,-0.00732363,null,null,null
0.184295,null,-0.267064,null,null
0.0635554,null,null,0.20451,null
-0.00278298,null,null,null,-0.000287889
0.992799,-0.00732363,null,null,null
0.184295,null,-0.267064,null,null
0.0635554,null,null,0.20451,null
-0.00278298,null,null,null,-0.000287889
0.992633,0.00136151,null,null,null
0.173311,null,-0.279562,null,null
0.108902,null,null,0.172106,null
-0.00222236,null,null,null,0.00210114
0.992633,0.00136151,null,null,null
0.173311,null,-0.279562,null,null
0.108902,null,null,0.172106,null
-0.00222236,null,null,null,0.00210114
0.99273,-0.00786199,null,null,null
0.132508,null,-0.258939,null,null
0.0653986,null,null,0.187975,null
-0.00901689,null,null,null,0.00260633
0.992734,-0.00556421,null,null,null
0.13468,null,-0.273969,null,null
0.0502672,null,null,0.201004,null
-0.0046308,null,null,null,0.00157309
0.992729,-0.00558016,null,null,null
0.165827,null,-0.286011,null,null
0.010329,null,null,0.222401,null
-0.00195491,null,null,null,-0.000995779
0.992833,-0.001265,null,null,null
0.204965,null,-0.320099,null,null
0.0426033,null,null,0.229905,null
-0.00275778,null,null,null,0.00160486
0.992799,-0.00105685,null,null,null
0.138577,null,-0.3974,null,null
0.0889168,null,null,0.241605,null
-0.00836291,null,null,null,-0.000369282
0.992924,-0.00487559,null,null,null
0.10171,null,-0.419966,null,null
0.0771319,null,null,0.232076,null
-0.0023154,null,null,null,-0.000659147
0.992885,-0.00786299,null,null,null
0.0693292,null,-0.447844,null,null
0.0817061,null,null,0.262115,null
-0.000842849,null,null,null,-0.00624207
0.992785,-0.00703313,null,null,null
0.0446773,null,-0.350671,null,null
0.0175478,null,null,0.262051,null
-0.0029584,null,null,null,0.00109263
0.992857,-0.0047673,null,null,null
0.0755631,null,-0.381415,null,null
0.0151722,null,null,0.228192,null
-0.00209375,null,null,null,-0.00130515
0.992857,-0.0047673,null,null,null
0.0755631,null,-0.381415,null,null
0.0151722,null,null,0.228192,null
-0.00209375,null,null,null,-0.00130515
0.992968,-0.00541431,null,null,null
-0.000710669,null,-0.427275,null,null
0.0106709,null,null,0.2389,null
0.00384616,null,null,null,0.00181763
0.992968,-0.00541431,null,null,null
-0.000710669,null,-0.427275,null,null
0.0106709,null,null,0.2389,null
0.00384616,null,null,null,0.00181763
0.992968,-0.00541431,null,null,null
-0.000710669,null,-0.427275,null,null
0.0106709,null,null,0.2389,null
0.00384616,null,null,null,0.00181763
0.992969,-0.00356725,null,null,null
0.0220338,null,-0.414461,null,null
0.0202843,null,null,0.224307,null
-0.00275036,null,null,null,0.00280315
0.992595,-0.00412658,null,null,null
0.0185846,null,-0.386951,null,null
-0.0491258,null,null,0.268016,null
-0.00290959,null,null,null,0.000601138
0.992825,-0.00480121,null,null,null
0.00223294,null,-0.380839,null,null
-0.0405251,null,null,0.236246,null
-0.00538961,null,null,null,-0.00275854
0.992989,-0.00425551,null,null,null
0.0273281,null,-0.354701,null,null
-0.0123399,null,null,0.237471,null
-6.68302e-05,null,null,null,-0.00267135
0.992903,-0.00296556,null,null,null
-0.0112211,null,-0.338682,null,null
-0.0266915,null,null,0.232141,null
0.000428938,null,null,null,-0.00599072
0.992903,-0.00296556,null,null,null
-0.0112211,null,-0.338682,null,null
-0.0266915,null,null,0.232141,null
0.000428938,null,null,null,-0.00599072
0.992814,-0.00057546,null,null,null
0.0138276,null,-0.400924,null,null
-0.100687,null,null,0.216833,null
-0.000894423,null,null,null,-0.00279291
0.99297,2.07062e-05,null,null,null
0.022074,null,-0.451254,null,null
-0.0770717,null,null,0.28191,null
-0.00343692,null,null,null,-0.00894487
0.992916,-0.00231255,null,null,null
0.0377482,null,-0.408469,null,null
-0.0466963,null,null,0.246138,null
0.00124169,null,null,null,-0.00493108
0.992879,-0.00608041,null,null,null
0.0645861,null,-0.408041,null,null
-0.00252901,null,null,0.244732,null
-0.00742268,null,null,null,-0.00137815
0.99309,-0.00606865,null,null,null
0.0085408,null,-0.360804,null,null
-0.0181415,null,null,0.246806,null
-0.00221623,null,null,null,-0.00424888
0.992994,-0.00846885,null,null,null
0.00863189,null,-0.378827,null,null
-0.0228841,null,null,0.315531,null
0.000551381,null,null,null,-0.0011063
0.992924,-0.0135811,null,null,null
-0.0142861,null,-0.381895,null,null
0.00196087,null,null,0.286794,null
-0.00352961,null,null,null,-0.0045429
0.992924,-0.0135811,null,null,null
-0.0142861,null,-0.381895,null,null
0.00196087,null,null,0.286794,null
-0.00352961,null,null,null,-0.0045429
0.992914,-0.0093163,null,null,null
-0.0562779,null,-0.426045,null,null
0.0224449,null,null,0.308926,null
-0.00507315,null,null,null,-0.00349181
0.992876,-0.0153948,null,null,null
-0.134719,null,-0.354422,null,null
0.051048,null,null,0.382959,null
-0.00375004,null,null,null,-0.00570487
0.992901,-0.0120724,null,null,null
-0.108151,null,-0.375371,null,null
0.0660221,null,null,0.423515,null
-0.00499921,null,null,null,0.00073244
0.992874,-0.00956119,null,null,null
-0.105019,null,-0.368044,null,null
-0.0258699,null,null,0.391254,null
-0.00135659,null,null,null,0.000263279
0.992849,-0.00363936,null,null,null
-0.0722381,null,-0.271731,null,null
-0.0438846,null,null,0.339336,null
-0.000850686,null,null,null,0.00289845
0.992849,-0.00363936,null,null,null
-0.0722381,null,-0.271731,null,null
-0.0438846,null,null,0.339336,null
-0.000850686,null,null,null,0.00289845
0.99298,-0.00176059,null,null,null
-0.119849,null,-0.291865,null,null
-0.061458,null,null,0.330035,null
-0.00274935,null,null,null,-0.00193797
0.992916,-4.03304e-05,null,null,null
-0.101216,null,-0.220853,null,null
-0.0793756,null,null,0.303633,null
-0.000626835,null,null,null,-0.00590331
0.992909,0.000192892,null,null,null
-0.177141,null,-0.239457,null,null
-0.133002,null,null,0.252414,null
0.000936416,null,null,null,0.00255433
0.992909,0.000192892,null,null,null
-0.177141,null,-0.239457,null,null
-0.133002,null,null,0.252414,null
0.000936416,null,null,null,0.00255433
0.992853,-0.00032605,null,null,null
-0.0879699,null,-0.224754,null,null
-0.156862,null,null,0.293451,null
-0.00270541,null,null,null,-0.00788141
0.992864,-0.00232419,null,null,null
-0.0654302,null,-0.276357,null,null
-0.179072,null,null,0.266251,null
0.00245564,null,null,null,-0.00140081
0.992821,0.00552296,null,null,null
-0.0362046,null,-0.275824,null,null
-0.183532,null,null,0.252161,null
0.00410524,null,null,null,-0.00181756
0.992821,0.00552296,null,null,null
-0.0362046,null,-0.275824,null,null
-0.183532,null,null,0.252161,null
0.00410524,null,null,null,-0.00181756
0.992897,0.00372555,null,null,null
-0.0639325,null,-0.25047,null,null
-0.164141,null,null,0.290966,null
0.000974562,null,null,null,-0.000132914
0.992727,0.00472978,null,null,null
-0.0671349,null,-0.290426,null,null
-0.121209,null,null,0.316153,null
-0.00091781,null,null,null,0.00143002
0.992906,0.000728291,null,null,null
-0.0650661,null,-0.276659,null,null
-0.12822,null,null,0.249251,null
0.00142204,null,null,null,0.00413646
0.992956,0.00331226,null,null,null
-0.0848555,null,-0.247528,null,null
-0.195754,null,null,0.252943,null
-0.00341221,null,null,null,0.00166752
0.992785,0.00496956,null,null,null
-0.0231674,null,-0.278026,null,null
-0.127706,null,null,0.252476,null
-0.0015803,null,null,null,0.00899354
0.992807,0.006098,null,null,null
0.0121355,null,-0.214062,null,null
-0.137534,null,null,0.181841,null
0.000597584,null,null,null,0.0112409
0.992788,0.00619714,null,null,null
-0.0231231,null,-0.189069,null,null
-0.1512,null,null,0.158537,null
-0.00128857,null,null,null,0.004587
0.992855,0.00302361,null,null,null
-0.0613684,null,-0.224916,null,null
-0.0947086,null,null,0.190013,null
0.00285044,null,null,null,0.000785222
0.99304,-0.000375506,null,null,null
-0.00795525,null,-0.235471,null,null
-0.0961363,null,null,0.218929,null
0.00317086,null,null,null,-0.000791734
0.992938,-0.0027845,null,null,null
-0.0181111,null,-0.291527,null,null
-0.142311,null,null,0.221949,null
0.00205651,null,null,null,0.00186481
0.992973,-0.00703899,null,null,null
0.0126756,null,-0.259711,null,null
-0.190337,null,null,0.223049,null
-2.9885e-05,null,null,null,-0.00432677
0.992955,-0.00209793,null,null,null
-0.0120191,null,-0.237745,null,null
-0.188688,null,null,0.277002,null
0.0088711,null,null,null,0.000914692
0.992955,-0.00209793,null,null,null
-0.0120191,null,-0.237745,null,null
-0.188688,null,null,0.277002,null
0.0088711,null,null,null,0.000914692
0.99293,-0.00492113,null,null,null
-0.0424918,null,-0.22437,null,null
-0.201308,null,null,0.250505,null
0.000501658,null,null,null,-0.000392365
0.99293,-0.00492113,null,null,null
-0.0424918,null,-0.22437,null,null
-0.201308,null,null,0.250505,null
0.000501658,null,null,null,-0.000392365
0.992938,0.00342927,null,null,null
-0.0094485,null,-0.221119,null,null
-0.209699,null,null,0.224798,null
0.00409954,null,null,null,0.002165
0.992986,0.00439555,null,null,null
-0.0499799,null,-0.160357,null,null
-0.188475,null,null,0.204143,null
0.00462354,null,null,null,-0.00154149
0.992991,0.00617115,null,null,null
-0.0801725,null,-0.158401,null,null
-0.183922,null,null,0.215026,null
0.00184984,null,null,null,0.00128484
0.992991,0.00617115,null,null,null
-0.0801725,null,-0.158401,null,null
-0.183922,null,null,0.215026,null
0.00184984,null,null,null,0.00128484
0.992991,0.00617115,null,null,null
-0.0801725,null,-0.158401,null,null
-0.183922,null,null,0.215026,null
0.00184984,null,null,null,0.00128484
0.9929,0.0101134,null,null,null
-0.0709765,null,-0.188222,null,null
-0.152468,null,null,0.288871,null
0.000735213,null,null,null,0.00554119
0.993,0.00946999,null,null,null
-0.0412611,null,-0.18705,null,null
-0.202173,null,null,0.313173,null
-0.00418609,null,null,null,0.0071626
0.992854,0.00643439,null,null,null
-0.0392906,null,-0.160946,null,null
-0.223335,null,null,0.286168,null
-0.00161716,null,null,null,0.00115389
0.992854,0.00643439,null,null,null
-0.0392906,null,-0.160946,null,null
-0.223335,null,null,0.286168,null
-0.00161716,null,null,null,0.00115389
0.992927,0.015254,null,null,null
-0.0352531,null,-0.120325,null,null
-0.221865,null,null,0.371567,null
0.00360767,null,null,null,-0.00171126
0.992775,0.0182749,null,null,null
0.00303526,null,-0.112004,null,null
-0.132794,null,null,0.369431,null
-0.000408525,null,null,null,0.000660444
0.992996,0.0182842,null,null,null
-0.00419845,null,-0.150897,null,null
-0.0778853,null,null,0.435629,null
-0.000278343,null,null,null,0.00216701
0.993109,0.0108992,null,null,null
-0.0172747,null,-0.20521,null,null
-0.0759041,null,null,0.359676,null
0.00326588,null,null,null,-0.00260607
0.992936,0.0195809,null,null,null
0.0149014,null,-0.138244,null,null
-0.0131169,null,null,0.397216,null
0.00684316,null,null,null,-0.00208201
0.992714,0.0236435,null,null,null
-0.0674732,null,-0.170171,null,null
-0.00898214,null,null,0.345162,null
-0.00221776,null,null,null,-0.0041573
0.992714,0.0236435,null,null,null
-0.0674732,null,-0.170171,null,null
-0.00898214,null,null,0.345162,null
-0.00221776,null,null,null,-0.0041573
0.992769,0.0242025,null,null,null
-0.107137,null,-0.137538,null,null
0.00647361,null,null,0.412627,null
-0.0022216,null,null,null,-0.00377876
0.992635,0.0232347,null,null,null
-0.096396,null,-0.151952,null,null
0.0518719,null,null,0.393705,null
0.00241575,null,null,null,-0.00344542
0.992539,0.0256554,null,null,null
-0.108133,null,-0.168945,null,null
0.0598246,null,null,0.356583,null
0.00238406,null,null,null,-0.00393794
0.992539,0.0256554,null,null,null
-0.108133,null,-0.168945,null,null
0.0598246,null,null,0.356583,null
0.00238406,null,null,null,-0.00393794
0.992539,0.0256554,null,null,null
-0.108133,null,-0.168945,null,null
0.0598246,null,null,0.356583,null
0.00238406,null,null,null,-0.00393794
0.99241,0.031828,null,null,null
-0.132456,null,-0.179911,null,null
0.0901451,null,null,0.265955,null
0.002341,null,null,null,0.000140356
0.992459,0.0306885,null,null,null
-0.0968153,null,-0.197453,null,null
0.0756309,null,null,0.245496,null
0.0012518,null,null,null,-0.00642564
0.992568,0.0316077,null,null,null
-0.104863,null,-0.129392,null,null
0.162798,null,null,0.195013,null
-0.00353976,null,null,null,-0.00416304
0.992663,0.0238401,null,null,null
-0.0399227,null,-0.0980684,null,null
0.13932,null,null,0.18844,null
0.00198,null,null,null,0.00200795
0.992603,0.0228506,null,null,null
-0.0319864,null,-0.180195,null,null
0.128669,null,null,0.146739,null
-0.00174496,null,null,null,0.00122822
0.992675,0.0260476,null,null,null
-0.0193141,null,-0.229795,null,null
0.143526,null,null,0.177646,null
0.000325633,null,null,null,0.00378184
0.992589,0.0269983,null,null,null
-0.0508658,null,-0.202221,null,null
0.11515,null,null,0.180671,null
-0.00376413,null,null,null,0.00248136
0.99271,0.022083,null,null,null
-0.0380757,null,-0.183195,null,null
0.127879,null,null,0.152575,null
-0.00100786,null,null,null,0.00377995
0.99271,0.022083,null,null,null
-0.0380757,null,-0.183195,null,null
0.127879,null,null,0.152575,null
-0.00100786,null,null,null,0.00377995
0.992797,0.0182677,null,null,null
-0.0224219,null,-0.240521,null,null
0.117527,null,null,0.158078,null
-0.00265797,null,null,null,0.00450844
0.992797,0.0182677,null,null,null
-0.0224219,null,-0.240521,null,null
0.117527,null,null,0.158078,null
-0.00265797,null,null,null,0.00450844
0.992707,0.0252759,null,null,null
-0.0448801,null,-0.211486,null,null
0.174719,null,null,0.13551,null
-0.00197253,null,null,null,0.00505608
0.992764,0.0223596,null,null,null
-0.049589,null,-0.216115,null,null
0.128395,null,null,0.171458,null
-0.00117351,null,null,null,0.000158691
0.992721,0.0202985,null,null,null
-0.119469,null,-0.218646,null,null
0.146665,null,null,0.120924,null
-0.0044783,null,null,null,-0.00218059
0.992741,0.0193541,null,null,null
-0.15014,null,-0.201651,null,null
0.164304,null,null,0.165412,null
0.00134637,null,null,null,0.0013499
0.993025,0.0153285,null,null,null
-0.163257,null,-0.132086,null,null
0.103459,null,null,0.0885125,null
0.00122012,null,null,null,-0.000641469
0.993034,0.0183081,null,null,null
-0.0706469,null,-0.177641,null,null
0.142992,null,null,0.10779,null
-0.00616307,null,null,null,0.00260879
0.993104,0.0138315,null,null,null
-0.0766525,null,-0.17192,null,null
0.135196,null,null,0.143193,null
0.000467362,null,null,null,-0.000261183
0.993051,0.0102709,null,null,null
-0.103546,null,-0.130922,null,null
0.183809,null,null,0.125099,null
-0.00396115,null,null,null,-5.26135e-05
0.992994,0.00382926,null,null,null
-0.0729824,null,-0.116293,null,null
0.223236,null,null,0.165093,null
-0.00390405,null,null,null,0.000196584
0.993138,-0.00224413,null,null,null
-0.100344,null,-0.126996,null,null
0.163379,null,null,0.205679,null
-0.00104092,null,null,null,0.0021028
0.993031,-0.00236807,null,null,null
-0.14162,null,-0.0769199,null,null
0.179313,null,null,0.152659,null
-0.00444917,null,null,null,0.000877135
0.993076,-0.00966196,null,null,null
-0.0574834,null,-0.100201,null,null
0.182431,null,null,0.10406,null
-0.000113767,null,null,null,0.00675896
0.993219,0.000310779,null,null,null
-0.0634065,null,-0.0457291,null,null
0.131442,null,null,0.104118,null
-0.00155152,null,null,null,0.00297584
0.993219,0.000310779,null,null,null
-0.0634065,null,-0.0457291,null,null
0.131442,null,null,0.104118,null
-0.00155152,null,null,null,0.00297584
0.993229,-0.00024678,null,null,null
-0.106075,null,-0.0923776,null,null
0.118309,null,null,0.134557,null
0.00174459,null,null,null,-0.00131476
0.993159,-0.00124434,null,null,null
-0.103634,null,-0.110049,null,null
0.156039,null,null,0.0770524,null
-4.416e-05,null,null,null,0.00243567
0.993184,0.0042646,null,null,null
-0.115914,null,-0.139881,null,null
0.131381,null,null,0.00665221,null
-0.00423778,null,null,null,0.00476908
0.992989,0.012758,null,null,null
-0.105025,null,-0.0899334,null,null
0.121899,null,null,-0.032525,null
-0.00343945,null,null,null,-0.00043983
0.992995,0.0184468,null,null,null
-0.0932063,null,-0.0670579,null,null
0.0966941,null,null,-0.0107824,null
-0.0042227,null,null,null,0.00306446
0.992936,0.0166237,null,null,null
-0.119826,null,-0.0702251,null,null
0.0906351,null,null,-0.00150812,null
-0.000208558,null,null,null,-8.5478e-05
0.992874,0.0214264,null,null,null
-0.136611,null,-0.0990861,null,null
0.122106,null,null,0.0211771,null
0.0016609,null,null,null,0.0022446
0.993196,0.0160719,null,null,null
-0.096526,null,-0.0829645,null,null
0.102222,null,null,0.00335142,null
0.0037639,null,null,null,0.00133662
0.993196,0.0160719,null,null,null
-0.096526,null,-0.0829645,null,null
0.102222,null,null,0.00335142,null
0.0037639,null,null,null,0.00133662
0.993196,0.0160719,null,null,null
-0.096526,null,-0.0829645,null,null
0.102222,null,null,0.00335142,null
0.0037639,null,null,null,0.00133662
0.993188,0.0109349,null,null,null
-0.0892285,null,-0.0479685,null,null
0.0823694,null,null,0.0291176,null
-0.00186896,null,null,null,0.00245039
0.993144,0.0137244,null,null,null
-0.094614,null,-0.0777924,null,null
0.122579,null,null,0.0560264,null
-0.00207876,null,null,null,-0.00706211
0.993036,0.014801,null,null,null
-0.128636,null,-0.058976,null,null
0.141219,null,null,0.0810819,null
-0.0013107,null,null,null,-0.00176245
0.993162,0.011338,null,null,null
-0.0263629,null,-0.075994,null,null
0.148909,null,null,0.0299344,null
0.000996881,null,null,null,0.0037726
0.993104,0.0111068,null,null,null
-0.00118267,null,-0.0784466,null,null
0.104843,null,null,0.0661085,null
0.00130464,null,null,null,-0.00208999
0.992964,0.0140909,null,null,null
-0.0660431,null,-0.0748426,null,null
0.0725138,null,null,0.0764664,null
-0.00642212,null,null,null,0.00218236
0.993066,0.0103902,null,null,null
-0.0420755,null,-0.0640934,null,null
0.0614855,null,null,0.0855874,null
-0.00628011,null,null,null,0.0031667
0.993108,0.00650168,null,null,null
-0.0631103,null,-0.0154209,null,null
0.0618565,null,null,0.0434099,null
-0.00538771,null,null,null,-0.0096642
0.992975,0.0126707,null,null,null
-0.103529,null,0.0141286,null,null
0.0527755,null,null,0.062762,null
0.0017392,null,null,null,-0.00214372
0.99305,0.00438084,null,null,null
-0.0167573,null,0.0301855,null,null
0.0791745,null,null,0.0392059,null
-0.00369349,null,null,null,-0.00484079
0.993035,0.00390436,null,null,null
-0.0492542,null,-0.000572875,null,null
0.122578,null,null,0.00633902,null
-8.32085e-05,null,null,null,-0.00223494
0.993034,0.00544294,null,null,null
-0.052381,null,-0.0326629,null,null
0.109546,null,null,0.0545111,null
-0.000862604,null,null,null,-0.00217139
0.992995,0.00350799,null,null,null
-0.0136796,null,-0.0643092,null,null
0.112158,null,null,0.0622824,null
-0.00295616,null,null,null,0.0015877
0.992976,0.00388391,null,null,null
-0.000878138,null,-0.0574187,null,null
0.161256,null,null,0.0563474,null
-0.00568769,null,null,null,-0.00102314
0.993045,0.00107094,null,null,null
0.118109,null,-0.0433895,null,null
0.20998,null,null,0.0554533,null
0.00170015,null,null,null,0.00579776
0.993,-0.00163821,null,null,null
0.0654954,null,-0.0305815,null,null
0.218316,null,null,0.0300706,null
0.00191101,null,null,null,0.00639017
0.992949,-0.00308129,null,null,null
0.0936664,null,0.00504176,null,null
0.16316,null,null,0.0429208,null
0.00049227,null,null,null,0.00061514
0.992916,0.00305929,null,null,null
0.0456167,null,-0.000917479,null,null
0.13487,null,null,0.0709894,null
-0.00451454,null,null,null,0.00150961
0.992916,0.00305929,null,null,null
0.0456167,null,-0.000917479,null,null
0.13487,null,null,0.0709894,null
-0.00451454,null,null,null,0.00150961
0.99298,0.00547941,null,null,null
0.0663192,null,-0.0359966,null,null
0.141368,null,null,0.143504,null
-0.00376164,null,null,null,0.0088257
0.992944,0.0078973,null,null,null
0.10875,null,-0.0266072,null,null
0.206066,null,null,0.0314836,null
-0.00314693,null,null,null,0.000731095
0.992938,0.0106195,null,null,null
0.0691081,null,0.051841,null,null
0.253249,null,null,0.031217,null
-0.00234544,null,null,null,-0.00558488
0.992985,0.0115808,null,null,null
0.0771146,null,-0.0182505,null,null
0.125345,null,null,0.0513429,null
-0.003887,null,null,null,-0.00181571
0.992985,0.0115808,null,null,null
0.0771146,null,-0.0182505,null,null
0.125345,null,null,0.0513429,null
-0.003887,null,null,null,-0.00181571
0.992961,0.00791954,null,null,null
0.094662,null,-0.0362036,null,null
0.113818,null,null,0.0316951,null
-0.00400509,null,null,null,-0.00423211
0.992921,0.00215485,null,null,null
-0.00968555,null,0.0211015,null,null
0.189304,null,null,0.102431,null
-0.00527022,null,null,null,-0.00527959
0.992921,0.00215485,null,null,null
-0.00968555,null,0.0211015,null,null
0.189304,null,null,0.102431,null
-0.00527022,null,null,null,-0.00527959
0.992921,0.00215485,null,null,null
-0.00968555,null,0.0211015,null,null
0.189304,null,null,0.102431,null
-0.00527022,null,null,null,-0.00527959
0.992969,0.00295429,null,null,null
0.0272497,null,0.0224143,null,null
0.243455,null,null,0.0770419,null
0.00116914,null,null,null,-0.00307489
0.993009,3.81314e-05,null,null,null
0.0813526,null,0.0202174,null,null
0.243457,null,null,0.0571272,null
0.00186068,null,null,null,0.0021069
0.993003,0.00274399,null,null,null
-0.0208969,null,0.0436236,null,null
0.211232,null,null,0.0605699,null
0.0061163,null,null,null,-0.000966133
0.99297,0.000114746,null,null,null
-0.044014,null,-0.0167225,null,null
0.213861,null,null,0.00407451,null
0.00114938,null,null,null,-0.00295653
0.99297,0.000114746,null,null,null
-0.044014,null,-0.0167225,null,null
0.213861,null,null,0.00407451,null
0.00114938,null,null,null,-0.00295653
0.992958,0.00186491,null,null,null
-0.0635809,null,-0.0517831,null,null
0.224471,null,null,0.0372167,null
0.00271314,null,null,null,-0.00340273
0.992909,0.00102357,null,null,null
0.0491381,null,-0.0804506,null,null
0.220654,null,null,0.0263169,null
-0.00060296,null,null,null,-0.00349964
0.99291,0.00868232,null,null,null
0.0298594,null,-0.0907341,null,null
0.254706,null,null,-0.00900259,null
5.3267e-06,null,null,null,-0.000488936
0.992982,0.00860057,null,null,null
0.0148116,null,-0.0895594,null,null
0.265624,null,null,0.0119223,null
-0.0043227,null,null,null,-0.00219504
0.992896,0.0101649,null,null,null
0.0548913,null,-0.0102198,null,null
0.278203,null,null,0.00491803,null
-0.000338336,null,null,null,-0.00374949
0.992874,0.0076804,null,null,null
0.0374411,null,0.0365179,null,null
0.222956,null,null,0.0238656,null
0.0060142,null,null,null,0.00189814
0.992871,0.00786899,null,null,null
0.131988,null,-0.0497467,null,null
0.225709,null,null,-0.0359073,null
0.00203051,null,null,null,-0.00122315
0.992871,0.00786899,null,null,null
0.131988,null,-0.0497467,null,null
0.225709,null,null,-0.0359073,null
0.00203051,null,null,null,-0.00122315
0.993009,0.00578339,null,null,null
0.16323,null,-0.086788,null,null
0.241579,null,null,-0.0208282,null
0.0033974,null,null,null,-0.00208041
0.992964,0.00346045,null,null,null
0.102091,null,-0.056613,null,null
0.226556,null,null,-0.00648116,null
-0.000628912,null,null,null,0.00164123
0.992829,0.011762,null,null,null
0.172641,null,-0.0490449,null,null
0.182684,null,null,-0.0444003,null
-0.000623877,null,null,null,0.0037568
0.992689,0.0118963,null,null,null
0.0879565,null,-0.0125764,null,null
0.14387,null,null,0.00840831,null
0.00279116,null,null,null,0.0045164
0.992799,0.0113496,null,null,null
0.0743397,null,-0.0225481,null,null
0.116134,null,null,-0.0137022,null
0.00556925,null,null,null,0.00725082
0.992799,0.0113496,null,null,null
0.0743397,null,-0.0225481,null,null
0.116134,null,null,-0.0137022,null
0.00556925,null,null,null,0.00725082
0.992966,0.0073196,null,null,null
0.141763,null,-0.0467049,null,null
0.144451,null,null,0.0335735,null
0.000922401,null,null,null,-0.00149438
0.992966,0.0073196,null,null,null
0.141763,null,-0.0467049,null,null
0.144451,null,null,0.0335735,null
0.000922401,null,null,null,-0.00149438
0.992996,0.00342456,null,null,null
0.100017,null,0.0284383,null,null
0.116629,null,null,-0.00461299,null
0.00141604,null,null,null,-0.00317139
0.993073,0.00030729,null,null,null
0.067609,null,0.0487329,null,null
0.175149,null,null,0.017855,null
0.00163861,null,null,null,0.00065175
0.993141,0.00186575,null,null,null
0.0871176,null,0.147687,null,null
0.155404,null,null,0.0124396,null
-0.000434252,null,null,null,0.00650145
0.993034,0.0065621,null,null,null
0.041282,null,0.165974,null,null
0.135991,null,null,0.0123591,null
0.00121072,null,null,null,0.0071433
0.992974,0.00909156,null,null,null
0.0789439,null,0.161153,null,null
0.15874,null,null,0.0388715,null
-0.00184159,null,null,null,-0.00165549
0.992918,0.0121639,null,null,null
0.0834316,null,0.0912424,null,null
0.149461,null,null,0.0070153,null
-0.00426856,null,null,null,-0.00183073
0.992839,0.00863027,null,null,null
0.0866649,null,0.124003,null,null
0.115612,null,null,-0.0188078,null
-0.00360691,null,null,null,-0.00382961
0.992831,0.00323641,null,null,null
0.0810506,null,0.172135,null,null
0.17443,null,null,-0.0443578,null
-0.00722153,null,null,null,0.000145921
0.992886,0.00331366,null,null,null
0.00930445,null,0.15238,null,null
0.166999,null,null,-0.0689085,null
-0.000644011,null,null,null,-0.00456608
0.992921,0.00209703,null,null,null
0.0150584,null,0.128013,null,null
0.219239,null,null,-0.14359,null
-0.00088935,null,null,null,-0.000452014
0.992915,-0.00171144,null,null,null
-0.0254727,null,0.14279,null,null
0.235949,null,null,-0.0954721,null
-0.00122234,null,null,null,-0.00433954
0.993016,-0.00617728,null,null,null
0.016326,null,0.159578,null,null
0.241698,null,null,-0.146856,null
0.000917223,null,null,null,-0.00733003
0.993034,-0.00127753,null,null,null
-0.0309304,null,0.0712164,null,null
0.214677,null,null,-0.129726,null
0.0029573,null,null,null,-0.00037032
0.993034,-0.00127753,null,null,null
-0.0309304,null,0.0712164,null,null
0.214677,null,null,-0.129726,null
0.0029573,null,null,null,-0.00037032
0.993034,-0.00127753,null,null,null
-0.0309304,null,0.0712164,null,null
0.214677,null,null,-0.129726,null
0.0029573,null,null,null,-0.00037032
0.99295,-0.00187911,null,null,null
0.00851501,null,0.0783079,null,null
0.202789,null,null,-0.150459,null
0.0040945,null,null,null,-0.00474586
0.99304,-0.0054693,null,null,null
0.0115955,null,0.116691,null,null
0.201041,null,null,-0.184489,null
0.00548699,null,null,null,-0.00535395
0.992911,-0.00470009,null,null,null
-0.0165361,null,0.0629101,null,null
0.148091,null,null,-0.238593,null
0.00452689,null,null,null,-0.00125284
0.992805,-0.00841155,null,null,null
-0.0100766,null,0.0952792,null,null
0.148435,null,null,-0.252806,null
0.00191408,null,null,null,0.00121189
0.992805,-0.00841155,null,null,null
-0.0100766,null,0.0952792,null,null
0.148435,null,null,-0.252806,null
0.00191408,null,null,null,0.00121189
0.992687,-0.0163028,null,null,null
-0.0351776,null,0.0020942,null,null
0.148851,null,null,-0.336577,null
0.000957161,null,null,null,4.84246e-05
0.992894,-0.0107685,null,null,null
0.0280566,null,0.0306543,null,null
0.16436,null,null,-0.32186,null
0.00378815,null,null,null,0.000859553
0.992894,-0.0107685,null,null,null
0.0280566,null,0.0306543,null,null
0.16436,null,null,-0.32186,null
0.00378815,null,null,null,0.000859553
0.992838,-0.0103972,null,null,null
-0.0409404,null,0.0489271,null,null
0.135203,null,null,-0.277666,null
0.00596707,null,null,null,-0.00121004
0.992804,-0.0178132,null,null,null
0.0204895,null,0.0368882,null,null
0.13544,null,null,-0.262261,null
0.000678992,null,null,null,0.00350362
0.992804,-0.0178132,null,null,null
0.0204895,null,0.0368882,null,null
0.13544,null,null,-0.262261,null
0.000678992,null,null,null,0.00350362
0.992712,-0.0155229,null,null,null
-0.00858549,null,0.0407481,null,null
0.207161,null,null,-0.277319,null
-0.00164595,null,null,null,0.00116234
0.992487,-0.0225786,null,null,null
0.0139079,null,0.134584,null,null
0.255801,null,null,-0.370976,null
5.85851e-05,null,null,null,0.00712509
0.992498,-0.0227406,null,null,null
0.0817065,null,0.143905,null,null
0.267784,null,null,-0.341279,null
-0.00140311,null,null,null,0.00417245
0.992498,-0.0227406,null,null,null
0.0817065,null,0.143905,null,null
0.267784,null,null,-0.341279,null
-0.00140311,null,null,null,0.00417245
0.992607,-0.0219811,null,null,null
0.0608024,null,0.140801,null,null
0.289363,null,null,-0.339054,null
0.00326719,null,null,null,-0.00223711
0.992505,-0.0192276,null,null,null
0.0707828,null,0.0751317,null,null
0.320496,null,null,-0.23063,null
0.00197029,null,null,null,-0.000608846
0.99262,-0.0144753,null,null,null
-0.00393075,null,0.135277,null,null
0.249076,null,null,-0.225531,null
-0.00234531,null,null,null,0.00309377
0.99262,-0.0144753,null,null,null
-0.00393075,null,0.135277,null,null
0.249076,null,null,-0.225531,null
-0.00234531,null,null,null,0.00309377
0.99262,-0.0144753,null,null,null
-0.00393075,null,0.135277,null,null
0.249076,null,null,-0.225531,null
-0.00234531,null,null,null,0.00309377
0.992707,-0.0116821,null,null,null
-0.024523,null,0.119914,null,null
0.233799,null,null,-0.232093,null
0.00104991,null,null,null,0.00626426
0.992707,-0.0116821,null,null,null
-0.024523,null,0.119914,null,null
0.233799,null,null,-0.232093,null
0.00104991,null,null,null,0.00626426
0.992629,-0.0107385,null,null,null
-0.0484354,null,0.152259,null,null
0.263286,null,null,-0.257214,null
-0.0051512,null,null,null,0.00453336
0.992672,-0.00824972,null,null,null
-0.0483749,null,0.146687,null,null
0.293111,null,null,-0.266535,null
-0.00489872,null,null,null,0.00100756
0.992672,-0.00824972,null,null,null
-0.0483749,null,0.146687,null,null
0.293111,null,null,-0.266535,null
-0.00489872,null,null,null,0.00100756
0.992818,-0.00473012,null,null,null
0.0187996,null,0.114535,null,null
0.236889,null,null,-0.21294,null
-0.000880986,null,null,null,0.000762816
0.992856,-0.00808894,null,null,null
-0.0170149,null,0.110062,null,null
0.211418,null,null,-0.221815,null
-0.00439943,null,null,null,-0.00019449
0.992903,-0.0102316,null,null,null
0.026949,null,0.116945,null,null
0.212371,null,null,-0.233474,null
-0.0028534,null,null,null,0.00299963
0.992844,-0.00979421,null,null,null
-0.00401776,null,0.0760395,null,null
0.174791,null,null,-0.198722,null
-0.00578471,null,null,null,0.00384064
0.993084,-0.0051856,null,null,null
-0.0471492,null,0.0622629,null,null
0.20036,null,null,-0.204069,null
0.00058934,null,null,null,0.00291145
0.992984,-0.0091382,null,null,null
-0.0827826,null,0.087165,null,null
0.180762,null,null,-0.210819,null
0.0046305,null,null,null,0.00150905
0.992958,-0.0171684,null,null,null
-0.152638,null,0.0662771,null,null
0.211003,null,null,-0.223911,null
0.00125846,null,null,null,0.00653763
0.992806,-0.0177593,null,null,null
-0.186358,null,0.0867098,null,null
0.203474,null,null,-0.248811,null
-0.000904056,null,null,null,0.00758344
0.992806,-0.0177593,null,null,null
-0.186358,null,0.0867098,null,null
0.203474,null,null,-0.248811,null
-0.000904056,null,null,null,0.00758344
0.992854,-0.020693,null,null,null
-0.170382,null,0.021793,null,null
0.209899,null,null,-0.264374,null
0.0103815,null,null,null,0.00465682
0.992899,-0.0186198,null,null,null
-0.161722,null,0.0729628,null,null
0.205572,null,null,-0.19099,null
0.0108939,null,null,null,0.00245778
0.9929,-0.0177135,null,null,null
-0.156955,null,0.0603496,null,null
0.233851,null,null,-0.230844,null
0.00625033,null,null,null,0.00711609
0.99267,-0.0225853,null,null,null
-0.122705,null,0.0571352,null,null
0.193019,null,null,-0.209058,null
1.66646e-05,null,null,null,0.0043731
0.992994,-0.0148515,null,null,null
-0.133013,null,0.000888603,null,null
0.205601,null,null,-0.240981,null
-0.0016818,null,null,null,0.00314192
0.992962,-0.0141878,null,null,null
-0.147961,null,0.0717926,null,null
0.197469,null,null,-0.270616,null
0.00834514,null,null,null,0.00372627
0.992962,-0.0141878,null,null,null
-0.147961,null,0.0717926,null,null
0.197469,null,null,-0.270616,null
0.00834514,null,null,null,0.00372627
0.992921,-0.00726829,null,null,null
-0.177019,null,0.0331468,null,null
0.20655,null,null,-0.235306,null
0.0052558,null,null,null,-0.00329568
0.99315,-0.00535281,null,null,null
-0.133774,null,0.0189556,null,null
0.212718,null,null,-0.218477,null
0.00699711,null,null,null,-0.00471853
0.993205,-0.00298045,null,null,null
-0.130133,null,-0.0084044,null,null
0.19213,null,null,-0.224834,null
0.00121335,null,null,null,-0.0050008
0.993126,-0.00582476,null,null,null
-0.162611,null,0.0482784,null,null
0.186101,null,null,-0.172059,null
-0.0054927,null,null,null,-0.000154071
0.99307,0.000722045,null,null,null
-0.16968,null,0.016563,null,null
0.187298,null,null,-0.217545,null
-0.00184105,null,null,null,-0.00458415
0.992906,0.00202477,null,null,null
-0.144764,null,0.055499,null,null
0.146101,null,null,-0.290791,null
0.00153658,null,null,null,-0.00273036
0.993006,0.00385196,null,null,null
-0.172605,null,0.0349259,null,null
0.0948445,null,null,-0.2271,null
-0.00307384,null,null,null,0.00101281
0.993006,0.00385196,null,null,null
-0.172605,null,0.0349259,null,null
0.0948445,null,null,-0.2271,null
-0.00307384,null,null,null,0.00101281
0.993027,0.00638378,null,null,null
-0.167027,null,0.0563883,null,null
0.112136,null,null,-0.233049,null
-0.0060383,null,null,null,0.00530433
0.9929,0.00379085,null,null,null
-0.229061,null,0.121849,null,null
0.120824,null,null,-0.256837,null
0.00061629,null,null,null,-0.00239711
0.992994,0.00122904,null,null,null
-0.258211,null,0.0844214,null,null
0.123161,null,null,-0.289558,null
0.000233796,null,null,null,-0.000315083
0.992986,0.00559116,null,null,null
-0.204001,null,0.10067,null,null
0.175821,null,null,-0.28777,null
-0.00392719,null,null,null,0.0010874
0.993209,0.00397485,null,null,null
-0.190944,null,0.119889,null,null
0.179503,null,null,-0.323175,null
0.000412345,null,null,null,-0.00174833
0.993213,0.00489669,null,null,null
-0.247752,null,0.118624,null,null
0.127241,null,null,-0.26083,null
-0.00273178,null,null,null,0.00268237
0.993229,0.00430043,null,null,null
-0.23763,null,0.105374,null,null
0.164703,null,null,-0.255877,null
-0.00488232,null,null,null,0.00101458
0.99315,0.00227569,null,null,null
-0.221604,null,0.0682501,null,null
0.159965,null,null,-0.280069,null
-0.000689611,null,null,null,0.00591904
0.993175,0.00631257,null,null,null
-0.250751,null,0.0274256,null,null
0.144495,null,null,-0.298478,null
-0.000846669,null,null,null,0.00942109
0.992905,0.00837111,null,null,null
-0.222763,null,0.02199,null,null
0.1414,null,null,-0.314715,null
-0.00503621,null,null,null,0.00678511
0.99301,0.00731524,null,null,null
-0.152095,null,0.0695354,null,null
0.118082,null,null,-0.342595,null
0.00432115,null,null,null,0.00759654
0.993047,0.00278009,null,null,null
-0.17955,null,0.0762874,null,null
0.0170453,null,null,-0.288611,null
0.00281084,null,null,null,0.0011185
0.993006,0.0107529,null,null,null
-0.214677,null,0.0413128,null,null
0.0830712,null,null,-0.301725,null
-0.00253929,null,null,null,0.00150293
0.992973,0.00759684,null,null,null
-0.18906,null,0.00728431,null,null
0.0510806,null,null,-0.252731,null
-0.00103343,null,null,null,0.0010864
0.993016,0.0064421,null,null,null
-0.178194,null,0.0484936,null,null
0.102321,null,null,-0.236459,null
0.00549444,null,null,null,-0.00380898
0.993015,0.00581577,null,null,null
-0.238174,null,0.105737,null,null
0.0664224,null,null,-0.249751,null
0.00131125,null,null,null,0.00125429
0.99286,0.00708524,null,null,null
-0.258774,null,0.0534835,null,null
-0.0320081,null,null,-0.2643,null
-0.00311621,null,null,null,0.00310359
0.99286,0.00708524,null,null,null
-0.258774,null,0.0534835,null,null
-0.0320081,null,null,-0.2643,null
-0.00311621,null,null,null,0.00310359
0.992973,0.00743126,null,null,null
-0.181025,null,0.0371735,null,null
-0.0115787,null,null,-0.22294,null
0.00607509,null,null,null,-0.000753825
0.992966,0.00159863,null,null,null
-0.280381,null,0.0512399,null,null
-0.0426121,null,null,-0.263321,null
0.0056408,null,null,null,0.00104751
0.992824,0.00181452,null,null,null
-0.287575,null,0.0335114,null,null
-0.0482631,null,null,-0.260791,null
0.004383,null,null,null,-0.000858755
0.992774,0.000266477,null,null,null
-0.212407,null,-0.0204737,null,null
0.0327814,null,null,-0.305165,null
0.00649212,null,null,null,-0.00186171
0.993009,-0.000986867,null,null,null
-0.207074,null,0.0569723,null,null
-0.0270845,null,null,-0.280627,null
-0.000790726,null,null,null,-0.000833476
0.993008,-0.00279194,null,null,null
-0.182171,null,-0.0140319,null,null
-0.0776324,null,null,-0.224684,null
-0.00201301,null,null,null,0.00311969
0.992977,-0.0109001,null,null,null
-0.166022,null,0.0971826,null,null
-0.0811184,null,null,-0.207455,null
-0.00745236,null,null,null,0.00272995
0.99294,-0.00956006,null,null,null
-0.219871,null,0.0767086,null,null
-0.0526607,null,null,-0.187521,null
-0.00428634,null,null,null,0.00336643
0.992944,-0.0116146,null,null,null
-0.230545,null,0.0333449,null,null
-0.0407594,null,null,-0.128116,null
0.00224211,null,null,null,0.00162931
0.99301,-0.00981111,null,null,null
-0.235299,null,-0.0083676,null,null
-0.0638525,null,null,-0.157496,null
0.00187365,null,null,null,-0.00362434
0.9929,-0.00430963,null,null,null
-0.208042,null,-0.072692,null,null
-0.0977232,null,null,-0.151356,null
0.00122127,null,null,null,-0.00743614
0.992771,-0.0102779,null,null,null
-0.178206,null,-0.0722022,null,null
-0.0546514,null,null,-0.182278,null
-0.00147651,null,null,null,-0.000381156
0.992915,-0.00877235,null,null,null
-0.176534,null,0.00280131,null,null
-0.0894581,null,null,-0.105343,null
-0.00256634,null,null,null,-0.0024173
0.992935,-0.01089,null,null,null
-0.191491,null,0.033952,null,null
-0.16481,null,null,-0.097149,null
0.00364624,null,null,null,-0.00482343
0.992851,-0.0143899,null,null,null
-0.115239,null,0.00436479,null,null
-0.161805,null,null,-0.0953178,null
-0.000476113,null,null,null,-0.00424414
0.992939,-0.00962339,null,null,null
-0.10248,null,0.00115792,null,null
-0.121754,null,null,-0.103,null
-0.00182818,null,null,null,-0.0087135
0.992885,-0.00568494,null,null,null
-0.137859,null,-0.0397584,null,null
-0.150135,null,null,-0.0635929,null
0.00133328,null,null,null,0.0032625
0.993081,-0.00314708,null,null,null
-0.158548,null,0.0021425,null,null
-0.202221,null,null,0.0205903,null
0.00188654,null,null,null,0.000620037
0.992916,-0.00697735,null,null,null
-0.152358,null,-0.0234699,null,null
-0.23882,null,null,-0.0274232,null
0.00113526,null,null,null,-0.00364239
0.992923,-0.010584,null,null,null
-0.127057,null,-0.0251995,null,null
-0.228456,null,null,-0.0498634,null
0.000523086,null,null,null,0.0017275
0.993031,-0.011125,null,null,null
-0.216441,null,-0.0572924,null,null
-0.276705,null,null,-0.0811091,null
0.00568451,null,null,null,-0.00056447
0.993117,-0.00286239,null,null,null
-0.200174,null,-0.053282,null,null
-0.243276,null,null,-0.114772,null
0.00696177,null,null,null,0.00369301
0.992869,-0.00195059,null,null,null
-0.167474,null,-0.0838757,null,null
-0.282591,null,null,-0.154782,null
0.00173098,null,null,null,0.00281196
0.992869,-0.00195059,null,null,null
-0.167474,null,-0.0838757,null,null
-0.282591,null,null,-0.154782,null
0.00173098,null,null,null,0.00281196
0.992869,-0.00195059,null,null,null
-0.167474,null,-0.0838757,null,null
-0.282591,null,null,-0.154782,null
0.00173098,null,null,null,0.00281196
0.99282,0.00037213,null,null,null
-0.158763,null,-0.109054,null,null
-0.319396,null,null,-0.148886,null
0.000287769,null,null,null,-0.00070397
0.992975,0.00031432,null,null,null
-0.133,null,-0.111916,null,null
-0.276899,null,null,-0.0727126,null
0.00153884,null,null,null,-0.000917457
0.992881,-0.00172574,null,null,null
-0.175206,null,-0.127273,null,null
-0.2702,null,null,-0.116431,null
-0.00139974,null,null,null,-4.25369e-05
0.992982,-0.00219898,null,null,null
-0.121831,null,-0.104815,null,null
-0.290464,null,null,-0.0778181,null
0.00335673,null,null,null,-0.00329523
0.992936,-0.0082761,null,null,null
-0.120098,null,-0.116699,null,null
-0.250104,null,null,-0.115057,null
0.00012481,null,null,null,-0.00327277
0.993041,-0.00769406,null,null,null
-0.0751711,null,-0.113572,null,null
-0.241346,null,null,-0.0685608,null
-0.00483177,null,null,null,0.00414831
0.993006,-0.00622389,null,null,null
-0.0602823,null,-0.166556,null,null
-0.229111,null,null,-0.131741,null
-0.000243574,null,null,null,-9.77285e-05
0.993075,-0.00558095,null,null,null
-0.116679,null,-0.211804,null,null
-0.283353,null,null,-0.156315,null
0.00102239,null,null,null,0.00337145
0.993075,-0.00558095,null,null,null
-0.116679,null,-0.211804,null,null
-0.283353,null,null,-0.156315,null
0.00102239,null,null,null,0.00337145
0.993036,-0.00150721,null,null,null
-0.153386,null,-0.253229,null,null
-0.247175,null,null,-0.10841,null
0.00753879,null,null,null,-0.00396882
0.993169,0.000255226,null,null,null
-0.148003,null,-0.268242,null,null
-0.154199,null,null,-0.122442,null
0.00903171,null,null,null,-0.00213909
0.993047,0.00600271,null,null,null
-0.126599,null,-0.268811,null,null
-0.122988,null,null,-0.157659,null
0.00508458,null,null,null,0.000256569
0.993047,0.00600271,null,null,null
-0.126599,null,-0.268811,null,null
-0.122988,null,null,-0.157659,null
0.00508458,null,null,null,0.000256569
0.993152,0.00834531,null,null,null
-0.14678,null,-0.25333,null,null
-0.190082,null,null,-0.126921,null
-0.005449,null,null,null,-0.00314143
0.993171,0.00227234,null,null,null
-0.137205,null,-0.232565,null,null
-0.204794,null,null,-0.135656,null
-0.00089487,null,null,null,0.0036686
0.993059,-0.000389325,null,null,null
-0.118763,null,-0.210968,null,null
-0.207094,null,null,-0.146393,null
-0.0041093,null,null,null,0.0039511
0.992994,0.0064929,null,null,null
-0.129049,null,-0.25821,null,null
-0.168868,null,null,-0.165355,null
-0.00346438,null,null,null,-0.00115856
0.993095,0.00434211,null,null,null
-0.158209,null,-0.273,null,null
-0.119379,null,null,-0.124729,null
-0.00370396,null,null,null,0.00187829
0.993138,0.00233972,null,null,null
-0.208656,null,-0.267604,null,null
-0.174141,null,null,-0.117851,null
0.00204139,null,null,null,0.000597355
0.993032,-0.00549291,null,null,null
-0.241216,null,-0.226099,null,null
-0.154995,null,null,-0.191706,null
0.00167864,null,null,null,-0.00702339
0.993061,-0.000783819,null,null,null
-0.0827003,null,-0.263464,null,null
-0.185723,null,null,-0.0848944,null
-0.000623886,null,null,null,0.000717298
0.992995,-0.000153443,null,null,null
-0.0809818,null,-0.255001,null,null
-0.146824,null,null,-0.113074,null
0.00257502,null,null,null,0.00323912
0.992995,-0.000153443,null,null,null
-0.0809818,null,-0.255001,null,null
-0.146824,null,null,-0.113074,null
0.00257502,null,null,null,0.00323912
0.992991,0.00355045,null,null,null
-0.146393,null,-0.223532,null,null
-0.17602,null,null,-0.128318,null
0.00503724,null,null,null,-0.00561793
0.993031,0.0034147,null,null,null
-0.096953,null,-0.29144,null,null
-0.17259,null,null,-0.158291,null
0.00252934,null,null,null,-0.000714282
0.993065,0.000212084,null,null,null
-0.103065,null,-0.230854,null,null
-0.200341,null,null,-0.159988,null
-0.000181191,null,null,null,0.00144243
0.993006,-0.0057942,null,null,null
-0.060028,null,-0.307636,null,null
-0.214644,null,null,-0.0874551,null
-0.000962275,null,null,null,-0.000113772
0.993006,-0.0057942,null,null,null
-0.060028,null,-0.307636,null,null
-0.214644,null,null,-0.0874551,null
-0.000962275,null,null,null,-0.000113772
0.993044,0.00137684,null,null,null
-0.0791208,null,-0.340805,null,null
-0.2502,null,null,-0.132754,null
0.00284416,null,null,null,-0.00461815
0.993141,0.000219076,null,null,null
-0.140026,null,-0.319484,null,null
-0.237399,null,null,-0.159128,null
0.0013088,null,null,null,-0.00530966
0.993131,9.21334e-05,null,null,null
-0.124676,null,-0.34386,null,null
-0.290998,null,null,-0.219924,null
0.00118912,null,null,null,-0.00279954
0.993152,0.00013572,null,null,null
-0.148561,null,-0.317321,null,null
-0.310522,null,null,-0.218026,null
-0.00282391,null,null,null,-0.00107051
0.993123,0.00373044,null,null,null
-0.209414,null,-0.303146,null,null
-0.296525,null,null,-0.253169,null
-0.00355871,null,null,null,0.00286315
0.993195,-6.56871e-05,null,null,null
-0.254256,null,-0.238173,null,null
-0.217546,null,null,-0.31273,null
-0.00541381,null,null,null,-0.0021409
0.993047,-0.000645806,null,null,null
-0.31367,null,-0.270326,null,null
-0.163494,null,null,-0.368426,null
-0.00461719,null,null,null,0.00281203
0.993149,-0.00082991,null,null,null
-0.222315,null,-0.206097,null,null
-0.15407,null,null,-0.403317,null
-0.00167398,null,null,null,0.00105407
0.99295,-0.00525895,null,null,null
-0.22538,null,-0.167797,null,null
-0.188367,null,null,-0.355025,null
-0.00712513,null,null,null,-0.00416774
0.992971,-0.00530209,null,null,null
-0.259836,null,-0.195813,null,null
-0.166268,null,null,-0.370227,null
-0.0077493,null,null,null,-0.00853399
0.992971,-0.00530209,null,null,null
-0.259836,null,-0.195813,null,null
-0.166268,null,null,-0.370227,null
-0.0077493,null,null,null,-0.00853399
0.993053,0.00199301,null,null,null
-0.277753,null,-0.199267,null,null
-0.183688,null,null,-0.372925,null
-0.00085065,null,null,null,-0.00648325
0.993053,0.00199301,null,null,null
-0.277753,null,-0.199267,null,null
-0.183688,null,null,-0.372925,null
-0.00085065,null,null,null,-0.00648325
0.992926,0.00793921,null,null,null
-0.211694,null,-0.213413,null,null
-0.208228,null,null,-0.383578,null
0.00324644,null,null,null,-0.00520299
0.992926,0.00793921,null,null,null
-0.211694,null,-0.213413,null,null
-0.208228,null,null,-0.383578,null
0.00324644,null,null,null,-0.00520299
0.992965,0.0149897,null,null,null
-0.221555,null,-0.160684,null,null
-0.160216,null,null,-0.385451,null
-0.00429854,null,null,null,-0.0040397
0.992984,0.0163245,null,null,null
-0.186828,null,-0.2175,null,null
-0.194312,null,null,-0.399099,null
-0.00211185,null,null,null,0.000512213
0.992899,0.0137381,null,null,null
-0.131774,null,-0.20334,null,null
-0.224154,null,null,-0.405784,null
0.000720298,null,null,null,-0.00469428
0.992996,0.0124093,null,null,null
-0.112947,null,-0.222604,null,null
-0.253274,null,null,-0.317775,null
0.00356559,null,null,null,-0.00182508
0.992889,0.0137947,null,null,null
-0.12564,null,-0.168478,null,null
-0.207292,null,null,-0.421214,null
0.00376491,null,null,null,0.00355785
0.992846,0.0184925,null,null,null
-0.107849,null,-0.126741,null,null
-0.222761,null,null,-0.447554,null
-0.00208294,null,null,null,0.00440639
0.992745,0.0193589,null,null,null
-0.0334766,null,-0.128185,null,null
-0.189476,null,null,-0.412765,null
-0.00199761,null,null,null,0.00181505
0.992745,0.0193589,null,null,null
-0.0334766,null,-0.128185,null,null
-0.189476,null,null,-0.412765,null
-0.00199761,null,null,null,0.00181505
0.992992,0.00877686,null,null,null
0.0498135,null,-0.101759,null,null
-0.168338,null,null,-0.406121,null
-0.00141844,null,null,null,-0.000231139
0.992992,0.00877686,null,null,null
0.0498135,null,-0.101759,null,null
-0.168338,null,null,-0.406121,null
-0.00141844,null,null,null,-0.000231139
0.992992,0.00877686,null,null,null
0.0498135,null,-0.101759,null,null
-0.168338,null,null,-0.406121,null
-0.00141844,null,null,null,-0.000231139
0.993126,0.0106217,null,null,null
0.0354905,null,-0.110134,null,null
-0.27296,null,null,-0.422675,null
-0.00225334,null,null,null,0.00394606
0.992961,0.0134951,null,null,null
0.0401582,null,-0.149634,null,null
-0.31525,null,null,-0.457803,null
0.00479829,null,null,null,0.00601614
0.99297,0.010625,null,null,null
0.074815,null,-0.0815287,null,null
-0.250986,null,null,-0.42827,null
0.000456159,null,null,null,0.0061099
0.993016,0.0102755,null,null,null
0.0592754,null,-0.075258,null,null
-0.27174,null,null,-0.386427,null
-0.00220726,null,null,null,0.00146109
0.993041,0.0100388,null,null,null
-0.0172022,null,-0.126356,null,null
-0.196486,null,null,-0.416058,null
0.0016859,null,null,null,0.00207513
0.992883,0.00474666,null,null,null
-0.0187489,null,-0.199594,null,null
-0.185847,null,null,-0.407509,null
0.00168696,null,null,null,-0.00151444
0.992959,0.00648444,null,null,null
-0.00571428,null,-0.0615368,null,null
-0.118915,null,null,-0.432515,null
0.000731695,null,null,null,-0.0051632
0.992945,0.00236929,null,null,null
0.0102347,null,0.0179656,null,null
-0.10357,null,null,-0.379538,null
0.00422802,null,null,null,-0.00058416
0.992995,0.00210049,null,null,null
0.0203842,null,0.000937261,null,null
-0.0589042,null,null,-0.372399,null
-0.00467105,null,null,null,-0.0056045
0.993156,0.0076157,null,null,null
0.02821,null,1.34995e-05,null,null
-0.0634887,null,null,-0.328952,null
0.000967804,null,null,null,0.000444111
0.993156,0.0076157,null,null,null
0.02821,null,1.34995e-05,null,null
-0.0634887,null,null,-0.328952,null
0.000967804,null,null,null,0.000444111
0.993136,0.0074041,null,null,null
0.0138698,null,-0.0605127,null,null
-0.0562345,null,null,-0.378036,null
0.00338208,null,null,null,0.00337196
0.993044,0.00870832,null,null,null
0.00736203,null,-0.0783445,null,null
-0.0350291,null,null,-0.354272,null
0.00171719,null,null,null,0.00113217
0.992965,0.00852544,null,null,null
0.0275576,null,-0.109077,null,null
-0.150086,null,null,-0.405473,null
0.00231549,null,null,null,-0.00140678
0.99288,0.00408566,null,null,null
0.0290558,null,-0.085357,null,null
-0.143943,null,null,-0.408016,null
0.00755801,null,null,null,0.0059489
0.992903,-0.0073531,null,null,null
0.0921414,null,-0.138866,null,null
-0.151317,null,null,-0.460524,null
-0.00310342,null,null,null,0.00923176
0.993014,-0.00755954,null,null,null
0.0919395,null,-0.133246,null,null
-0.157599,null,null,-0.466675,null
-0.00437511,null,null,null,0.00156145
0.993108,-0.0119702,null,null,null
0.0670614,null,-0.153034,null,null
-0.140788,null,null,-0.454589,null
-0.00841771,null,null,null,0.000270977
0.993036,-0.0112408,null,null,null
0.0805027,null,-0.137656,null,null
-0.0744304,null,null,-0.460811,null
-0.00488745,null,null,null,-0.00186616
0.993036,-0.0112408,null,null,null
0.0805027,null,-0.137656,null,null
-0.0744304,null,null,-0.460811,null
-0.00488745,null,null,null,-0.00186616
0.992999,-0.00672565,null,null,null
0.0453615,null,-0.0693225,null,null
-0.0278916,null,null,-0.452047,null
-0.00274007,null,null,null,0.00217566
0.992931,-0.0124219,null,null,null
0.0477965,null,-0.0572419,null,null
-0.0358221,null,null,-0.425786,null
-0.00018137,null,null,null,-0.000712141
0.992939,-0.0130118,null,null,null
0.0218425,null,-0.0736712,null,null
0.0271438,null,null,-0.420397,null
0.00597815,null,null,null,-0.00363456
0.992934,-0.00878441,null,null,null
-0.030191,null,-0.0836459,null,null
0.0947429,null,null,-0.416825,null
0.00581216,null,null,null,0.00043729
0.992742,-0.0179002,null,null,null
-0.0220688,null,-0.0799874,null,null
0.103295,null,null,-0.417969,null
0.0028236,null,null,null,-0.0028534
0.992754,-0.0113481,null,null,null
-0.0415213,null,-0.0549399,null,null
0.1496,null,null,-0.400709,null
0.00396023,null,null,null,-0.00614274
0.992631,-0.0172886,null,null,null
-0.0673245,null,-0.11249,null,null
0.125206,null,null,-0.402112,null
-0.000563494,null,null,null,-0.0069018
0.992818,-0.0176384,null,null,null
-0.0713264,null,-0.140246,null,null
0.123652,null,null,-0.402959,null
-0.00115469,null,null,null,-0.00385579
0.992736,-0.0213784,null,null,null
-0.113095,null,-0.149351,null,null
0.182574,null,null,-0.40217,null
-0.00680149,null,null,null,-0.00245048
0.992736,-0.0213784,null,null,null
-0.113095,null,-0.149351,null,null
0.182574,null,null,-0.40217,null
-0.00680149,null,null,null,-0.00245048
0.992815,-0.0170565,null,null,null
-0.0899299,null,-0.206486,null,null
0.292737,null,null,-0.392824,null
-0.000289166,null,null,null,0.00241651
0.992847,-0.0160214,null,null,null
-0.0694771,null,-0.149856,null,null
0.332778,null,null,-0.313265,null
0.00317606,null,null,null,0.00186706
0.992701,-0.0167993,null,null,null
-0.0440715,null,-0.113019,null,null
0.3679,null,null,-0.316519,null
0.00214382,null,null,null,0.00159791
0.992646,-0.0207061,null,null,null
-0.0999605,null,-0.103667,null,null
0.366833,null,null,-0.26446,null
0.00205296,null,null,null,-0.00146743
0.99263,-0.0194843,null,null,null
-0.0148147,null,-0.108783,null,null
0.377604,null,null,-0.226726,null
-0.00128747,null,null,null,-0.00259501
0.992712,-0.0214086,null,null,null
-0.0172237,null,-0.12955,null,null
0.395971,null,null,-0.284725,null
-0.000735648,null,null,null,-0.00319518
0.99269,-0.0183162,null,null,null
-0.0277346,null,-0.113771,null,null
0.352901,null,null,-0.255125,null
-0.000453175,null,null,null,0.00437081
0.99266,-0.0241126,null,null,null
-0.036238,null,-0.184968,null,null
0.377009,null,null,-0.332558,null
-0.00483094,null,null,null,-0.000823043
0.992546,-0.0234297,null,null,null
-0.0521249,null,-0.228971,null,null
0.282643,null,null,-0.280645,null
-0.0032628,null,null,null,-0.000794653
0.992546,-0.0234297,null,null,null
-0.0521249,null,-0.228971,null,null
0.282643,null,null,-0.280645,null
-0.0032628,null,null,null,-0.000794653
0.992441,-0.0213864,null,null,null
-0.0873769,null,-0.214705,null,null
0.360619,null,null,-0.297259,null
-0.00703886,null,null,null,-0.00156174
0.992692,-0.0221516,null,null,null
-0.044472,null,-0.215122,null,null
0.327876,null,null,-0.285586,null
-0.00759566,null,null,null,-0.00261253
0.992548,-0.023766,null,null,null
-0.0337741,null,-0.298069,null,null
0.3439,null,null,-0.212746,null
-0.0011255,null,null,null,-0.0079876
0.992718,-0.0196286,null,null,null
-0.0443843,null,-0.319101,null,null
0.391181,null,null,-0.193571,null
0.000238554,null,null,null,-0.0020478
0.992718,-0.0196286,null,null,null
-0.0443843,null,-0.319101,null,null
0.391181,null,null,-0.193571,null
0.000238554,null,null,null,-0.0020478
0.99286,-0.0138354,null,null,null
-0.162969,null,-0.287477,null,null
0.416284,null,null,-0.22899,null
0.00368121,null,null,null,-0.00594922
0.992694,-0.0104733,null,null,null
-0.150097,null,-0.320613,null,null
0.376939,null,null,-0.285928,null
0.00237991,null,null,null,-0.00142789
0.993015,-0.00665934,null,null,null
-0.103299,null,-0.315004,null,null
0.407761,null,null,-0.256536,null
0.00129163,null,null,null,-0.00385848
0.993041,-0.0023421,null,null,null
-0.0909285,null,-0.31242,null,null
0.390761,null,null,-0.166805,null
0.00634304,null,null,null,0.00305025
0.993006,-0.00238301,null,null,null
0.00169826,null,-0.346674,null,null
0.28143,null,null,-0.145156,null
-0.00195429,null,null,null,0.00211755
0.992905,-0.00628836,null,null,null
-0.0229186,null,-0.416511,null,null
0.25681,null,null,-0.203764,null
0.00316655,null,null,null,0.00246091
0.992905,-0.00628836,null,null,null
-0.0229186,null,-0.416511,null,null
0.25681,null,null,-0.203764,null
0.00316655,null,null,null,0.00246091
0.99303,-0.00619631,null,null,null
-0.00119341,null,-0.371428,null,null
0.25771,null,null,-0.213377,null
0.00158987,null,null,null,0.00362149
0.993023,-0.00568276,null,null,null
0.0128355,null,-0.470176,null,null
0.31103,null,null,-0.220677,null
-0.00254294,null,null,null,-0.0028226
0.992924,-0.0053009,null,null,null
-0.0553389,null,-0.384634,null,null
0.321379,null,null,-0.236169,null
-0.00114631,null,null,null,0.00213093
0.992774,-0.00623634,null,null,null
0.0524551,null,-0.423186,null,null
0.382674,null,null,-0.176212,null
-0.000538362,null,null,null,0.00421121
0.993021,-0.00215577,null,null,null
0.0860008,null,-0.349721,null,null
0.423887,null,null,-0.201855,null
-0.00174644,null,null,null,0.00562613
0.992774,0.00423964,null,null,null
0.0989295,null,-0.382044,null,null
0.316039,null,null,-0.185884,null
0.00221156,null,null,null,0.00223906
0.992884,0.00160715,null,null,null
0.0951083,null,-0.340245,null,null
0.279705,null,null,-0.141841,null
0.000528391,null,null,null,0.00268259
0.992884,0.00160715,null,null,null
0.0951083,null,-0.340245,null,null
0.279705,null,null,-0.141841,null
0.000528391,null,null,null,0.00268259
0.992888,0.000785592,null,null,null
0.078999,null,-0.36941,null,null
0.337477,null,null,-0.126222,null
-0.00119662,null,null,null,0.00437711
0.992888,0.000785592,null,null,null
0.078999,null,-0.36941,null,null
0.337477,null,null,-0.126222,null
-0.00119662,null,null,null,0.00437711
0.992944,0.00615361,null,null,null
0.0917985,null,-0.359457,null,null
0.287245,null,null,-0.098017,null
-0.00332176,null,null,null,0.00200465
0.993062,0.000800301,null,null,null
0.0536191,null,-0.32495,null,null
0.28643,null,null,-0.167252,null
-0.000402524,null,null,null,0.000852241
0.993095,0.00514516,null,null,null
0.132915,null,-0.367468,null,null
0.253192,null,null,-0.199362,null
0.00110254,null,null,null,-0.0045061
0.993205,0.00329741,null,null,null
0.129014,null,-0.338266,null,null
0.269238,null,null,-0.186611,null
0.000529886,null,null,null,0.00190549
0.993077,0.00782297,null,null,null
0.0841901,null,-0.321238,null,null
0.260104,null,null,-0.171792,null
-0.00167282,null,null,null,0.000280613
0.992984,0.00919706,null,null,null
0.173106,null,-0.369514,null,null
0.2881,null,null,-0.131087,null
0.00142082,null,null,null,-0.00465071
0.992964,0.0109627,null,null,null
0.0706681,null,-0.335473,null,null
0.239589,null,null,-0.0899765,null
0.0054068,null,null,null,-0.00277819
0.992847,0.0145389,null,null,null
0.0943559,null,-0.290239,null,null
0.257553,null,null,-0.179581,null
0.00609461,null,null,null,-0.00579251
0.993008,0.0107249,null,null,null
0.0829999,null,-0.306094,null,null
0.229015,null,null,-0.0848877,null
0.00229325,null,null,null,-0.00315358
0.993109,0.0104144,null,null,null
0.109244,null,-0.306605,null,null
0.27511,null,null,-0.0508759,null
0.00511869,null,null,null,-0.00164653
0.993111,0.0120817,null,null,null
0.125039,null,-0.287856,null,null
0.299038,null,null,-0.028898,null
-0.00158088,null,null,null,0.000761581
0.993038,0.00849458,null,null,null
0.0838953,null,-0.278561,null,null
0.332672,null,null,0.0178746,null
0.00166478,null,null,null,-0.00248439
0.993038,0.00849458,null,null,null
0.0838953,null,-0.278561,null,null
0.332672,null,null,0.0178746,null
0.00166478,null,null,null,-0.00248439
0.993015,0.0129362,null,null,null
0.0926147,null,-0.27392,null,null
0.269742,null,null,-0.0426059,null
0.000134863,null,null,null,0.00108708
0.993015,0.0129362,null,null,null
0.0926147,null,-0.27392,null,null
0.269742,null,null,-0.0426059,null
0.000134863,null,null,null,0.00108708
0.993015,0.0129362,null,null,null
0.0926147,null,-0.27392,null,null
0.269742,null,null,-0.0426059,null
0.000134863,null,null,null,0.00108708
0.993109,0.00739747,null,null,null
0.158889,null,-0.254116,null,null
0.19606,null,null,-0.0246469,null
-0.000943861,null,null,null,-0.00730288
0.993109,0.00739747,null,null,null
0.158889,null,-0.254116,null,null
0.19606,null,null,-0.0246469,null
-0.000943861,null,null,null,-0.00730288
0.993109,0.00739747,null,null,null
0.158889,null,-0.254116,null,null
0.19606,null,null,-0.0246469,null
-0.000943861,null,null,null,-0.00730288
0.993066,0.00942411,null,null,null
0.229183,null,-0.249039,null,null
0.199331,null,null,-0.0714241,null
0.00478671,null,null,null,-0.00253126
0.992905,0.00816677,null,null,null
0.221332,null,-0.224641,null,null
0.29048,null,null,-0.03614,null
0.000696846,null,null,null,-0.00222721
0.993143,0.00898389,null,null,null
0.243176,null,-0.280044,null,null
0.28123,null,null,-0.0325556,null
-0.0022773,null,null,null,-0.0026427
0.99288,0.0107733,null,null,null
0.279319,null,-0.250355,null,null
0.247736,null,null,0.00246918,null
0.00489739,null,null,null,-0.00353157
0.9929,0.00558094,null,null,null
0.211154,null,-0.302903,null,null
0.230297,null,null,-0.0741055,null
0.00294871,null,null,null,-0.00906095
0.992814,0.00158989,null,null,null
0.252922,null,-0.302686,null,null
0.239627,null,null,-0.120563,null
-0.00232119,null,null,null,0.000700816
0.992814,0.00158989,null,null,null
0.252922,null,-0.302686,null,null
0.239627,null,null,-0.120563,null
-0.00232119,null,null,null,0.000700816
0.992835,0.00318291,null,null,null
0.221275,null,-0.299989,null,null
0.218061,null,null,-0.125786,null
2.4579e-05,null,null,null,-0.00526973
0.992911,0.00514358,null,null,null
0.201745,null,-0.284039,null,null
0.233577,null,null,-0.162912,null
-0.0035759,null,null,null,-0.00198568
0.992911,0.00514358,null,null,null
0.201745,null,-0.284039,null,null
0.233577,null,null,-0.162912,null
-0.0035759,null,null,null,-0.00198568
0.99302,0.0073357,null,null,null
0.188142,null,-0.244523,null,null
0.259444,null,null,-0.113568,null
-0.00504469,null,null,null,-0.00386106
0.992979,0.0114646,null,null,null
0.140471,null,-0.21743,null,null
0.217024,null,null,-0.0507149,null
-0.0064199,null,null,null,-0.00142533
0.99292,0.0128066,null,null,null
0.238215,null,-0.163724,null,null
0.307038,null,null,-0.125269,null
-0.00453873,null,null,null,-0.0069094
0.992847,0.0157126,null,null,null
0.22836,null,-0.205281,null,null
0.290485,null,null,-0.0478558,null
0.00144885,null,null,null,-0.00175581
0.992879,0.0105283,null,null,null
0.231887,null,-0.242419,null,null
0.283111,null,null,-0.0400792,null
-0.00273487,null,null,null,0.000925961
0.992873,0.00170032,null,null,null
0.210021,null,-0.14104,null,null
0.26843,null,null,-0.0943331,null
-0.00170716,null,null,null,-0.000150735
0.992938,0.00703909,null,null,null
0.312329,null,-0.184261,null,null
0.317161,null,null,0.0112614,null
-0.00873046,null,null,null,-0.00869217
0.992938,0.00703909,null,null,null
0.312329,null,-0.184261,null,null
0.317161,null,null,0.0112614,null
-0.00873046,null,null,null,-0.00869217
0.99293,0.00381747,null,null,null
0.301495,null,-0.268965,null,null
0.299379,null,null,0.0114921,null
-0.000102401,null,null,null,-0.0073987
0.99293,0.00381747,null,null,null
0.301495,null,-0.268965,null,null
0.299379,null,null,0.0114921,null
-0.000102401,null,null,null,-0.0073987
0.992982,0.0116235,null,null,null
0.256814,null,-0.278487,null,null
0.238535,null,null,0.0618116,null
-0.00342804,null,null,null,-0.00678114
0.992984,0.0128652,null,null,null
0.239898,null,-0.171643,null,null
0.318061,null,null,0.015873,null
0.00692348,null,null,null,0.00298209
0.992821,0.00878496,null,null,null
0.261056,null,-0.196392,null,null
0.280027,null,null,-0.00165079,null
0.00366251,null,null,null,0.00451619
0.992873,0.0120809,null,null,null
0.336257,null,-0.241652,null,null
0.335214,null,null,0.0157613,null
0.00508185,null,null,null,0.00493927
0.992905,0.00920963,null,null,null
0.333496,null,-0.307029,null,null
0.341956,null,null,0.0238222,null
0.00414959,null,null,null,-0.00290299
0.992905,0.00920963,null,null,null
0.333496,null,-0.307029,null,null
0.341956,null,null,0.0238222,null
0.00414959,null,null,null,-0.00290299
0.992949,0.0094108,null,null,null
0.319063,null,-0.312088,null,null
0.318613,null,null,-0.074346,null
0.00296747,null,null,null,-0.000244307
0.992949,0.0094108,null,null,null
0.319063,null,-0.312088,null,null
0.318613,null,null,-0.074346,null
0.00296747,null,null,null,-0.000244307
0.992938,0.00637813,null,null,null
0.303681,null,-0.320766,null,null
0.357175,null,null,-0.038026,null
0.00046844,null,null,null,-0.0021081
0.992879,0.00253854,null,null,null
0.289729,null,-0.363304,null,null
0.322335,null,null,-0.0400677,null
0.00447683,null,null,null,-0.000248681
0.993061,0.00160075,null,null,null
0.233338,null,-0.400594,null,null
0.352992,null,null,-0.0235484,null
0.00611971,null,null,null,0.00043693
0.993062,-0.000926415,null,null,null
0.228231,null,-0.345116,null,null
0.345614,null,null,0.0297645,null
-0.00359342,null,null,null,0.00420966
0.993154,-0.00028914,null,null,null
0.161485,null,-0.316352,null,null
0.285013,null,null,0.0775111,null
-0.000614799,null,null,null,0.000343716
0.992927,0.00399125,null,null,null
0.142119,null,-0.345747,null,null
0.282197,null,null,0.0281854,null
-0.00510271,null,null,null,-0.00552629
0.992941,0.00613495,null,null,null
0.0497206,null,-0.314177,null,null
0.22809,null,null,0.0345781,null
0.000974615,null,null,null,-0.00342805
0.992919,0.00448898,null,null,null
0.0705105,null,-0.296171,null,null
0.254864,null,null,-0.003805,null
0.000994924,null,null,null,-0.00377104
0.993021,0.00537693,null,null,null
0.047457,null,-0.29849,null,null
0.215159,null,null,0.0179495,null
0.00163163,null,null,null,-0.00589822
0.992976,0.00626694,null,null,null
0.0456428,null,-0.255965,null,null
0.316595,null,null,0.00230934,null
0.0103053,null,null,null,-0.00865836
0.992976,0.00626694,null,null,null
0.0456428,null,-0.255965,null,null
0.316595,null,null,0.00230934,null
0.0103053,null,null,null,-0.00865836
0.993021,0.00822921,null,null,null
0.0571991,null,-0.241685,null,null
0.302859,null,null,0.0314762,null
0.00202272,null,null,null,-0.00239604
0.993003,0.00363215,null,null,null
0.0811405,null,-0.310094,null,null
0.261215,null,null,0.028177,null
0.000272233,null,null,null,-0.00232853
0.993001,0.00502921,null,null,null
0.131959,null,-0.256045,null,null
0.294612,null,null,0.0495235,null
-0.00263796,null,null,null,-0.00124603
0.992991,0.00249619,null,null,null
0.13971,null,-0.277916,null,null
0.306032,null,null,0.0341149,null
0.000280134,null,null,null,-0.00231393
0.992844,0.00539081,null,null,null
0.18794,null,-0.310886,null,null
0.224403,null,null,0.00773815,null
-0.00243226,null,null,null,-0.0033318
0.992901,0.00511616,null,null,null
0.213956,null,-0.375298,null,null
0.292521,null,null,0.0225471,null
0.000724054,null,null,null,0.00256796
0.992855,0.00596084,null,null,null
0.218665,null,-0.382981,null,null
0.304651,null,null,-0.0614535,null
0.00385726,null,null,null,-0.000452178
0.992905,0.00965447,null,null,null
0.219634,null,-0.384355,null,null
0.304539,null,null,-0.0437666,null
0.000393002,null,null,null,0.0067038
0.992951,0.00690107,null,null,null
0.164222,null,-0.356123,null,null
0.291365,null,null,-0.024972,null
-0.000529237,null,null,null,0.0036452
0.992951,0.00690107,null,null,null
0.164222,null,-0.356123,null,null
0.291365,null,null,-0.024972,null
-0.000529237,null,null,null,0.0036452
0.993044,0.00574767,null,null,null
0.174574,null,-0.330845,null,null
0.294598,null,null,-0.0671856,null
0.00367819,null,null,null,-8.82483e-05
0.993115,0.00570404,null,null,null
0.197645,null,-0.37796,null,null
0.341668,null,null,-0.0198131,null
0.000972061,null,null,null,-0.00494211
0.993027,0.00682371,null,null,null
0.146365,null,-0.409133,null,null
0.351086,null,null,-0.0363545,null
-0.00555506,null,null,null,-0.00187136
0.992866,0.0155529,null,null,null
0.199618,null,-0.367412,null,null
0.282474,null,null,0.0230254,null
-0.00641129,null,null,null,-0.000905151
0.992916,0.0146191,null,null,null
0.179651,null,-0.417096,null,null
0.274611,null,null,0.0621393,null
-0.00383112,null,null,null,-0.000741626
0.992859,0.0164327,null,null,null
0.198683,null,-0.375877,null,null
0.335182,null,null,0.129566,null
0.00267629,null,null,null,-0.00144325
0.993031,0.0141991,null,null,null
0.197056,null,-0.336476,null,null
0.389977,null,null,0.0919486,null
-0.00505407,null,null,null,0.00319088
0.993031,0.0141991,null,null,null
0.197056,null,-0.336476,null,null
0.389977,null,null,0.0919486,null
-0.00505407,null,null,null,0.00319088
0.992886,0.0165474,null,null,null
0.17246,null,-0.397884,null,null
0.412145,null,null,0.126325,null
-0.00870717,null,null,null,0.000356882
0.993023,0.0179958,null,null,null
0.183274,null,-0.378299,null,null
0.39535,null,null,0.0959049,null
-0.00126564,null,null,null,0.00571809
0.993023,0.0179958,null,null,null
0.183274,null,-0.378299,null,null
0.39535,null,null,0.0959049,null
-0.00126564,null,null,null,0.00571809
0.992876,0.0161682,null,null,null
0.16627,null,-0.369835,null,null
0.384802,null,null,0.0449387,null
-0.000822365,null,null,null,0.00451439
0.992874,0.019833,null,null,null
0.180358,null,-0.347274,null,null
0.379053,null,null,0.0424871,null
0.000521264,null,null,null,-0.0010496
0.992874,0.019833,null,null,null
0.180358,null,-0.347274,null,null
0.379053,null,null,0.0424871,null
0.000521264,null,null,null,-0.0010496
0.992935,0.0212069,null,null,null
0.114904,null,-0.356337,null,null
0.406689,null,null,0.0498207,null
-0.00371632,null,null,null,-0.00359425
0.993091,0.0154081,null,null,null
0.136341,null,-0.386775,null,null
0.398736,null,null,0.0162928,null
0.00255929,null,null,null,-0.00174956
0.992951,0.0196679,null,null,null
0.114163,null,-0.247773,null,null
0.3311,null,null,-0.0146951,null
0.00419242,null,null,null,-0.00481453
0.992932,0.0196011,null,null,null
0.171162,null,-0.326676,null,null
0.325906,null,null,-0.00557399,null
0.00367734,null,null,null,-0.008747
0.992897,0.0207284,null,null,null
0.167868,null,-0.320654,null,null
0.345992,null,null,0.0246715,null
0.00194764,null,null,null,-0.00596927
0.992905,0.0191525,null,null,null
0.16937,null,-0.292806,null,null
0.33786,null,null,0.0265444,null
-0.00240236,null,null,null,-0.00504028
0.992942,0.0183175,null,null,null
0.0842275,null,-0.285161,null,null
0.260642,null,null,-0.048548,null
-0.004342,null,null,null,0.00171704
0.992696,0.0196329,null,null,null
0.151376,null,-0.23684,null,null
0.314764,null,null,0.0105413,null
-0.00498015,null,null,null,0.00149696
0.992659,0.0197667,null,null,null
0.131399,null,-0.242342,null,null
0.395919,null,null,-0.0640205,null
0.000633431,null,null,null,0.00213488
0.992886,0.0197967,null,null,null
0.148084,null,-0.258443,null,null
0.301932,null,null,0.0170189,null
-0.00164663,null,null,null,0.00464389
0.992886,0.0197967,null,null,null
0.148084,null,-0.258443,null,null
0.301932,null,null,0.0170189,null
-0.00164663,null,null,null,0.00464389
0.992886,0.0197967,null,null,null
0.148084,null,-0.258443,null,null
0.301932,null,null,0.0170189,null
-0.00164663,null,null,null,0.00464389
0.992833,0.0215361,null,null,null
0.207363,null,-0.272908,null,null
0.280924,null,null,0.00504135,null
0.00305364,null,null,null,0.0023916
0.992932,0.0200738,null,null,null
0.184244,null,-0.290875,null,null
0.291004,null,null,-0.00810332,null
0.00233015,null,null,null,-0.00395055
0.99282,0.02025,null,null,null
0.221952,null,-0.331945,null,null
0.243916,null,null,-0.0492094,null
0.000886606,null,null,null,-0.00964114
0.99282,0.02025,null,null,null
0.221952,null,-0.331945,null,null
0.243916,null,null,-0.0492094,null
0.000886606,null,null,null,-0.00964114
0.992889,0.0192834,null,null,null
0.245551,null,-0.304509,null,null
0.211968,null,null,-0.0191069,null
0.00466226,null,null,null,-0.00529082
0.992835,0.0244734,null,null,null
0.288245,null,-0.347928,null,null
0.173801,null,null,-0.0501301,null
0.00157174,null,null,null,-0.000312054
0.992731,0.021986,null,null,null
0.239457,null,-0.342284,null,null
0.213893,null,null,-0.0743056,null
-0.00230277,null,null,null,-0.00104934
0.992731,0.021986,null,null,null
0.239457,null,-0.342284,null,null
0.213893,null,null,-0.0743056,null
-0.00230277,null,null,null,-0.00104934
0.992789,0.0193686,null,null,null
0.193488,null,-0.279649,null,null
0.169022,null,null,-0.0695266,null
-0.000416258,null,null,null,-0.00156985
0.992766,0.0229283,null,null,null
0.16224,null,-0.277033,null,null
0.1735,null,null,-0.0896271,null
0.00235315,null,null,null,-0.000699582
0.992781,0.025193,null,null,null
0.149136,null,-0.272604,null,null
0.095008,null,null,-0.0781994,null
0.00309357,null,null,null,-0.00100267
0.9928,0.0281006,null,null,null
0.167625,null,-0.259221,null,null
0.126471,null,null,-0.065138,null
0.00720648,null,null,null,-0.000800951
0.9926,0.0341982,null,null,null
0.174046,null,-0.298524,null,null
0.0938601,null,null,-0.0558946,null
0.000426481,null,null,null,-0.0040954
0.992426,0.0324822,null,null,null
0.202352,null,-0.265159,null,null
0.142821,null,null,-0.0320074,null
0.00438621,null,null,null,-0.000601171
0.992467,0.0326194,null,null,null
0.265935,null,-0.314032,null,null
0.146333,null,null,-0.0768251,null
-0.00279669,null,null,null,0.00344915
0.992467,0.0326194,null,null,null
0.265935,null,-0.314032,null,null
0.146333,null,null,-0.0768251,null
-0.00279669,null,null,null,0.00344915
0.992495,0.0319284,null,null,null
0.25016,null,-0.255305,null,null
0.206461,null,null,-0.066243,null
0.00328931,null,null,null,0.00810392
0.992393,0.0363461,null,null,null
0.276819,null,-0.259914,null,null
0.188722,null,null,-0.070733,null
0.00315129,null,null,null,0.00725989
0.992204,0.0366845,null,null,null
0.219925,null,-0.286821,null,null
0.242594,null,null,-0.0721303,null
0.000590405,null,null,null,-0.00164215
0.992328,0.0366742,null,null,null
0.18109,null,-0.333656,null,null
0.242781,null,null,-0.0271006,null
0.00404538,null,null,null,-0.00270104
0.992433,0.0350292,null,null,null
0.148322,null,-0.377985,null,null
0.177281,null,null,0.0238007,null
-0.00122645,null,null,null,-0.000993815
0.992436,0.0368219,null,null,null
0.13811,null,-0.37454,null,null
0.256373,null,null,0.0482267,null
0.00124847,null,null,null,-0.00392989
0.992437,0.035286,null,null,null
0.0711379,null,-0.345211,null,null
0.225144,null,null,-0.0120918,null
-0.000571434,null,null,null,-0.00587438
0.992416,0.0347952,null,null,null
0.034926,null,-0.329515,null,null
0.248825,null,null,0.034457,null
-0.00121329,null,null,null,0.00282776
0.992343,0.0396834,null,null,null
0.0312451,null,-0.289612,null,null
0.222175,null,null,0.0496573,null
0.00378523,null,null,null,-0.001543
0.992343,0.0396834,null,null,null
0.0312451,null,-0.289612,null,null
0.222175,null,null,0.0496573,null
0.00378523,null,null,null,-0.001543
0.992221,0.0379675,null,null,null
0.0696596,null,-0.28195,null,null
0.215574,null,null,0.030646,null
0.00451996,null,null,null,-0.00136192
0.991962,0.0414709,null,null,null
0.107496,null,-0.36124,null,null
0.22859,null,null,-0.0525526,null
0.00136907,null,null,null,-0.0029931
0.992129,0.0441071,null,null,null
0.100442,null,-0.332392,null,null
0.258879,null,null,-0.00757857,null
0.00463921,null,null,null,0.00271406
0.992355,0.0369691,null,null,null
0.097834,null,-0.382045,null,null
0.285058,null,null,-0.0269358,null
0.00288418,null,null,null,0.00245028
0.992355,0.0369691,null,null,null
0.097834,null,-0.382045,null,null
0.285058,null,null,-0.0269358,null
0.00288418,null,null,null,0.00245028
0.9924,0.0359919,null,null,null
0.0867363,null,-0.398289,null,null
0.288074,null,null,0.00864171,null
0.00176407,null,null,null,-0.00236863
0.992402,0.0296056,null,null,null
0.0778048,null,-0.422187,null,null
0.291432,null,null,0.0612123,null
-0.000637923,null,null,null,-0.00141427
0.992515,0.0300156,null,null,null
0.0405647,null,-0.453649,null,null
0.285212,null,null,0.113097,null
-0.000488036,null,null,null,0.00250739
0.992626,0.0286313,null,null,null
0.0293132,null,-0.416964,null,null
0.264644,null,null,0.0725896,null
-0.000810813,null,null,null,0.00751226
0.992422,0.0317757,null,null,null
0.0110709,null,-0.464691,null,null
0.260294,null,null,0.0645258,null
-0.0014318,null,null,null,0.00219079
0.992422,0.0317757,null,null,null
0.0110709,null,-0.464691,null,null
0.260294,null,null,0.0645258,null
-0.0014318,null,null,null,0.00219079
0.992422,0.0317757,null,null,null
0.0110709,null,-0.464691,null,null
0.260294,null,null,0.0645258,null
-0.0014318,null,null,null,0.00219079
0.992575,0.0298348,null,null,null
0.10509,null,-0.469951,null,null
0.29937,null,null,-0.0195129,null
0.00257116,null,null,null,-0.00319981
0.99263,0.0294331,null,null,null
0.153941,null,-0.414556,null,null
0.285379,null,null,-0.0588371,null
0.00126058,null,null,null,-0.00143766
0.992663,0.0266066,null,null,null
0.187122,null,-0.469649,null,null
0.275647,null,null,-0.110472,null
0.00255135,null,null,null,0.00158819
0.992691,0.0257582,null,null,null
0.188371,null,-0.383326,null,null
0.293278,null,null,-0.0970336,null
0.00192226,null,null,null,0.00138733
0.992691,0.0257582,null,null,null
0.188371,null,-0.383326,null,null
0.293278,null,null,-0.0970336,null
0.00192226,null,null,null,0.00138733
0.992788,0.0288447,null,null,null
0.202874,null,-0.316704,null,null
0.312276,null,null,-0.0806209,null
-0.00348859,null,null,null,0.00479531
0.992615,0.0292104,null,null,null
0.208286,null,-0.341986,null,null
0.318277,null,null,-0.0560042,null
-0.00670028,null,null,null,-0.00114938
0.992615,0.0292104,null,null,null
0.208286,null,-0.341986,null,null
0.318277,null,null,-0.0560042,null
-0.00670028,null,null,null,-0.00114938
0.992639,0.0244146,null,null,null
0.227834,null,-0.318765,null,null
0.312739,null,null,-0.164146,null
-0.00544983,null,null,null,-0.00396342
0.99268,0.016068,null,null,null
0.285269,null,-0.31138,null,null
0.288641,null,null,-0.209003,null
-0.00676335,null,null,null,-0.00160242
0.992715,0.0193474,null,null,null
0.256955,null,-0.344313,null,null
0.364531,null,null,-0.196107,null
-0.00328831,null,null,null,-0.00176285
0.992715,0.0193474,null,null,null
0.256955,null,-0.344313,null,null
0.364531,null,null,-0.196107,null
-0.00328831,null,null,null,-0.00176285
0.992715,0.0193474,null,null,null
0.256955,null,-0.344313,null,null
0.364531,null,null,-0.196107,null
-0.00328831,null,null,null,-0.00176285
0.992672,0.0165595,null,null,null
0.272561,null,-0.297718,null,null
0.304805,null,null,-0.175723,null
-0.0054519,null,null,null,0.000470319
0.992891,0.0126984,null,null,null
0.263748,null,-0.310326,null,null
0.308605,null,null,-0.171318,null
0.00133499,null,null,null,0.0040366
0.992961,0.0157545,null,null,null
0.188485,null,-0.398072,null,null
0.291797,null,null,-0.156676,null
-0.00253535,null,null,null,-0.000154204
0.992986,0.0129838,null,null,null
0.264124,null,-0.329766,null,null
0.194656,null,null,-0.144201,null
-0.003327,null,null,null,0.0019823
0.992794,0.0163151,null,null,null
0.238811,null,-0.397881,null,null
0.202245,null,null,-0.145564,null
0.00391561,null,null,null,0.00284861
0.992979,0.013325,null,null,null
0.181987,null,-0.387895,null,null
0.26034,null,null,-0.192046,null
-0.000916281,null,null,null,0.00341465
0.992908,0.00945407,null,null,null
0.223266,null,-0.406069,null,null
0.228098,null,null,-0.207363,null
-0.00387311,null,null,null,-0.00249421
0.993058,0.0120028,null,null,null
0.198594,null,-0.387415,null,null
0.283708,null,null,-0.184509,null
-0.0063997,null,null,null,0.00425604
0.993058,0.0120028,null,null,null
0.198594,null,-0.387415,null,null
0.283708,null,null,-0.184509,null
-0.0063997,null,null,null,0.00425604
0.993058,0.0120028,null,null,null
0.198594,null,-0.387415,null,null
0.283708,null,null,-0.184509,null
-0.0063997,null,null,null,0.00425604
0.993106,0.0105065,null,null,null
0.185292,null,-0.301505,null,null
0.312706,null,null,-0.149854,null
-0.0053544,null,null,null,0.00310805
0.993115,0.00761071,null,null,null
0.129875,null,-0.323491,null,null
0.26799,null,null,-0.164974,null
-0.00513184,null,null,null,0.00236976
0.993045,0.000782666,null,null,null
0.134561,null,-0.286498,null,null
0.23565,null,null,-0.156565,null
-0.0048387,null,null,null,0.00173889
0.993051,0.00169575,null,null,null
0.15098,null,-0.366659,null,null
0.213457,null,null,-0.161782,null
-0.00344186,null,null,null,0.000990423
0.993056,-0.000295279,null,null,null
0.126858,null,-0.296555,null,null
0.2858,null,null,-0.213911,null
-0.00278574,null,null,null,0.00303237
0.993056,-0.000295279,null,null,null
0.126858,null,-0.296555,null,null
0.2858,null,null,-0.213911,null
-0.00278574,null,null,null,0.00303237
0.993194,0.000972992,null,null,null
0.152062,null,-0.356126,null,null
0.223059,null,null,-0.183804,null
-0.00255383,null,null,null,-0.00232129
0.993026,0.00543817,null,null,null
0.153199,null,-0.28309,null,null
0.28761,null,null,-0.142308,null
0.00126881,null,null,null,0.000201708
0.993161,0.00545113,null,null,null
0.150638,null,-0.344683,null,null
0.30658,null,null,-0.0802926,null
4.53235e-05,null,null,null,0.00142272
0.992999,0.00620183,null,null,null
0.128688,null,-0.313956,null,null
0.362534,null,null,-0.112281,null
0.000454901,null,null,null,-0.00101105
0.993019,0.00458349,null,null,null
0.137056,null,-0.368578,null,null
0.346579,null,null,-0.130635,null
-0.00471331,null,null,null,0.0028486
0.993067,0.00533566,null,null,null
0.0951306,null,-0.316984,null,null
0.287914,null,null,-0.195447,null
-0.00173329,null,null,null,0.00121945
0.993065,0.00729063,null,null,null
0.130059,null,-0.304599,null,null
0.319893,null,null,-0.140804,null
0.00203492,null,null,null,0.00283765
0.992999,0.00704111,null,null,null
0.0792303,null,-0.276179,null,null
0.362617,null,null,-0.122669,null
-0.00280212,null,null,null,0.000709613
0.992999,0.00704111,null,null,null
0.0792303,null,-0.276179,null,null
0.362617,null,null,-0.122669,null
-0.00280212,null,null,null,0.000709613
0.992897,0.00489651,null,null,null
0.112711,null,-0.306472,null,null
0.413964,null,null,-0.115605,null
-0.000554603,null,null,null,0.00388571
0.992775,0.00301219,null,null,null
0.121999,null,-0.336402,null,null
0.318494,null,null,-0.13833,null
-0.00232645,null,null,null,-0.000268036
0.992775,0.00301219,null,null,null
0.121999,null,-0.336402,null,null
0.318494,null,null,-0.13833,null
-0.00232645,null,null,null,-0.000268036
0.992671,0.00380714,null,null,null
0.0730594,null,-0.33291,null,null
0.396834,null,null,-0.0961588,null
-0.00799719,null,null,null,-0.00299314
0.992804,0.000926554,null,null,null
0.0692865,null,-0.261723,null,null
0.415124,null,null,-0.145804,null
-0.00301036,null,null,null,0.00718392
0.992755,0.00220049,null,null,null
0.0505133,null,-0.2841,null,null
0.442873,null,null,-0.20846,null
-0.00280292,null,null,null,0.00195316
0.992966,-0.00561834,null,null,null
0.0818212,null,-0.281944,null,null
0.41454,null,null,-0.25391,null
-0.00222967,null,null,null,0.00389931
0.992966,-0.00561834,null,null,null
0.0818212,null,-0.281944,null,null
0.41454,null,null,-0.25391,null
-0.00222967,null,null,null,0.00389931
0.992929,-0.00902649,null,null,null
0.110007,null,-0.248684,null,null
0.429652,null,null,-0.269247,null
0.00179528,null,null,null,0.00272521
0.992929,-0.00902649,null,null,null
0.110007,null,-0.248684,null,null
0.429652,null,null,-0.269247,null
0.00179528,null,null,null,0.00272521
0.992744,-0.0111146,null,null,null
0.0459986,null,-0.272763,null,null
0.418686,null,null,-0.22086,null
-0.00120213,null,null,null,-0.000789915
0.992834,-0.0103258,null,null,null
0.0272597,null,-0.256732,null,null
0.369459,null,null,-0.227109,null
-0.000353585,null,null,null,0.000629475
0.993039,-0.0104634,null,null,null
0.0672241,null,-0.217019,null,null
0.442947,null,null,-0.275272,null
-0.00676507,null,null,null,-0.00297244
0.992899,-0.0152609,null,null,null
0.00955914,null,-0.276379,null,null
0.4131,null,null,-0.291693,null
-0.00266739,null,null,null,-0.00257184
0.992932,-0.0120871,null,null,null
0.00842754,null,-0.327423,null,null
0.363517,null,null,-0.341102,null
-0.00460149,null,null,null,-0.00391101
0.992932,-0.0120871,null,null,null
0.00842754,null,-0.327423,null,null
0.363517,null,null,-0.341102,null
-0.00460149,null,null,null,-0.00391101
0.992932,-0.0120871,null,null,null
0.00842754,null,-0.327423,null,null
0.363517,null,null,-0.341102,null
-0.00460149,null,null,null,-0.00391101
0.992991,-0.0145725,null,null,null
0.00984517,null,-0.345486,null,null
0.290489,null,null,-0.375734,null
0.00233249,null,null,null,-0.00681367
0.992879,-0.0184792,null,null,null
0.0453578,null,-0.370085,null,null
0.307605,null,null,-0.40301,null
-0.00342366,null,null,null,0.00202719
0.992982,-0.0184095,null,null,null
0.0125612,null,-0.383241,null,null
0.252453,null,null,-0.413608,null
0.00025769,null,null,null,-0.00207427
0.993053,-0.0166046,null,null,null
-0.0381145,null,-0.383319,null,null
0.187392,null,null,-0.419641,null
-0.00544757,null,null,null,-0.00276105
0.992997,-0.0197829,null,null,null
-0.0382786,null,-0.324959,null,null
0.217774,null,null,-0.453244,null
-0.000505442,null,null,null,-0.00675454
0.99293,-0.0238734,null,null,null
-0.046017,null,-0.295601,null,null
0.220809,null,null,-0.489409,null
-0.00347968,null,null,null,-0.00512895
0.99293,-0.0238734,null,null,null
-0.046017,null,-0.295601,null,null
0.220809,null,null,-0.489409,null
-0.00347968,null,null,null,-0.00512895
0.992854,-0.025045,null,null,null
-0.0341004,null,-0.375223,null,null
0.219248,null,null,-0.464348,null
-0.00261534,null,null,null,-0.00266684
0.99275,-0.0220266,null,null,null
0.0246115,null,-0.330465,null,null
0.201834,null,null,-0.490429,null
-0.00378204,null,null,null,-0.00235491
0.99275,-0.0220266,null,null,null
0.0246115,null,-0.330465,null,null
0.201834,null,null,-0.490429,null
-0.00378204,null,null,null,-0.00235491
0.992765,-0.0223851,null,null,null
0.0204427,null,-0.247287,null,null
0.170937,null,null,-0.446227,null
-0.00795303,null,null,null,-0.000193589
0.992765,-0.0223851,null,null,null
0.0204427,null,-0.247287,null,null
0.170937,null,null,-0.446227,null
-0.00795303,null,null,null,-0.000193589
0.992906,-0.0190226,null,null,null
-0.02472,null,-0.288046,null,null
0.15153,null,null,-0.417888,null
0.000405553,null,null,null,-0.00311616
0.992906,-0.0201844,null,null,null
0.0418451,null,-0.308084,null,null
0.157641,null,null,-0.451603,null
-0.00554994,null,null,null,-0.0014225
0.992906,-0.0201844,null,null,null
0.0418451,null,-0.308084,null,null
0.157641,null,null,-0.451603,null
-0.00554994,null,null,null,-0.0014225
0.992706,-0.0262384,null,null,null
0.0159571,null,-0.251095,null,null
0.092826,null,null,-0.492955,null
-0.00739985,null,null,null,-0.00117066
0.992666,-0.0299461,null,null,null
-0.0049116,null,-0.282236,null,null
0.143034,null,null,-0.484796,null
-0.00610529,null,null,null,-0.00231292
0.992739,-0.027373,null,null,null
-0.112525,null,-0.335079,null,null
0.0938549,null,null,-0.493055,null
-0.00529329,null,null,null,0.000335913
0.992774,-0.0281587,null,null,null
-0.116305,null,-0.273235,null,null
-0.0162139,null,null,-0.436823,null
-0.00609196,null,null,null,-0.00187865
0.992606,-0.0350577,null,null,null
-0.113231,null,-0.283076,null,null
-0.1068,null,null,-0.399804,null
-0.00408278,null,null,null,-0.00215731
0.992606,-0.0350577,null,null,null
-0.113231,null,-0.283076,null,null
-0.1068,null,null,-0.399804,null
-0.00408278,null,null,null,-0.00215731
0.992606,-0.0350577,null,null,null
-0.113231,null,-0.283076,null,null
-0.1068,null,null,-0.399804,null
-0.00408278,null,null,null,-0.00215731
0.992531,-0.0327884,null,null,null
-0.161819,null,-0.26733,null,null
-0.0690895,null,null,-0.43739,null
0.00111326,null,null,null,0.000773484
0.99272,-0.0295788,null,null,null
-0.120889,null,-0.30808,null,null
-0.0422691,null,null,-0.425569,null
-0.00275748,null,null,null,-0.0024317
0.992694,-0.0296385,null,null,null
-0.0972169,null,-0.31389,null,null
-0.0722213,null,null,-0.383732,null
-0.00409704,null,null,null,0.00440033
0.9927,-0.0273925,null,null,null
-0.147331,null,-0.290299,null,null
-0.0310606,null,null,-0.381283,null
-0.00280302,null,null,null,0.00276436
0.992735,-0.0257204,null,null,null
-0.088835,null,-0.231724,null,null
0.000713645,null,null,-0.379953,null
0.00209484,null,null,null,0.00129869
0.992771,-0.0214869,null,null,null
-0.118809,null,-0.257184,null,null
0.00422064,null,null,-0.345175,null
-0.00505614,null,null,null,-0.0045148
0.992707,-0.0245047,null,null,null
-0.122629,null,-0.308766,null,null
0.015123,null,null,-0.388912,null
0.00101477,null,null,null,-0.00299859
0.992674,-0.028541,null,null,null
-0.177381,null,-0.338639,null,null
-0.0148214,null,null,-0.329621,null
0.00389452,null,null,null,0.000213956
0.992823,-0.0246227,null,null,null
-0.221886,null,-0.27833,null,null
-0.0595721,null,null,-0.236758,null
0.00697489,null,null,null,-0.00396815
0.99264,-0.0267126,null,null,null
-0.198045,null,-0.229521,null,null
-0.0494908,null,null,-0.246872,null
-0.00577006,null,null,null,-0.00603851
0.992915,-0.0151905,null,null,null
-0.157395,null,-0.220554,null,null
-0.0220657,null,null,-0.276434,null
-0.00514295,null,null,null,-0.0043261
0.992934,-0.0148214,null,null,null
-0.157105,null,-0.220656,null,null
-0.0223316,null,null,-0.305447,null
-0.00664771,null,null,null,0.00024109
0.992797,-0.0165394,null,null,null
-0.171558,null,-0.228589,null,null
-0.00691204,null,null,-0.28521,null
-0.00214436,null,null,null,0.00044495
0.992748,-0.0188453,null,null,null
-0.181352,null,-0.226382,null,null
-0.00270712,null,null,-0.303815,null
-0.00538447,null,null,null,0.00502846
0.992733,-0.0178839,null,null,null
-0.151278,null,-0.141591,null,null
-0.0127954,null,null,-0.361057,null
5.2499e-05,null,null,null,0.00129556
0.992566,-0.0227145,null,null,null
-0.190738,null,-0.158023,null,null
-0.069887,null,null,-0.32677,null
-0.000720408,null,null,null,-0.00972212
0.992833,-0.0206326,null,null,null
-0.17754,null,-0.206714,null,null
-0.0730596,null,null,-0.318569,null
-0.00149037,null,null,null,-0.00192643
0.992857,-0.0208897,null,null,null
-0.13883,null,-0.197057,null,null
-0.0569638,null,null,-0.301843,null
-0.00111696,null,null,null,-0.00464435
0.992934,-0.0183551,null,null,null
-0.121899,null,-0.204271,null,null
-0.0828332,null,null,-0.291745,null
0.00508909,null,null,null,-0.00171575
0.993139,-0.013551,null,null,null
-0.11502,null,-0.223914,null,null
-0.10246,null,null,-0.290929,null
0.00193586,null,null,null,0.00208962
0.993139,-0.013551,null,null,null
-0.11502,null,-0.223914,null,null
-0.10246,null,null,-0.290929,null
0.00193586,null,null,null,0.00208962
0.993109,-0.0143471,null,null,null
-0.145558,null,-0.102747,null,null
-0.111457,null,null,-0.299328,null
0.004428,null,null,null,-0.00322783
0.993035,-0.0106835,null,null,null
-0.18246,null,-0.162321,null,null
-0.0683254,null,null,-0.244241,null
0.000942835,null,null,null,0.000413144
0.993009,-0.0135567,null,null,null
-0.229304,null,-0.147228,null,null
-0.0891891,null,null,-0.245665,null
-0.00516266,null,null,null,-0.000899707
0.993009,-0.0135567,null,null,null
-0.229304,null,-0.147228,null,null
-0.0891891,null,null,-0.245665,null
-0.00516266,null,null,null,-0.000899707
0.99294,-0.00955971,null,null,null
-0.23735,null,-0.0981333,null,null
-0.0819409,null,null,-0.217085,null
-0.00245889,null,null,null,0.00432851
0.993088,-0.00716966,null,null,null
-0.234736,null,-0.125886,null,null
-0.147289,null,null,-0.200407,null
-0.00301593,null,null,null,-0.00686744
0.993074,-0.0112878,null,null,null
-0.22485,null,-0.0696036,null,null
-0.187156,null,null,-0.236857,null
-0.00104094,null,null,null,-0.00147585
0.992908,-0.0124037,null,null,null
-0.203983,null,-0.147556,null,null
-0.150609,null,null,-0.246311,null
0.00313451,null,null,null,0.00291206
0.992908,-0.0124037,null,null,null
-0.203983,null,-0.147556,null,null
-0.150609,null,null,-0.246311,null
0.00313451,null,null,null,0.00291206
0.99295,-0.0148869,null,null,null
-0.25426,null,-0.0842086,null,null
-0.130129,null,null,-0.222824,null
-0.00237835,null,null,null,-0.000107445
0.992942,-0.0152241,null,null,null
-0.17631,null,-0.05045,null,null
-0.0618654,null,null,-0.243202,null
0.00425964,null,null,null,0.00141544
0.992912,-0.011964,null,null,null
-0.232324,null,-0.041438,null,null
-0.0601199,null,null,-0.220766,null
0.00408386,null,null,null,-0.00151525
0.993003,-0.0112145,null,null,null
-0.221964,null,-0.0583458,null,null
-0.0705861,null,null,-0.24987,null
-0.00284291,null,null,null,-0.00602312
0.993003,-0.0112145,null,null,null
-0.221964,null,-0.0583458,null,null
-0.0705861,null,null,-0.24987,null
-0.00284291,null,null,null,-0.00602312
0.993062,-0.00880904,null,null,null
-0.239096,null,-0.0149824,null,null
-0.0954141,null,null,-0.243286,null
-0.00852418,null,null,null,-0.00597146
0.993064,-0.00673111,null,null,null
-0.242486,null,-0.00822016,null,null
-0.0274056,null,null,-0.24932,null
-0.00137871,null,null,null,-0.00260227
0.992992,-0.00853686,null,null,null
-0.33009,null,-0.0543051,null,null
-0.0788973,null,null,-0.271716,null
-0.000284785,null,null,null,-0.00789977
0.993019,-0.00306258,null,null,null
-0.38488,null,-0.12658,null,null
-0.0395225,null,null,-0.155911,null
-0.003338,null,null,null,-6.4065e-05
0.992892,0.00283497,null,null,null
-0.400514,null,-0.0532136,null,null
-0.00118619,null,null,-0.272483,null
0.00156976,null,null,null,-0.000827397
0.99294,0.00567056,null,null,null
-0.376755,null,-0.0437362,null,null
-0.086554,null,null,-0.16274,null
-0.00249412,null,null,null,0.00307224
0.992936,0.0027818,null,null,null
-0.343359,null,-0.0335642,null,null
-0.0758264,null,null,-0.174685,null
0.00103402,null,null,null,0.00575239
0.992974,0.0047768,null,null,null
-0.344925,null,-0.0380356,null,null
-0.110178,null,null,-0.152825,null
-0.00157916,null,null,null,0.00352694
0.99282,-0.00156902,null,null,null
-0.342669,null,0.012899,null,null
-0.122242,null,null,-0.195819,null
-0.00227999,null,null,null,-0.00298621
0.992666,-0.00430152,null,null,null
-0.250958,null,0.0126176,null,null
-0.0928652,null,null,-0.151243,null
0.00759419,null,null,null,-0.0020304
0.992875,-0.0132324,null,null,null
-0.233956,null,-0.011992,null,null
-0.114109,null,null,-0.16401,null
0.00467482,null,null,null,-0.00184301
0.992819,-0.0103093,null,null,null
-0.204008,null,-0.0321704,null,null
-0.117818,null,null,-0.145313,null
0.00362346,null,null,null,-0.00267602
0.992819,-0.0103093,null,null,null
-0.204008,null,-0.0321704,null,null
-0.117818,null,null,-0.145313,null
0.00362346,null,null,null,-0.00267602
0.992742,-0.010793,null,null,null
-0.258437,null,-0.0462029,null,null
-0.15968,null,null,-0.12478,null
0.00135675,null,null,null,-0.00650561
0.992753,-0.0099703,null,null,null
-0.26835,null,-0.00303036,null,null
-0.12103,null,null,-0.127192,null
0.00722729,null,null,null,-0.00474155
0.99297,-0.0042661,null,null,null
-0.250883,null,-0.0168735,null,null
-0.14088,null,null,-0.130526,null
0.00666501,null,null,null,0.000338424
0.992857,-0.00580313,null,null,null
-0.224974,null,0.0147165,null,null
-0.181445,null,null,-0.104456,null
0.00528251,null,null,null,0.00468976
0.992857,-0.00580313,null,null,null
-0.224974,null,0.0147165,null,null
-0.181445,null,null,-0.104456,null
0.00528251,null,null,null,0.00468976
0.992862,-0.0047724,null,null,null
-0.233895,null,0.0490184,null,null
-0.156086,null,null,-0.0820781,null
0.00792932,null,null,null,0.0045526
0.992885,-0.00487959,null,null,null
-0.268655,null,-0.000549454,null,null
-0.12042,null,null,-0.0598718,null
0.00311945,null,null,null,0.000896821
0.99292,-0.00218824,null,null,null
-0.28407,null,0.000224574,null,null
-0.0912435,null,null,-0.136431,null
0.0043824,null,null,null,0.00588039
0.993004,-0.00687875,null,null,null
-0.225706,null,-0.0183441,null,null
-0.053188,null,null,-0.099937,null
0.00168095,null,null,null,0.00166794
0.992851,-0.00817349,null,null,null
-0.224596,null,0.0310587,null,null
-0.081885,null,null,-0.145054,null
0.00153949,null,null,null,0.00230983
0.992862,-0.004356,null,null,null
-0.237494,null,0.0425787,null,null
-0.0542767,null,null,-0.0627141,null
0.00349062,null,null,null,0.00237239
0.992714,-0.0163131,null,null,null
-0.272714,null,-0.0238669,null,null
-0.10163,null,null,-0.0113538,null
0.000108454,null,null,null,0.00335059
0.99269,-0.0111322,null,null,null
-0.263179,null,-0.0427251,null,null
-0.093755,null,null,0.00842285,null
-0.0018965,null,null,null,-0.00301309
0.992583,-0.0138059,null,null,null
-0.268358,null,0.00786347,null,null
-0.123947,null,null,-0.00269994,null
0.00162581,null,null,null,0.00158014
0.992691,-0.0144445,null,null,null
-0.248101,null,0.0209287,null,null
-0.160678,null,null,-0.010346,null
-0.000662203,null,null,null,-0.00239202
0.992855,-0.016133,null,null,null
-0.281624,null,-0.10071,null,null
-0.126649,null,null,0.0213097,null
-0.0052507,null,null,null,0.00377561
0.992885,-0.0130087,null,null,null
-0.217372,null,0.013648,null,null
-0.110016,null,null,-0.015328,null
-0.00258555,null,null,null,0.00506227
0.992857,-0.0165791,null,null,null
-0.221793,null,0.0327729,null,null
-0.0764241,null,null,0.00884416,null
-0.00227873,null,null,null,0.00265971
0.992895,-0.0153548,null,null,null
-0.238406,null,0.0500561,null,null
-0.0760265,null,null,0.036014,null
0.00077652,null,null,null,0.00362246
0.992895,-0.0153548,null,null,null
-0.238406,null,0.0500561,null,null
-0.0760265,null,null,0.036014,null
0.00077652,null,null,null,0.00362246
0.992731,-0.0126166,null,null,null
-0.190584,null,0.0142258,null,null
-0.0983444,null,null,0.0164804,null
-0.00487734,null,null,null,0.00992025
0.992731,-0.0126166,null,null,null
-0.190584,null,0.0142258,null,null
-0.0983444,null,null,0.0164804,null
-0.00487734,null,null,null,0.00992025
0.992905,-0.0113585,null,null,null
-0.13118,null,0.0485543,null,null
-0.0644571,null,null,0.00186434,null
-0.00566334,null,null,null,0.00643591
0.992903,-0.0129344,null,null,null
-0.14822,null,0.122361,null,null
-0.0920921,null,null,-0.0546014,null
-0.00867961,null,null,null,-0.00429519
0.992977,-0.00966013,null,null,null
-0.213164,null,0.0987719,null,null
-0.113491,null,null,-0.114434,null
-0.00475125,null,null,null,0.00288499
0.992977,-0.00966013,null,null,null
-0.213164,null,0.0987719,null,null
-0.113491,null,null,-0.114434,null
-0.00475125,null,null,null,0.00288499
0.992958,-0.0180634,null,null,null
-0.136211,null,0.142453,null,null
-0.134738,null,null,-0.122525,null
-0.00287585,null,null,null,0.00351602
0.992849,-0.0213495,null,null,null
-0.163959,null,0.143469,null,null
-0.123581,null,null,-0.108788,null
0.000152265,null,null,null,0.000537751
0.992849,-0.0213495,null,null,null
-0.163959,null,0.143469,null,null
-0.123581,null,null,-0.108788,null
0.000152265,null,null,null,0.000537751
0.992873,-0.0173259,null,null,null
-0.0811276,null,0.153834,null,null
-0.164321,null,null,-0.0654103,null
-4.88398e-05,null,null,null,0.000574301
0.992873,-0.0173259,null,null,null
-0.0811276,null,0.153834,null,null
-0.164321,null,null,-0.0654103,null
-4.88398e-05,null,null,null,0.000574301
0.992873,-0.0173259,null,null,null
-0.0811276,null,0.153834,null,null
-0.164321,null,null,-0.0654103,null
-4.88398e-05,null,null,null,0.000574301
0.992894,-0.0141049,null,null,null
-0.0953074,null,0.173806,null,null
-0.175017,null,null,-0.0587815,null
-0.00379603,null,null,null,-0.00160097
0.993026,-0.00543928,null,null,null
-0.0571491,null,0.146895,null,null
-0.1615,null,null,-0.173928,null
-0.00105048,null,null,null,0.00551639
0.993012,-0.00791771,null,null,null
-0.071122,null,0.153546,null,null
-0.142014,null,null,-0.0482901,null
0.00540589,null,null,null,-0.000279707
0.993014,-0.0103281,null,null,null
-0.053885,null,0.0877169,null,null
-0.161777,null,null,-0.0194231,null
0.00108073,null,null,null,0.00339537
0.993047,-0.0131384,null,null,null
-0.109436,null,0.0699527,null,null
-0.191518,null,null,-0.0094303,null
-0.0040591,null,null,null,0.0082819
0.99303,-0.00854425,null,null,null
-0.119676,null,0.0633631,null,null
-0.213048,null,null,-0.0216322,null
-0.00441108,null,null,null,0.011097
0.993061,-0.0114333,null,null,null
-0.132049,null,0.108802,null,null
-0.153399,null,null,-0.00809444,null
-0.0012123,null,null,null,0.00925129
0.99295,-0.0169175,null,null,null
-0.101877,null,0.0968976,null,null
-0.145058,null,null,-0.0635692,null
0.00343063,null,null,null,0.00471186
0.99295,-0.0169175,null,null,null
-0.101877,null,0.0968976,null,null
-0.145058,null,null,-0.0635692,null
0.00343063,null,null,null,0.00471186
0.993014,-0.012365,null,null,null
-0.121776,null,0.166694,null,null
-0.128619,null,null,-0.0366486,null
-0.00205993,null,null,null,0.0052181
0.992986,-0.00816278,null,null,null
-0.150614,null,0.144259,null,null
-0.147709,null,null,-0.0794592,null
-0.00044424,null,null,null,-0.00175432
0.993151,-0.00644455,null,null,null
-0.113586,null,0.128369,null,null
-0.120314,null,null,-0.0464806,null
0.000175836,null,null,null,0.000952366
0.993147,-0.00183244,null,null,null
-0.149521,null,0.144344,null,null
-0.188695,null,null,-0.0701641,null
-0.00106833,null,null,null,-0.00564286
0.993109,-0.00133751,null,null,null
-0.174203,null,0.173011,null,null
-0.156374,null,null,-0.123723,null
-0.00269017,null,null,null,-0.00582974
0.993093,0.00143915,null,null,null
-0.167586,null,0.140953,null,null
-0.138654,null,null,-0.0802945,null
-0.0105438,null,null,null,-0.00540331
0.993101,0.00091428,null,null,null
-0.139522,null,0.114475,null,null
-0.137299,null,null,-0.149496,null
-0.000165822,null,null,null,-0.0033777
0.993101,0.00091428,null,null,null
-0.139522,null,0.114475,null,null
-0.137299,null,null,-0.149496,null
-0.000165822,null,null,null,-0.0033777
0.993166,0.00562369,null,null,null
-0.130488,null,0.187693,null,null
-0.104221,null,null,-0.165178,null
-0.00395066,null,null,null,0.00033157
0.993097,0.00604227,null,null,null
-0.110045,null,0.182626,null,null
-0.153361,null,null,-0.158846,null
-0.00302419,null,null,null,0.00197693
0.993054,0.00912695,null,null,null
-0.113745,null,0.184274,null,null
-0.149498,null,null,-0.169903,null
0.00177984,null,null,null,0.0092859
0.993135,0.00880371,null,null,null
-0.0861062,null,0.236016,null,null
-0.11392,null,null,-0.144774,null
0.000233371,null,null,null,0.00650329
0.992936,0.00765161,null,null,null
-0.0833266,null,0.203376,null,null
-0.125816,null,null,-0.200151,null
-0.00396102,null,null,null,0.00397957
0.993014,0.0109276,null,null,null
-0.0563828,null,0.198111,null,null
-0.177951,null,null,-0.258355,null
0.0028278,null,null,null,-0.000565435
0.993064,0.00754612,null,null,null
-0.106722,null,0.178244,null,null
-0.156727,null,null,-0.271986,null
0.00437566,null,null,null,0.00453151
0.993044,0.0112299,null,null,null
-0.0371159,null,0.276253,null,null
-0.179245,null,null,-0.223025,null
0.00277419,null,null,null,0.00519054
0.993044,0.0112299,null,null,null
-0.0371159,null,0.276253,null,null
-0.179245,null,null,-0.223025,null
0.00277419,null,null,null,0.00519054
0.993075,0.006288,null,null,null
0.016296,null,0.193574,null,null
-0.121589,null,null,-0.237567,null
0.00178188,null,null,null,0.00664134
0.993075,0.006288,null,null,null
0.016296,null,0.193574,null,null
-0.121589,null,null,-0.237567,null
0.00178188,null,null,null,0.00664134
0.993075,0.006288,null,null,null
0.016296,null,0.193574,null,null
-0.121589,null,null,-0.237567,null
0.00178188,null,null,null,0.00664134
0.993004,0.00497056,null,null,null
0.00417536,null,0.211065,null,null
-0.101315,null,null,-0.230098,null
0.00213527,null,null,null,0.00520083
0.993066,0.0016498,null,null,null
-0.0114233,null,0.277351,null,null
-0.0858921,null,null,-0.258719,null
-0.003565,null,null,null,0.00400339
0.993066,0.0016498,null,null,null
-0.0114233,null,0.277351,null,null
-0.0858921,null,null,-0.258719,null
-0.003565,null,null,null,0.00400339
0.993066,0.0016498,null,null,null
-0.0114233,null,0.277351,null,null
-0.0858921,null,null,-0.258719,null
-0.003565,null,null,null,0.00400339
0.993094,0.00130189,null,null,null
0.0334511,null,0.229102,null,null
-0.0817299,null,null,-0.30557,null
0.000318931,null,null,null,0.00353421
0.993062,0.00314633,null,null,null
-0.00229539,null,0.203259,null,null
-0.0385438,null,null,-0.285452,null
-0.00566759,null,null,null,-0.000836854
0.992915,0.00205334,null,null,null
-0.047762,null,0.220175,null,null
-0.083549,null,null,-0.264851,null
-0.00449348,null,null,null,-0.00146817
0.992915,0.00205334,null,null,null
-0.047762,null,0.220175,null,null
-0.083549,null,null,-0.264851,null
-0.00449348,null,null,null,-0.00146817
0.99296,0.000210131,null,null,null
-0.0101719,null,0.246885,null,null
-0.0514425,null,null,-0.218025,null
-0.00308405,null,null,null,-0.000572456
0.99287,0.00595216,null,null,null
-0.00605006,null,0.273411,null,null
-0.0125381,null,null,-0.220849,null
-0.00508186,null,null,null,-0.00240866
0.992931,-0.000957576,null,null,null
-0.00848981,null,0.333646,null,null
-0.0546839,null,null,-0.156891,null
-0.00118201,null,null,null,-0.0047487
0.992871,0.00240739,null,null,null
-0.027982,null,0.337304,null,null
0.0183115,null,null,-0.153652,null
0.00359424,null,null,null,0.00341346
0.992926,0.00703696,null,null,null
-0.0714279,null,0.302904,null,null
0.01395,null,null,-0.1907,null
0.0037595,null,null,null,0.00237244
0.992926,0.00703696,null,null,null
-0.0714279,null,0.302904,null,null
0.01395,null,null,-0.1907,null
0.0037595,null,null,null,0.00237244
0.992926,0.00703696,null,null,null
-0.0714279,null,0.302904,null,null
0.01395,null,null,-0.1907,null
0.0037595,null,null,null,0.00237244
0.992844,0.00960592,null,null,null
-0.0362664,null,0.231912,null,null
-0.0252693,null,null,-0.222981,null
0.00492286,null,null,null,0.00110165
0.992844,0.00960592,null,null,null
-0.0362664,null,0.231912,null,null
-0.0252693,null,null,-0.222981,null
0.00492286,null,null,null,0.00110165
0.992857,0.0123721,null,null,null
0.014336,null,0.248237,null,null
-0.0500724,null,null,-0.238469,null
0.00882028,null,null,null,0.00256936
0.992816,0.0129384,null,null,null
-0.0161744,null,0.205274,null,null
-0.00216714,null,null,-0.24516,null
0.000757277,null,null,null,0.00121995
0.992825,0.0130631,null,null,null
0.0291187,null,0.253138,null,null
-0.0124156,null,null,-0.27049,null
-0.00256269,null,null,null,0.00084858
0.992825,0.0130631,null,null,null
0.0291187,null,0.253138,null,null
-0.0124156,null,null,-0.27049,null
-0.00256269,null,null,null,0.00084858
0.99282,0.0152114,null,null,null
0.0523064,null,0.215504,null,null
-0.0509621,null,null,-0.177856,null
-0.00112072,null,null,null,-0.00147832
0.992736,0.0206075,null,null,null
0.120225,null,0.267546,null,null
-0.0305094,null,null,-0.20342,null
-0.00621007,null,null,null,-0.0016297
0.992771,0.0178829,null,null,null
0.193374,null,0.279271,null,null
-0.00822501,null,null,-0.179184,null
0.00116287,null,null,null,-0.000181745
0.992764,0.0188411,null,null,null
0.176479,null,0.219269,null,null
-0.0470339,null,null,-0.0626705,null
-0.00081856,null,null,null,-0.00245101
0.992986,0.0139949,null,null,null
0.177297,null,0.183699,null,null
-0.0930638,null,null,-0.10362,null
-0.00271051,null,null,null,-0.00122913
0.992833,0.0189453,null,null,null
0.146379,null,0.120999,null,null
-0.103248,null,null,-0.0876251,null
-0.00108644,null,null,null,-0.00156801
0.992925,0.0193873,null,null,null
0.206762,null,0.0837975,null,null
-0.091967,null,null,-0.126927,null
0.000899701,null,null,null,0.00274151
0.992881,0.0184041,null,null,null
0.191135,null,0.153672,null,null
-0.0230985,null,null,-0.107419,null
0.000558425,null,null,null,0.00117521
0.99288,0.018118,null,null,null
0.149494,null,0.164277,null,null
-0.0900034,null,null,-0.17374,null
0.000402558,null,null,null,-0.00190438
0.99294,0.0133425,null,null,null
0.091648,null,0.129846,null,null
-0.0559827,null,null,-0.202783,null
-0.00336353,null,null,null,-0.00235279
0.992938,0.0161643,null,null,null
0.15671,null,0.122961,null,null
-0.0188474,null,null,-0.30943,null
0.000571446,null,null,null,-0.000208473
0.992938,0.0161643,null,null,null
0.15671,null,0.122961,null,null
-0.0188474,null,null,-0.30943,null
0.000571446,null,null,null,-0.000208473
0.992981,0.0166851,null,null,null
0.123404,null,0.163217,null,null
-0.0139574,null,null,-0.261462,null
0.003095,null,null,null,-0.00548161
0.99289,0.0164324,null,null,null
0.00356774,null,0.198823,null,null
-0.0238041,null,null,-0.216616,null
-0.00107345,null,null,null,0.00170916
0.99283,0.0178547,null,null,null
0.0501546,null,0.123353,null,null
-0.0288504,null,null,-0.201846,null
0.00907266,null,null,null,0.00133018
0.992731,0.0180684,null,null,null
0.0462644,null,0.121699,null,null
-0.0221645,null,null,-0.20887,null
-0.00254661,null,null,null,0.00296405
0.992876,0.0154626,null,null,null
0.0228278,null,0.128801,null,null
-0.0697024,null,null,-0.116792,null
-0.00593887,null,null,null,0.00222421
0.992941,0.0132875,null,null,null
0.0206549,null,0.0905288,null,null
-0.0739426,null,null,-0.109185,null
-0.00526801,null,null,null,-0.000869422
0.993056,0.0128787,null,null,null
0.0427459,null,0.122028,null,null
-0.0629109,null,null,-0.13652,null
0.00404997,null,null,null,-0.00176715
0.99287,0.0153387,null,null,null
0.0333595,null,0.112859,null,null
-0.0533882,null,null,-0.0868053,null
0.00269163,null,null,null,0.00251044
0.992912,0.0129696,null,null,null
0.109239,null,0.118325,null,null
-0.0463769,null,null,-0.176443,null
0.00121991,null,null,null,0.00115772
0.993006,0.0144909,null,null,null
0.102525,null,0.0950997,null,null
-0.0903995,null,null,-0.200234,null
0.0065806,null,null,null,-0.000396523
0.993019,0.00598341,null,null,null
0.15035,null,0.12851,null,null
-0.104701,null,null,-0.153466,null
-5.20221e-06,null,null,null,0.00749291
0.992896,0.0104001,null,null,null
0.0713943,null,0.117241,null,null
-0.1171,null,null,-0.175719,null
0.00161414,null,null,null,0.00169221
0.992853,0.0125472,null,null,null
0.0606496,null,0.05804,null,null
-0.109435,null,null,-0.171879,null
-0.0025845,null,null,null,-0.00224863
0.992761,0.0151081,null,null,null
0.0582227,null,0.0694235,null,null
-0.095819,null,null,-0.212704,null
-0.00503992,null,null,null,0.000205413
0.992761,0.0151081,null,null,null
0.0582227,null,0.0694235,null,null
-0.095819,null,null,-0.212704,null
-0.00503992,null,null,null,0.000205413
0.992675,0.0187689,null,null,null
0.0836861,null,0.0218978,null,null
-0.0725079,null,null,-0.204412,null
-0.00233086,null,null,null,-0.000178864
0.992625,0.0215277,null,null,null
0.0524017,null,0.0676509,null,null
-0.0363935,null,null,-0.210999,null
0.00182456,null,null,null,-0.00915073
0.992606,0.0212599,null,null,null
0.0162907,null,0.147361,null,null
-0.00146456,null,null,-0.163459,null
0.000184851,null,null,null,-0.00211286
0.992291,0.0295384,null,null,null
0.0369791,null,0.154943,null,null
0.0141575,null,null,-0.139385,null
0.00179904,null,null,null,-0.00258256
0.992291,0.0295384,null,null,null
0.0369791,null,0.154943,null,null
0.0141575,null,null,-0.139385,null
0.00179904,null,null,null,-0.00258256
0.992466,0.0259824,null,null,null
0.037502,null,0.172928,null,null
-0.0320435,null,null,-0.130139,null
0.00843889,null,null,null,-0.00694165
0.992466,0.0259824,null,null,null
0.037502,null,0.172928,null,null
-0.0320435,null,null,-0.130139,null
0.00843889,null,null,null,-0.00694165
0.992424,0.0243065,null,null,null
0.0826249,null,0.193883,null,null
-0.0278439,null,null,-0.113052,null
0.000663498,null,null,null,-0.0033816
0.992533,0.0213394,null,null,null
0.0362779,null,0.189761,null,null
-0.0624649,null,null,-0.117437,null
0.0127601,null,null,null,0.00296181
0.992626,0.0214991,null,null,null
0.0302963,null,0.227131,null,null
-0.0123301,null,null,-0.115219,null
0.0102053,null,null,null,-0.0030958
0.992626,0.0214991,null,null,null
0.0302963,null,0.227131,null,null
-0.0123301,null,null,-0.115219,null
0.0102053,null,null,null,-0.0030958
0.99283,0.0207046,null,null,null
0.0276076,null,0.233058,null,null
0.0149779,null,null,-0.181833,null
0.00571579,null,null,null,-0.00159968
0.993023,0.0169485,null,null,null
0.0625207,null,0.16923,null,null
0.0150793,null,null,-0.216431,null
-0.00415192,null,null,null,-0.00384059
0.993023,0.0169485,null,null,null
0.0625207,null,0.16923,null,null
0.0150793,null,null,-0.216431,null
-0.00415192,null,null,null,-0.00384059
0.993023,0.0169485,null,null,null
0.0625207,null,0.16923,null,null
0.0150793,null,null,-0.216431,null
-0.00415192,null,null,null,-0.00384059
0.993023,0.0169485,null,null,null
0.0625207,null,0.16923,null,null
0.0150793,null,null,-0.216431,null
-0.00415192,null,null,null,-0.00384059
0.993023,0.0169485,null,null,null
0.0625207,null,0.16923,null,null
0.0150793,null,null,-0.216431,null
-0.00415192,null,null,null,-0.00384059
0.992829,0.0196929,null,null,null
0.0558512,null,0.178955,null,null
-0.0456671,null,null,-0.145306,null
0.000316484,null,null,null,0.0001049
0.992755,0.0201312,null,null,null
0.127853,null,0.157426,null,null
-0.0356439,null,null,-0.0680785,null
0.00189993,null,null,null,-0.0016089
0.992656,0.0177472,null,null,null
0.0772002,null,0.120694,null,null
-0.028975,null,null,-0.158048,null
0.00633619,null,null,null,-0.00644986
0.992785,0.0127867,null,null,null
0.102651,null,0.100659,null,null
0.0441247,null,null,-0.132422,null
-0.00217146,null,null,null,-0.00322088
0.992777,0.0102367,null,null,null
0.130434,null,0.08516,null,null
0.0484306,null,null,-0.131951,null
0.00122766,null,null,null,0.00681695
0.993003,0.0106205,null,null,null
0.121894,null,0.116247,null,null
-0.0446914,null,null,-0.102861,null
0.00242657,null,null,null,0.00250937
0.993012,0.0155041,null,null,null
0.145564,null,0.102154,null,null
-0.03448,null,null,-0.126686,null
0.000631076,null,null,null,0.00161889
0.993012,0.0155041,null,null,null
0.145564,null,0.102154,null,null
-0.03448,null,null,-0.126686,null
0.000631076,null,null,null,0.00161889
0.99292,0.016441,null,null,null
0.148313,null,0.0808658,null,null
-0.028039,null,null,-0.121652,null
0.00444755,null,null,null,-0.000806518
0.992809,0.0176998,null,null,null
0.13822,null,0.0510557,null,null
0.00187751,null,null,-0.141652,null
0.00174377,null,null,null,-0.00220891
0.992724,0.0251301,null,null,null
0.221078,null,0.0586854,null,null
-0.0416065,null,null,-0.192411,null
0.00652974,null,null,null,0.00267639
0.992677,0.0259886,null,null,null
0.165704,null,0.0882891,null,null
-0.0500727,null,null,-0.178626,null
0.00391809,null,null,null,-0.00123383
0.992475,0.0287751,null,null,null
0.0992806,null,0.0849058,null,null
-0.084181,null,null,-0.190873,null
0.000535787,null,null,null,0.00219394
0.992475,0.0287751,null,null,null
0.0992806,null,0.0849058,null,null
-0.084181,null,null,-0.190873,null
0.000535787,null,null,null,0.00219394
0.992446,0.0314989,null,null,null
0.0713284,null,0.0862292,null,null
-0.0256812,null,null,-0.185859,null
0.00516945,null,null,null,0.0081868
0.992629,0.0293099,null,null,null
0.0636264,null,0.0291127,null,null
-0.0494836,null,null,-0.205724,null
0.00446049,null,null,null,0.00340495
0.992606,0.0272406,null,null,null
0.0667484,null,0.0284045,null,null
-0.0392209,null,null,-0.196584,null
0.00170053,null,null,null,-0.00220788
0.992606,0.0272406,null,null,null
0.0667484,null,0.0284045,null,null
-0.0392209,null,null,-0.196584,null
0.00170053,null,null,null,-0.00220788
0.992495,0.0257469,null,null,null
0.0244935,null,-0.0284187,null,null
-0.00273839,null,null,-0.166065,null
0.00175681,null,null,null,0.00250801
0.992249,0.0279601,null,null,null
0.0188514,null,0.00730485,null,null
-0.0474746,null,null,-0.1538,null
0.00743731,null,null,null,0.00338578
0.992434,0.0288255,null,null,null
-0.0173076,null,-0.000866389,null,null
-0.00842454,null,null,-0.101071,null
-0.000314622,null,null,null,0.000872478
0.992286,0.0305205,null,null,null
-0.0197315,null,0.039834,null,null
-0.0321185,null,null,-0.139795,null
-0.00113955,null,null,null,-0.00197114
0.992598,0.0259525,null,null,null
-0.0578123,null,-0.0470376,null,null
-0.0048425,null,null,-0.0986414,null
-0.00126411,null,null,null,-0.00526717
0.992636,0.0174982,null,null,null
-0.0255151,null,-0.0648591,null,null
-0.00587654,null,null,-0.104907,null
-0.00144563,null,null,null,-0.00561704
0.992636,0.0174982,null,null,null
-0.0255151,null,-0.0648591,null,null
-0.00587654,null,null,-0.104907,null
-0.00144563,null,null,null,-0.00561704
0.992895,0.00838701,null,null,null
-0.0341637,null,-0.0514088,null,null
0.010708,null,null,-0.127301,null
0.0048414,null,null,null,-0.00759249
0.992834,0.00750655,null,null,null
-0.032523,null,-0.035898,null,null
-0.0242445,null,null,-0.140419,null
0.0039087,null,null,null,-0.0026618
0.992866,0.00528491,null,null,null
-0.0762761,null,0.0337005,null,null
-0.00829719,null,null,-0.147269,null
0.00251192,null,null,null,-0.00142985
0.99292,0.00521846,null,null,null
-0.0662085,null,0.027137,null,null
-0.0169081,null,null,-0.180571,null
0.0020862,null,null,null,0.00476526
0.99269,0.00608688,null,null,null
-0.0837135,null,0.00695706,null,null
-0.0601467,null,null,-0.204405,null
0.00142465,null,null,null,-0.000270145
0.99269,0.00608688,null,null,null
-0.0837135,null,0.00695706,null,null
-0.0601467,null,null,-0.204405,null
0.00142465,null,null,null,-0.000270145
0.992846,0.00489369,null,null,null
-0.0623966,null,0.00991943,null,null
-0.0822056,null,null,-0.177427,null
-0.00232259,null,null,null,0.00173736
0.992866,0.00153575,null,null,null
-0.065274,null,-0.00190275,null,null
-0.0586736,null,null,-0.1522,null
0.00143728,null,null,null,-0.0013144
0.992866,0.00153575,null,null,null
-0.065274,null,-0.00190275,null,null
-0.0586736,null,null,-0.1522,null
0.00143728,null,null,null,-0.0013144
0.992984,-0.00108893,null,null,null
-0.079671,null,-0.0201146,null,null
-0.0298835,null,null,-0.17892,null
0.0017649,null,null,null,0.00140836
0.992956,-0.00285401,null,null,null
-0.118164,null,-0.0732903,null,null
-0.0112697,null,null,-0.146008,null
0.000585284,null,null,null,0.00583924
0.993004,-0.00249809,null,null,null
-0.14875,null,-0.0524076,null,null
-0.0345669,null,null,-0.162294,null
0.00439496,null,null,null,0.000947506
0.99313,-0.00328218,null,null,null
-0.0890384,null,0.00784106,null,null
-0.11543,null,null,-0.198349,null
-0.000992543,null,null,null,-0.00161626
0.99287,0.00362197,null,null,null
-0.060152,null,-0.0450255,null,null
-0.00125261,null,null,-0.190057,null
-0.00158631,null,null,null,-0.00934655
0.992836,0.0023264,null,null,null
-0.0357235,null,-0.0359231,null,null
-0.0649224,null,null,-0.281297,null
0.00236524,null,null,null,-0.00629475
0.992856,0.00344255,null,null,null
0.0426851,null,-0.0596674,null,null
-0.020656,null,null,-0.250585,null
-0.00149844,null,null,null,0.00157421
0.992906,0.00218315,null,null,null
0.0492351,null,-0.132876,null,null
-0.0437329,null,null,-0.263056,null
-0.00125845,null,null,null,-0.00209681
0.992906,0.00218315,null,null,null
0.0492351,null,-0.132876,null,null
-0.0437329,null,null,-0.263056,null
-0.00125845,null,null,null,-0.00209681
0.993009,0.00815012,null,null,null
0.0177589,null,-0.0836031,null,null
0.0072486,null,null,-0.283048,null
0.000447995,null,null,null,-0.000909611
0.993009,0.00815012,null,null,null
0.0177589,null,-0.0836031,null,null
0.0072486,null,null,-0.283048,null
0.000447995,null,null,null,-0.000909611
0.993009,0.00815012,null,null,null
0.0177589,null,-0.0836031,null,null
0.0072486,null,null,-0.283048,null
0.000447995,null,null,null,-0.000909611
0.993015,0.00721491,null,null,null
0.0359034,null,-0.0390834,null,null
-0.0422835,null,null,-0.26047,null
0.00105317,null,null,null,0.0013232
0.992979,0.00884025,null,null,null
0.138102,null,0.0491269,null,null
-0.0374781,null,null,-0.288098,null
-0.00305421,null,null,null,-0.00642233
0.993019,0.0111888,null,null,null
0.117643,null,-0.0295195,null,null
0.0297964,null,null,-0.292664,null
-0.00416011,null,null,null,-0.00198746
0.992962,0.0122974,null,null,null
0.143094,null,0.00425491,null,null
-0.0246973,null,null,-0.294407,null
-0.000425963,null,null,null,-0.00546499
0.993196,0.00951791,null,null,null
0.146099,null,0.0318191,null,null
-0.0716154,null,null,-0.325729,null
-0.000979202,null,null,null,-0.00154068
0.993186,0.0126423,null,null,null
0.0680684,null,-0.00107185,null,null
-0.0995455,null,null,-0.245526,null
0.0041602,null,null,null,0.0032393
0.993109,0.00884389,null,null,null
0.0752245,null,-0.0758301,null,null
-0.057365,null,null,-0.237162,null
0.00243651,null,null,null,0.0019816
0.993114,0.00612201,null,null,null
0.0687409,null,-0.0535339,null,null
-0.0747682,null,null,-0.250798,null
0.00867341,null,null,null,0.00590364
0.993006,0.00529775,null,null,null
0.0556651,null,-0.101494,null,null
-0.0815112,null,null,-0.207019,null
0.00156972,null,null,null,-0.00155412
0.993006,0.00529775,null,null,null
0.0556651,null,-0.101494,null,null
-0.0815112,null,null,-0.207019,null
0.00156972,null,null,null,-0.00155412
0.993006,0.00529775,null,null,null
0.0556651,null,-0.101494,null,null
-0.0815112,null,null,-0.207019,null
0.00156972,null,null,null,-0.00155412
0.993093,0.000815914,null,null,null
0.0946401,null,-0.113966,null,null
-0.0180079,null,null,-0.229832,null
8.87791e-05,null,null,null,-0.00149026
0.993175,0.00995291,null,null,null
0.0788986,null,-0.119202,null,null
0.034598,null,null,-0.278516,null
-0.0023879,null,null,null,-0.0015708
0.993134,0.00861927,null,null,null
0.08961,null,-0.0425403,null,null
0.0707455,null,null,-0.239368,null
-0.00243245,null,null,null,0.000906234
0.993105,0.00578185,null,null,null
0.0622755,null,-0.105449,null,null
0.117204,null,null,-0.196839,null
-0.00461923,null,null,null,-0.0029223
0.99308,0.0104724,null,null,null
0.0919008,null,-0.13153,null,null
0.105195,null,null,-0.23659,null
0.000196249,null,null,null,0.000369704
0.993016,0.0140877,null,null,null
0.077307,null,-0.143004,null,null
0.0757276,null,null,-0.22469,null
0.00539029,null,null,null,0.00374996
0.992786,0.0129016,null,null,null
0.0601965,null,-0.171631,null,null
0.0752732,null,null,-0.241704,null
0.00783614,null,null,null,-0.000980542
0.992914,0.00933925,null,null,null
0.143139,null,-0.195514,null,null
0.0429719,null,null,-0.216114,null
0.00205991,null,null,null,-0.00142736
0.992914,0.0122121,null,null,null
0.0751345,null,-0.169362,null,null
0.0116354,null,null,-0.187324,null
0.00173343,null,null,null,-0.00233579
0.992885,0.0151829,null,null,null
0.0227093,null,-0.186205,null,null
0.0417885,null,null,-0.157878,null
0.00203487,null,null,null,0.00804778
0.992885,0.0151829,null,null,null
0.0227093,null,-0.186205,null,null
0.0417885,null,null,-0.157878,null
0.00203487,null,null,null,0.00804778
0.992944,0.0193806,null,null,null
0.0721813,null,-0.193165,null,null
0.0395811,null,null,-0.178644,null
-0.00526639,null,null,null,0.0029123
0.993009,0.016779,null,null,null
0.110954,null,-0.173154,null,null
0.0518115,null,null,-0.174593,null
-0.00479384,null,null,null,-0.00661349
0.993026,0.014943,null,null,null
0.0821863,null,-0.112699,null,null
0.0116259,null,null,-0.212287,null
0.00166751,null,null,null,0.000507376
0.993074,0.00758029,null,null,null
0.0610345,null,-0.173627,null,null
0.0293,null,null,-0.25786,null
0.00305519,null,null,null,-0.00173189
0.992996,0.00129534,null,null,null
0.0228389,null,-0.159491,null,null
0.071104,null,null,-0.270436,null
0.00134789,null,null,null,0.000125885
0.993084,-0.00129099,null,null,null
-0.0240366,null,-0.133675,null,null
0.089732,null,null,-0.293504,null
-5.80122e-05,null,null,null,-0.000359029
0.99318,-0.00307286,null,null,null
-0.0440864,null,-0.205054,null,null
0.0266205,null,null,-0.341491,null
0.000274667,null,null,null,0.0040962
0.993069,-0.000489901,null,null,null
0.00233419,null,-0.170845,null,null
0.0384166,null,null,-0.27842,null
0.00390921,null,null,null,0.00480741
0.993064,-0.00455221,null,null,null
-0.0175115,null,-0.0978269,null,null
0.00603441,null,null,-0.198141,null
0.00208939,null,null,null,0.00594971
0.99298,-0.00304539,null,null,null
-0.000621925,null,-0.0444143,null,null
0.0318089,null,null,-0.206345,null
-0.00100788,null,null,null,-0.000331941
0.99297,-0.00450814,null,null,null
0.00347591,null,0.0212264,null,null
0.0102543,null,null,-0.209676,null
-0.000349856,null,null,null,-0.00240609
0.99297,-0.00450814,null,null,null
0.00347591,null,0.0212264,null,null
0.0102543,null,null,-0.209676,null
-0.000349856,null,null,null,-0.00240609
0.993004,0.00163706,null,null,null
0.0151809,null,0.0385045,null,null
0.0513158,null,null,-0.240641,null
0.00129515,null,null,null,-0.00391474
0.992994,0.00335685,null,null,null
0.00562284,null,-0.00264689,null,null
0.0636395,null,null,-0.26334,null
0.00768365,null,null,null,-0.00282402
0.993069,0.00071613,null,null,null
-0.0179002,null,-0.0388336,null,null
0.0426391,null,null,-0.253345,null
0.00468544,null,null,null,-0.00813646
0.993145,-0.00499437,null,null,null
0.00285127,null,-0.0400443,null,null
0.0182115,null,null,-0.229646,null
0.000238687,null,null,null,0.000396399
0.993085,-0.00818572,null,null,null
0.000907401,null,0.0197029,null,null
0.036191,null,null,-0.19428,null
-0.000661216,null,null,null,0.000897523
0.993167,-0.00832302,null,null,null
-0.0533,null,0.041529,null,null
-0.00178236,null,null,-0.203034,null
-0.000121877,null,null,null,-0.000721224
0.993097,-0.00874374,null,null,null
-0.0461545,null,0.0558755,null,null
0.00271142,null,null,-0.28439,null
0.000737945,null,null,null,-0.0052965
0.993102,-0.0136085,null,null,null
-0.0573535,null,0.0353816,null,null
0.0267769,null,null,-0.250387,null
0.00676075,null,null,null,-0.0045005
0.993104,-0.0149845,null,null,null
-0.0339921,null,0.0639818,null,null
-0.0170527,null,null,-0.224069,null
0.0014359,null,null,null,-0.00729564
0.993065,-0.017371,null,null,null
-0.0386566,null,-0.0189577,null,null
0.00838713,null,null,-0.210465,null
-0.00269673,null,null,null,-0.00157065
0.992646,-0.0236141,null,null,null
-0.00654886,null,0.0171467,null,null
0.0101614,null,null,-0.220069,null
0.00250628,null,null,null,0.00239611
0.992417,-0.0308768,null,null,null
0.0629391,null,-0.0177329,null,null
-0.00865351,null,null,-0.228819,null
0.00186231,null,null,null,0.00118449
0.992417,-0.0308768,null,null,null
0.0629391,null,-0.0177329,null,null
-0.00865351,null,null,-0.228819,null
0.00186231,null,null,null,0.00118449
0.992809,-0.0244925,null,null,null
0.104527,null,0.0681639,null,null
-0.0153048,null,null,-0.218142,null
-0.00573335,null,null,null,0.00493201
0.992912,-0.0205658,null,null,null
-0.0274982,null,0.0188997,null,null
0.0102505,null,null,-0.256906,null
-0.00145006,null,null,null,0.0058479
0.993082,-0.0159408,null,null,null
0.00358844,null,0.0619209,null,null
-0.0186979,null,null,-0.260375,null
-0.00330636,null,null,null,0.00276324
0.993117,-0.0182301,null,null,null
-0.0426194,null,0.0199035,null,null
-0.0594978,null,null,-0.283911,null
0.00162741,null,null,null,0.00234335
0.993005,-0.0175824,null,null,null
-0.0486196,null,0.0632084,null,null
-0.0515689,null,null,-0.302202,null
-0.00166805,null,null,null,-0.000190315
0.992985,-0.013681,null,null,null
-0.0427861,null,0.112215,null,null
0.0216933,null,null,-0.283561,null
-0.00466944,null,null,null,-1.96953e-06
0.993003,-0.0102063,null,null,null
-0.117304,null,0.0304196,null,null
-0.0331128,null,null,-0.266135,null
0.00177698,null,null,null,-0.00218658
0.993012,-0.00715524,null,null,null
-0.0977915,null,0.0364102,null,null
-0.0397289,null,null,-0.217399,null
-0.0102914,null,null,null,-0.000646719
0.993084,-0.00560349,null,null,null
-0.0939626,null,0.00440031,null,null
-0.0254585,null,null,-0.229463,null
-0.00641009,null,null,null,0.00527564
0.993084,-0.00560349,null,null,null
-0.0939626,null,0.00440031,null,null
-0.0254585,null,null,-0.229463,null
-0.00641009,null,null,null,0.00527564
0.993084,-0.00560349,null,null,null
-0.0939626,null,0.00440031,null,null
-0.0254585,null,null,-0.229463,null
-0.00641009,null,null,null,0.00527564
0.993073,-0.00426664,null,null,null
-0.0870105,null,0.094401,null,null
0.0201487,null,null,-0.212541,null
-0.00557459,null,null,null,0.00503344
0.993159,-0.00573175,null,null,null
-0.104149,null,0.116452,null,null
0.0212025,null,null,-0.278463,null
-0.00656219,null,null,null,0.00482965
0.992899,0.00320967,null,null,null
-0.0981896,null,0.0720474,null,null
0.0588354,null,null,-0.205456,null
0.000898096,null,null,null,0.00216112
0.993084,0.00534375,null,null,null
-0.0319152,null,0.00540905,null,null
0.0538611,null,null,-0.231069,null
-0.00215819,null,null,null,0.00013462
0.992995,0.00787981,null,null,null
-0.0160283,null,0.0262914,null,null
0.0753568,null,null,-0.231726,null
0.000865165,null,null,null,0.00134681
0.992995,0.00787981,null,null,null
-0.0160283,null,0.0262914,null,null
0.0753568,null,null,-0.231726,null
0.000865165,null,null,null,0.00134681
0.992833,0.00779583,null,null,null
-0.0578038,null,0.0627314,null,null
0.0574836,null,null,-0.221186,null
0.0051039,null,null,null,0.000757104
0.99301,0.00737805,null,null,null
0.0186644,null,0.0421371,null,null
0.0524596,null,null,-0.201965,null
-0.00254076,null,null,null,0.0013693
0.992815,0.0100391,null,null,null
0.00422261,null,0.0590668,null,null
0.0382256,null,null,-0.210605,null
0.00859369,null,null,null,-0.00356881
0.992819,0.0059643,null,null,null
-0.0211881,null,0.0415224,null,null
0.0414569,null,null,-0.223603,null
0.000354622,null,null,null,-0.00069171
0.9929,0.00852849,null,null,null
-0.00289524,null,0.0072245,null,null
0.123161,null,null,-0.218146,null
0.0030608,null,null,null,-0.00310804
0.9929,0.00852849,null,null,null
-0.00289524,null,0.0072245,null,null
0.123161,null,null,-0.218146,null
0.0030608,null,null,null,-0.00310804
0.99291,0.00538061,null,null,null
-0.0191059,null,0.0266964,null,null
0.143059,null,null,-0.211655,null
-0.00144652,null,null,null,-0.00312764
0.993004,0.00817115,null,null,null
0.0542497,null,0.0589714,null,null
0.155354,null,null,-0.19268,null
-0.000187626,null,null,null,0.00443967
0.993004,0.00817115,null,null,null
0.0542497,null,0.0589714,null,null
0.155354,null,null,-0.19268,null
-0.000187626,null,null,null,0.00443967
0.993004,0.00817115,null,null,null
0.0542497,null,0.0589714,null,null
0.155354,null,null,-0.19268,null
-0.000187626,null,null,null,0.00443967
0.992962,0.00741028,null,null,null
0.00691074,null,0.0494034,null,null
0.181655,null,null,-0.229628,null
-0.00663045,null,null,null,-0.00378129
0.992962,0.00741028,null,null,null
0.00691074,null,0.0494034,null,null
0.181655,null,null,-0.229628,null
-0.00663045,null,null,null,-0.00378129
0.992962,0.00741028,null,null,null
0.00691074,null,0.0494034,null,null
0.181655,null,null,-0.229628,null
-0.00663045,null,null,null,-0.00378129
0.993109,0.00408919,null,null,null
0.0367285,null,0.085738,null,null
0.292234,null,null,-0.192332,null
-0.00201213,null,null,null,0.00436182
0.992875,0.00741232,null,null,null
0.0633129,null,0.0717254,null,null
0.29702,null,null,-0.16809,null
-0.00210166,null,null,null,0.00835414
0.992875,0.00741232,null,null,null
0.0633129,null,0.0717254,null,null
0.29702,null,null,-0.16809,null
-0.00210166,null,null,null,0.00835414
0.992905,0.005743,null,null,null
0.0945359,null,0.106746,null,null
0.301631,null,null,-0.172761,null
-0.00203168,null,null,null,0.00709425
0.992942,-0.006933,null,null,null
0.117963,null,0.0461101,null,null
0.353119,null,null,-0.182894,null
0.00117304,null,null,null,-0.00310751
0.992965,-0.0030721,null,null,null
0.131646,null,0.12962,null,null
0.306901,null,null,-0.218605,null
0.00216264,null,null,null,-0.00644226
0.9931,-0.00548104,null,null,null
0.116164,null,0.08374,null,null
0.326709,null,null,-0.273215,null
0.00269062,null,null,null,-0.00731889
0.9931,-0.00548104,null,null,null
0.116164,null,0.08374,null,null
0.326709,null,null,-0.273215,null
0.00269062,null,null,null,-0.00731889
0.992966,-0.00226979,null,null,null
0.158894,null,0.060563,null,null
0.296371,null,null,-0.206983,null
0.00255425,null,null,null,4.32299e-05
0.993047,0.000283371,null,null,null
0.161575,null,0.100101,null,null
0.267204,null,null,-0.206161,null
0.00279909,null,null,null,-0.000151041
0.992986,0.00855776,null,null,null
0.132988,null,0.111632,null,null
0.27355,null,null,-0.195903,null
0.00481798,null,null,null,0.00618301
0.992986,0.00855776,null,null,null
0.132988,null,0.111632,null,null
0.27355,null,null,-0.195903,null
0.00481798,null,null,null,0.00618301
0.992981,0.00682646,null,null,null
0.138539,null,0.13742,null,null
0.232509,null,null,-0.313217,null
0.00389318,null,null,null,0.00394389
0.993134,0.00393541,null,null,null
0.113196,null,0.142013,null,null
0.227365,null,null,-0.310702,null
-0.00099381,null,null,null,0.00334945
0.993182,0.00525375,null,null,null
0.0561803,null,0.0942696,null,null
0.167923,null,null,-0.344775,null
-0.00197351,null,null,null,-0.000301887
0.993156,0.0058417,null,null,null
0.0714152,null,0.0778735,null,null
0.12062,null,null,-0.353835,null
-0.00409836,null,null,null,0.00144096
0.992881,0.00276304,null,null,null
0.0601845,null,0.0747486,null,null
0.104934,null,null,-0.389886,null
-0.00262985,null,null,null,0.00457664
0.992973,0.00873385,null,null,null
0.0616466,null,0.0189426,null,null
0.0747363,null,null,-0.374779,null
-0.00289543,null,null,null,0.000256216
0.992985,0.0044016,null,null,null
0.123076,null,0.0193009,null,null
0.0953701,null,null,-0.346535,null
0.00538004,null,null,null,0.00475851
0.99281,0.00429742,null,null,null
0.137538,null,-0.0134387,null,null
0.138747,null,null,-0.276323,null
0.00589871,null,null,null,0.00239947
0.99313,-0.00220803,null,null,null
0.155981,null,-0.0350626,null,null
0.100307,null,null,-0.332271,null
0.00189469,null,null,null,-0.00496575
0.99313,-0.00220803,null,null,null
0.155981,null,-0.0350626,null,null
0.100307,null,null,-0.332271,null
0.00189469,null,null,null,-0.00496575
0.992994,-0.00010821,null,null,null
0.155995,null,-0.0417811,null,null
0.132021,null,null,-0.335533,null
-0.00353871,null,null,null,0.00144215
0.992991,-0.0041766,null,null,null
0.134947,null,-0.00395075,null,null
0.1275,null,null,-0.337037,null
0.000989752,null,null,null,-0.000595336
0.992911,-0.00791884,null,null,null
0.184007,null,-0.0279295,null,null
0.104456,null,null,-0.362886,null
-0.00101273,null,null,null,-0.000788507
0.992864,-0.00140706,null,null,null
0.15862,null,-0.0412406,null,null
0.0476829,null,null,-0.362158,null
-0.00325647,null,null,null,-0.00344084
0.99294,-0.00313451,null,null,null
0.156899,null,-0.060815,null,null
0.105255,null,null,-0.37048,null
-0.00269291,null,null,null,-5.74034e-05
0.992927,0.000625276,null,null,null
0.269526,null,-0.069062,null,null
0.125884,null,null,-0.419676,null
-0.00833456,null,null,null,-0.00187455
0.992927,0.000625276,null,null,null
0.269526,null,-0.069062,null,null
0.125884,null,null,-0.419676,null
-0.00833456,null,null,null,-0.00187455
0.99305,0.000582487,null,null,null
0.247254,null,-0.114381,null,null
0.0749018,null,null,-0.436163,null
-0.00247506,null,null,null,-0.00337804
0.99305,0.000582487,null,null,null
0.247254,null,-0.114381,null,null
0.0749018,null,null,-0.436163,null
-0.00247506,null,null,null,-0.00337804
0.993015,0.0051682,null,null,null
0.260084,null,-0.109639,null,null
0.095671,null,null,-0.463826,null
-0.00376455,null,null,null,-0.00615098
0.993143,0.00564605,null,null,null
0.252273,null,-0.0790241,null,null
0.107968,null,null,-0.452226,null
-0.00200572,null,null,null,-0.00237519
0.993121,0.0055147,null,null,null
0.188606,null,-0.085819,null,null
0.0722773,null,null,-0.39274,null
-0.00161911,null,null,null,0.00195992
0.992992,0.00668344,null,null,null
0.13935,null,-0.0881597,null,null
0.16708,null,null,-0.367695,null
-0.00350955,null,null,null,0.00939726
0.992964,0.00176858,null,null,null
0.254275,null,-0.0455925,null,null
0.169465,null,null,-0.373865,null
-0.00640589,null,null,null,0.00224671
0.992996,-4.99974e-05,null,null,null
0.173618,null,-0.0672359,null,null
0.131441,null,null,-0.39409,null
-0.00202978,null,null,null,0.000656851
0.993005,0.00668929,null,null,null
0.169305,null,-0.056283,null,null
0.110329,null,null,-0.373628,null
-0.00815109,null,null,null,-0.00162765
0.993046,0.00603264,null,null,null
0.105295,null,-0.0186077,null,null
0.0801356,null,null,-0.369245,null
0.000467205,null,null,null,-0.00219768
0.992968,0.00267159,null,null,null
0.107957,null,-0.000250459,null,null
0.0343611,null,null,-0.35517,null
-0.00450733,null,null,null,-0.0025555
0.992968,0.00267159,null,null,null
0.107957,null,-0.000250459,null,null
0.0343611,null,null,-0.35517,null
-0.00450733,null,null,null,-0.0025555
0.992945,0.00129353,null,null,null
0.0908343,null,-0.070425,null,null
0.0434446,null,null,-0.373475,null
0.00123857,null,null,null,-0.0034297
0.992945,0.00129353,null,null,null
0.0908343,null,-0.070425,null,null
0.0434446,null,null,-0.373475,null
0.00123857,null,null,null,-0.0034297
0.99291,-0.00357372,null,null,null
0.0544945,null,-0.098097,null,null
0.0580963,null,null,-0.427026,null
-0.00543695,null,null,null,0.00272125
0.992909,0.000341642,null,null,null
0.0114862,null,-0.069974,null,null
0.0909459,null,null,-0.366324,null
-0.000679734,null,null,null,-0.00162025
0.992909,0.000341642,null,null,null
0.0114862,null,-0.069974,null,null
0.0909459,null,null,-0.366324,null
-0.000679734,null,null,null,-0.00162025
0.992698,6.24554e-06,null,null,null
0.0735247,null,-0.0885683,null,null
0.035044,null,null,-0.34717,null
0.00270441,null,null,null,0.000509019
0.992698,6.24554e-06,null,null,null
0.0735247,null,-0.0885683,null,null
0.035044,null,null,-0.34717,null
0.00270441,null,null,null,0.000509019
0.993126,0.00290917,null,null,null
0.061228,null,-0.107872,null,null
0.0813456,null,null,-0.335055,null
-0.00343744,null,null,null,-0.00206491
0.992916,-0.000296915,null,null,null
0.015699,null,-0.0871906,null,null
0.102119,null,null,-0.302727,null
-0.00138951,null,null,null,0.0029521
0.992916,-0.000296915,null,null,null
0.015699,null,-0.0871906,null,null
0.102119,null,null,-0.302727,null
-0.00138951,null,null,null,0.0029521
0.992916,-0.000296915,null,null,null
0.015699,null,-0.0871906,null,null
0.102119,null,null,-0.302727,null
-0.00138951,null,null,null,0.0029521
0.992916,-0.000296915,null,null,null
0.015699,null,-0.0871906,null,null
0.102119,null,null,-0.302727,null
-0.00138951,null,null,null,0.0029521
0.993049,0.00151677,null,null,null
0.00144189,null,-0.118559,null,null
0.0901605,null,null,-0.322631,null
0.00394371,null,null,null,0.00013773
0.99282,0.0012213,null,null,null
0.0249054,null,-0.0531862,null,null
0.102193,null,null,-0.336489,null
0.000603752,null,null,null,6.83666e-05
0.992859,-0.00158475,null,null,null
0.0322378,null,-0.0666486,null,null
0.0987133,null,null,-0.30489,null
0.00536967,null,null,null,0.00817699
0.992759,-0.00557059,null,null,null
0.03103,null,-0.0463024,null,null
0.136136,null,null,-0.335574,null
0.00266447,null,null,null,0.00361919
0.992759,-0.00557059,null,null,null
0.03103,null,-0.0463024,null,null
0.136136,null,null,-0.335574,null
0.00266447,null,null,null,0.00361919
0.992785,-0.00464569,null,null,null
0.007895,null,-0.0741574,null,null
0.186274,null,null,-0.279604,null
0.000566426,null,null,null,0.00415479
0.992742,-0.00282521,null,null,null
0.0287412,null,-0.0698441,null,null
0.236659,null,null,-0.298261,null
-0.00011413,null,null,null,-0.000767574
0.992881,-0.00649577,null,null,null
-0.00664185,null,-0.0679948,null,null
0.129389,null,null,-0.29379,null
-0.0052302,null,null,null,-0.00135666
0.992644,-0.00417954,null,null,null
-0.0746659,null,-0.0449481,null,null
0.183794,null,null,-0.255497,null
0.00257345,null,null,null,-0.00420808
0.992644,-0.00417954,null,null,null
-0.0746659,null,-0.0449481,null,null
0.183794,null,null,-0.255497,null
0.00257345,null,null,null,-0.00420808
0.992771,-0.00366807,null,null,null
-0.0748375,null,-0.0782805,null,null
0.166374,null,null,-0.264359,null
-0.000809204,null,null,null,-0.00629165
0.992804,-0.000743872,null,null,null
-0.089568,null,-0.135577,null,null
0.184086,null,null,-0.27852,null
0.000101121,null,null,null,-0.00579647
0.992804,-0.000743872,null,null,null
-0.089568,null,-0.135577,null,null
0.184086,null,null,-0.27852,null
0.000101121,null,null,null,-0.00579647
0.992804,-0.000743872,null,null,null
-0.089568,null,-0.135577,null,null
0.184086,null,null,-0.27852,null
0.000101121,null,null,null,-0.00579647
0.99278,0.00154469,null,null,null
-0.0416064,null,-0.124602,null,null
0.182344,null,null,-0.227843,null
0.00522124,null,null,null,-0.00920026
0.992859,0.00314055,null,null,null
0.00249963,null,-0.038248,null,null
0.170059,null,null,-0.237754,null
-0.00151,null,null,null,-0.00580108
0.992859,0.00314055,null,null,null
0.00249963,null,-0.038248,null,null
0.170059,null,null,-0.237754,null
-0.00151,null,null,null,-0.00580108
0.992944,0.00605113,null,null,null
0.0909323,null,-0.00760455,null,null
0.147546,null,null,-0.278039,null
0.00186439,null,null,null,-0.0067852
0.992949,0.00954701,null,null,null
0.17052,null,-0.0498066,null,null
0.139742,null,null,-0.250585,null
0.00199756,null,null,null,-0.0103744
0.993082,0.0106149,null,null,null
0.109148,null,-0.0626496,null,null
0.163945,null,null,-0.230685,null
0.00222351,null,null,null,-0.00438599
0.992869,0.0155593,null,null,null
0.125019,null,-0.0234326,null,null
0.18978,null,null,-0.206624,null
-0.000145545,null,null,null,-0.00588096
0.992869,0.0155593,null,null,null
0.125019,null,-0.0234326,null,null
0.18978,null,null,-0.206624,null
-0.000145545,null,null,null,-0.00588096
0.992869,0.0155593,null,null,null
0.125019,null,-0.0234326,null,null
0.18978,null,null,-0.206624,null
-0.000145545,null,null,null,-0.00588096
0.992869,0.0155593,null,null,null
0.125019,null,-0.0234326,null,null
0.18978,null,null,-0.206624,null
-0.000145545,null,null,null,-0.00588096
0.99285,0.0182187,null,null,null
0.107814,null,0.00145094,null,null
0.145948,null,null,-0.185392,null
-0.0082777,null,null,null,-0.00490348
0.992714,0.023119,null,null,null
0.133406,null,-0.0519974,null,null
0.216532,null,null,-0.178679,null
-0.00439686,null,null,null,-0.00426991
0.992571,0.0269049,null,null,null
0.0655221,null,0.075472,null,null
0.210778,null,null,-0.241931,null
0.000952603,null,null,null,-0.00197838
0.992642,0.0279823,null,null,null
0.178023,null,0.00488429,null,null
0.315825,null,null,-0.236045,null
0.00237741,null,null,null,-0.00122044
0.992566,0.0260942,null,null,null
0.166247,null,0.0294069,null,null
0.224936,null,null,-0.273974,null
0.00208897,null,null,null,-0.00229966
0.99245,0.0265386,null,null,null
0.138594,null,0.0145053,null,null
0.265082,null,null,-0.255078,null
0.00209551,null,null,null,-0.00704705
0.992669,0.0208421,null,null,null
0.213723,null,-0.0668357,null,null
0.265465,null,null,-0.205405,null
0.000355787,null,null,null,-0.00975361
0.992905,0.0101998,null,null,null
0.18593,null,-0.0822894,null,null
0.24155,null,null,-0.265984,null
0.000825961,null,null,null,-0.0102505
0.992735,0.0144185,null,null,null
0.185284,null,-0.0908618,null,null
0.224971,null,null,-0.270178,null
0.00354599,null,null,null,-0.0111937
0.992885,0.0148107,null,null,null
0.253748,null,-0.109582,null,null
0.242645,null,null,-0.246768,null
0.00511132,null,null,null,-0.011445
0.992984,0.0094665,null,null,null
0.177884,null,-0.0794077,null,null
0.241923,null,null,-0.346492,null
0.00474526,null,null,null,-0.00400692
0.992984,0.0094665,null,null,null
0.177884,null,-0.0794077,null,null
0.241923,null,null,-0.346492,null
0.00474526,null,null,null,-0.00400692
0.992989,0.0097307,null,null,null
0.159482,null,-0.0975005,null,null
0.217126,null,null,-0.322172,null
-0.00299696,null,null,null,-0.00280821
0.993125,0.0040268,null,null,null
0.0863004,null,-0.096578,null,null
0.170905,null,null,-0.341084,null
0.000868003,null,null,null,0.000333579
0.99284,0.0109334,null,null,null
0.106696,null,-0.0560401,null,null
0.193224,null,null,-0.250401,null
0.00143996,null,null,null,0.00114557
0.99285,0.0108831,null,null,null
0.125913,null,-0.0341979,null,null
0.156248,null,null,-0.206029,null
0.00130279,null,null,null,0.00412991
0.992949,0.00711335,null,null,null
0.139654,null,-0.0644894,null,null
0.229586,null,null,-0.198816,null
-0.00105001,null,null,null,0.00305764
0.992914,0.00835911,null,null,null
0.17617,null,-0.0160572,null,null
0.175368,null,null,-0.260037,null
0.00119171,null,null,null,0.000611501
0.992896,0.011034,null,null,null
0.154634,null,-0.0438349,null,null
0.135376,null,null,-0.192209,null
-0.00173545,null,null,null,0.000386955
0.992958,0.0105002,null,null,null
0.146563,null,-0.0710301,null,null
0.150466,null,null,-0.196049,null
0.000323819,null,null,null,-0.00429343
0.992847,0.0112181,null,null,null
0.122759,null,-0.0988506,null,null
0.174748,null,null,-0.214576,null
-4.3371e-05,null,null,null,0.00137431
0.992847,0.0112181,null,null,null
0.122759,null,-0.0988506,null,null
0.174748,null,null,-0.214576,null
-4.3371e-05,null,null,null,0.00137431
0.992847,0.0112181,null,null,null
0.122759,null,-0.0988506,null,null
0.174748,null,null,-0.214576,null
-4.3371e-05,null,null,null,0.00137431
0.993001,0.007861,null,null,null
0.0519725,null,-0.0420589,null,null
0.132708,null,null,-0.165827,null
-0.00277067,null,null,null,0.000141472
0.992934,0.00937329,null,null,null
0.0700834,null,-0.0368272,null,null
0.132197,null,null,-0.128234,null
-0.00117908,null,null,null,0.000536795
0.992905,0.0107882,null,null,null
0.0184175,null,-0.0127284,null,null
0.156337,null,null,-0.124631,null
-0.00530396,null,null,null,-0.00203963
0.99294,0.00668777,null,null,null
-0.0386138,null,-0.0354402,null,null
0.119551,null,null,-0.0125919,null
-0.00474319,null,null,null,0.00127015
0.99294,0.00668777,null,null,null
-0.0386138,null,-0.0354402,null,null
0.119551,null,null,-0.0125919,null
-0.00474319,null,null,null,0.00127015
0.992946,0.00682321,null,null,null
-0.0182984,null,-0.0801159,null,null
0.137821,null,null,0.0281594,null
0.00220157,null,null,null,-0.00335749
0.992946,0.00682321,null,null,null
-0.0182984,null,-0.0801159,null,null
0.137821,null,null,0.0281594,null
0.00220157,null,null,null,-0.00335749
0.992946,0.00682321,null,null,null
-0.0182984,null,-0.0801159,null,null
0.137821,null,null,0.0281594,null
0.00220157,null,null,null,-0.00335749
0.992991,0.0102803,null,null,null
-0.0642044,null,-0.0974849,null,null
0.0992091,null,null,0.0354116,null
0.00291973,null,null,null,-0.00245189
0.992857,0.0116611,null,null,null
-0.0145597,null,-0.0721094,null,null
0.150179,null,null,0.041363,null
0.000804036,null,null,null,-0.00300739
0.992955,0.00818208,null,null,null
-0.055981,null,-0.0918568,null,null
0.131035,null,null,0.0217534,null
-0.000356557,null,null,null,-0.000892341
0.992955,0.00818208,null,null,null
-0.055981,null,-0.0918568,null,null
0.131035,null,null,0.0217534,null
-0.000356557,null,null,null,-0.000892341
0.992892,0.00625302,null,null,null
0.0049522,null,-0.159354,null,null
0.146699,null,null,0.0250299,null
0.00508849,null,null,null,-0.00739685
0.99299,0.00438186,null,null,null
0.0700334,null,-0.163054,null,null
0.130538,null,null,-0.0496824,null
-0.00485725,null,null,null,-0.00871905
0.993024,0.00893235,null,null,null
0.133508,null,-0.14378,null,null
0.100473,null,null,-0.023917,null
0.000937343,null,null,null,-0.006148
0.992908,0.00781103,null,null,null
0.122918,null,-0.147274,null,null
0.143717,null,null,0.00291389,null
-0.00586891,null,null,null,-0.00996371
0.993134,0.00489665,null,null,null
0.176138,null,-0.192747,null,null
0.136214,null,null,0.085694,null
-0.00500541,null,null,null,-0.00379173
0.992894,0.00528034,null,null,null
0.147165,null,-0.226409,null,null
0.137095,null,null,0.0753725,null
-0.000502359,null,null,null,-0.00407219
0.992894,0.00528034,null,null,null
0.147165,null,-0.226409,null,null
0.137095,null,null,0.0753725,null
-0.000502359,null,null,null,-0.00407219
0.992906,-0.000609931,null,null,null
0.186358,null,-0.192749,null,null
0.0601486,null,null,0.117331,null
0.000205139,null,null,null,-0.000564918
0.99293,-0.000125743,null,null,null
0.246111,null,-0.115577,null,null
0.102389,null,null,0.0256519,null
-0.00264796,null,null,null,0.00032638
0.99293,-0.000125743,null,null,null
0.246111,null,-0.115577,null,null
0.102389,null,null,0.0256519,null
-0.00264796,null,null,null,0.00032638
0.993062,-0.00200445,null,null,null
0.231173,null,-0.15413,null,null
0.124698,null,null,0.0849691,null
0.00148528,null,null,null,-0.00544353
0.992947,-0.00593648,null,null,null
0.232694,null,-0.16187,null,null
0.0917894,null,null,-0.0177514,null
0.00160367,null,null,null,-0.006819
0.992991,-0.00372019,null,null,null
0.232035,null,-0.066637,null,null
0.150165,null,null,0.0424374,null
-0.000426631,null,null,null,-0.00518461
0.992991,-0.00372019,null,null,null
0.232035,null,-0.066637,null,null
0.150165,null,null,0.0424374,null
-0.000426631,null,null,null,-0.00518461
0.993176,-0.00281231,null,null,null
0.211804,null,-0.0816911,null,null
0.0838147,null,null,0.0166879,null
-0.00434984,null,null,null,4.65849e-05
0.99311,0.00401011,null,null,null
0.227771,null,-0.0855417,null,null
0.0739465,null,null,0.00121559,null
-0.00328161,null,null,null,0.00158046
0.993115,0.00145509,null,null,null
0.274415,null,-0.0270784,null,null
0.0977379,null,null,0.029425,null
-0.00348351,null,null,null,-0.00522229
0.993115,0.00145509,null,null,null
0.274415,null,-0.0270784,null,null
0.0977379,null,null,0.029425,null
-0.00348351,null,null,null,-0.00522229
0.9931,-0.00241288,null,null,null
0.209589,null,-0.0833755,null,null
0.120052,null,null,0.039418,null
-0.00298721,null,null,null,-0.00820412
0.993065,0.00134097,null,null,null
0.21545,null,-0.065567,null,null
0.0850499,null,null,0.0135591,null
-0.00196499,null,null,null,-0.00441284
0.993149,0.00476259,null,null,null
0.189701,null,-0.0441068,null,null
0.100174,null,null,0.020616,null
-0.00573001,null,null,null,-0.00762213
0.993067,0.00890241,null,null,null
0.280821,null,-0.0487723,null,null
0.159231,null,null,0.0403154,null
-0.00273291,null,null,null,-5.55344e-05
0.993097,0.00714977,null,null,null
0.276844,null,-0.0124115,null,null
0.16747,null,null,-0.0247945,null
1.91536e-05,null,null,null,-0.00315747
0.992825,0.00780164,null,null,null
0.3422,null,-0.0193648,null,null
0.208324,null,null,-0.0704281,null
0.00284853,null,null,null,0.000477728
0.992807,0.00513965,null,null,null
0.261835,null,0.0867783,null,null
0.24836,null,null,-0.0794209,null
-0.0038726,null,null,null,-0.00207555
0.992921,0.00568554,null,null,null
0.244816,null,-0.000703678,null,null
0.287044,null,null,-0.0266445,null
0.00160717,null,null,null,-0.00219148
0.992921,0.00568554,null,null,null
0.244816,null,-0.000703678,null,null
0.287044,null,null,-0.0266445,null
0.00160717,null,null,null,-0.00219148
0.992871,0.00750672,null,null,null
0.250503,null,-0.0207039,null,null
0.227645,null,null,-0.0653589,null
-0.00145127,null,null,null,0.000899099
0.992812,0.00196817,null,null,null
0.302136,null,0.00759479,null,null
0.197701,null,null,-0.0334083,null
-0.00289484,null,null,null,0.0033539
0.992744,0.00703925,null,null,null
0.297801,null,0.11252,null,null
0.20217,null,null,-0.0741819,null
-0.00252233,null,null,null,0.0078701
0.992886,0.00442859,null,null,null
0.391437,null,0.0983991,null,null
0.212506,null,null,-0.0308176,null
0.00144904,null,null,null,0.00255681
0.992854,0.00712262,null,null,null
0.317394,null,0.118558,null,null
0.289691,null,null,0.0136837,null
0.00223254,null,null,null,-0.00291094
0.992873,0.00769799,null,null,null
0.299472,null,0.19349,null,null
0.211351,null,null,-0.0121658,null
0.00163189,null,null,null,0.00110708
0.992873,0.00769799,null,null,null
0.299472,null,0.19349,null,null
0.211351,null,null,-0.0121658,null
0.00163189,null,null,null,0.00110708
0.992873,0.00769799,null,null,null
0.299472,null,0.19349,null,null
0.211351,null,null,-0.0121658,null
0.00163189,null,null,null,0.00110708
0.992934,0.00819191,null,null,null
0.311839,null,0.200641,null,null
0.2081,null,null,-0.00257345,null
-0.00572097,null,null,null,-0.00287614
0.992821,0.00703742,null,null,null
0.289626,null,0.219351,null,null
0.190795,null,null,-0.043434,null
-0.00127201,null,null,null,0.000980751
0.992869,0.00107408,null,null,null
0.289423,null,0.211071,null,null
0.153116,null,null,-0.0101296,null
-0.00276216,null,null,null,0.000272991
0.99307,-0.000253529,null,null,null
0.277586,null,0.19084,null,null
0.217966,null,null,-0.0586101,null
0.00317819,null,null,null,0.000379092
0.99307,-0.000253529,null,null,null
0.277586,null,0.19084,null,null
0.217966,null,null,-0.0586101,null
0.00317819,null,null,null,0.000379092
0.993035,-0.000421246,null,null,null
0.298786,null,0.224192,null,null
0.169331,null,null,0.00799094,null
0.00319299,null,null,null,-0.00266481
0.992954,-0.00373976,null,null,null
0.417495,null,0.18835,null,null
0.210931,null,null,0.00070578,null
0.00256714,null,null,null,-0.00108755
0.993034,-0.00514354,null,null,null
0.389317,null,0.224455,null,null
0.11068,null,null,0.0481917,null
-0.00255241,null,null,null,0.0060509
0.993034,-0.00514354,null,null,null
0.389317,null,0.224455,null,null
0.11068,null,null,0.0481917,null
-0.00255241,null,null,null,0.0060509
0.99294,-0.00071014,null,null,null
0.342382,null,0.252266,null,null
0.183143,null,null,0.00867918,null
0.00152669,null,null,null,0.00399893
0.99294,-0.00071014,null,null,null
0.342382,null,0.252266,null,null
0.183143,null,null,0.00867918,null
0.00152669,null,null,null,0.00399893
0.99294,-0.00071014,null,null,null
0.342382,null,0.252266,null,null
0.183143,null,null,0.00867918,null
0.00152669,null,null,null,0.00399893
0.99294,-0.00071014,null,null,null
0.342382,null,0.252266,null,null
0.183143,null,null,0.00867918,null
0.00152669,null,null,null,0.00399893
0.993109,0.002262,null,null,null
0.299751,null,0.272166,null,null
0.217035,null,null,0.0234432,null
-0.000245406,null,null,null,0.00727306
0.992984,0.00487967,null,null,null
0.29359,null,0.173292,null,null
0.127099,null,null,0.021142,null
-0.000383102,null,null,null,-0.000165589
0.993074,0.00589435,null,null,null
0.292516,null,0.212939,null,null
0.0682186,null,null,0.00699565,null
0.00188452,null,null,null,0.00192523
0.993074,0.00589435,null,null,null
0.292516,null,0.212939,null,null
0.0682186,null,null,0.00699565,null
0.00188452,null,null,null,0.00192523
0.993074,0.00589435,null,null,null
0.292516,null,0.212939,null,null
0.0682186,null,null,0.00699565,null
0.00188452,null,null,null,0.00192523
0.993016,0.0079417,null,null,null
0.278984,null,0.269383,null,null
0.142096,null,null,0.0306955,null
0.00461451,null,null,null,-0.00187734
0.992982,0.00910141,null,null,null
0.239701,null,0.253269,null,null
0.168554,null,null,0.0181485,null
-0.000414201,null,null,null,0.00245274
0.993004,0.00940466,null,null,null
0.27545,null,0.186367,null,null
0.187805,null,null,0.0397023,null
0.00837149,null,null,null,0.00179369
0.992876,0.0151586,null,null,null
0.257906,null,0.16007,null,null
0.212809,null,null,0.0340726,null
0.00991847,null,null,null,0.0037412
0.992891,0.0190961,null,null,null
0.248906,null,0.147675,null,null
0.19972,null,null,0.00902785,null
0.00567008,null,null,null,0.00549265
0.992718,0.0234804,null,null,null
0.230349,null,0.20984,null,null
0.141655,null,null,0.0648906,null
0.00274801,null,null,null,0.00281155
0.992921,0.0192865,null,null,null
0.253918,null,0.22458,null,null
0.178767,null,null,0.0314938,null
0.00319533,null,null,null,0.00635601
0.992921,0.0192865,null,null,null
0.253918,null,0.22458,null,null
0.178767,null,null,0.0314938,null
0.00319533,null,null,null,0.00635601
0.992762,0.0186484,null,null,null
0.233542,null,0.238864,null,null
0.180809,null,null,0.0671376,null
0.00698915,null,null,null,0.00262698
0.992833,0.0150824,null,null,null
0.259929,null,0.213432,null,null
0.155286,null,null,0.076143,null
0.00265687,null,null,null,-0.00238051
0.99279,0.0186292,null,null,null
0.210644,null,0.174244,null,null
0.163176,null,null,-0.0280521,null
-0.000347443,null,null,null,-0.00366444
0.992801,0.0181719,null,null,null
0.216863,null,0.222306,null,null
0.23261,null,null,-0.0284945,null
-0.000808592,null,null,null,0.000950696
0.992779,0.0224941,null,null,null
0.229065,null,0.212641,null,null
0.231761,null,null,-0.0114465,null
0.000751216,null,null,null,0.0042512
0.992642,0.0273658,null,null,null
0.17219,null,0.243883,null,null
0.241544,null,null,-0.0334267,null
-0.00109672,null,null,null,0.00839996
0.992511,0.0295382,null,null,null
0.20769,null,0.213011,null,null
0.200759,null,null,-0.0374935,null
-0.00239016,null,null,null,0.000280394
0.992714,0.0285864,null,null,null
0.203326,null,0.220924,null,null
0.20943,null,null,-0.000329337,null
0.00569315,null,null,null,0.00139909
0.992685,0.0263085,null,null,null
0.202036,null,0.193147,null,null
0.193119,null,null,-0.0174328,null
0.00215251,null,null,null,-0.00367248
0.992685,0.0263085,null,null,null
0.202036,null,0.193147,null,null
0.193119,null,null,-0.0174328,null
0.00215251,null,null,null,-0.00367248
0.99256,0.0297455,null,null,null
0.136575,null,0.180666,null,null
0.104614,null,null,-0.0330045,null
-0.000122656,null,null,null,-0.0013685
0.99256,0.0297455,null,null,null
0.136575,null,0.180666,null,null
0.104614,null,null,-0.0330045,null
-0.000122656,null,null,null,-0.0013685
0.992864,0.0185757,null,null,null
0.126624,null,0.207394,null,null
0.172726,null,null,-0.0553636,null
-0.000384434,null,null,null,-0.00138349
0.992815,0.0164421,null,null,null
0.105421,null,0.142155,null,null
0.205747,null,null,-0.0392654,null
0.00341089,null,null,null,-0.00145998
0.992951,0.0177348,null,null,null
0.0943961,null,0.168514,null,null
0.237419,null,null,-0.015685,null
-0.0018106,null,null,null,-0.00530604
0.992873,0.015503,null,null,null
0.061643,null,0.195334,null,null
0.216502,null,null,-0.031662,null
5.10518e-05,null,null,null,-9.44066e-06
0.992873,0.015503,null,null,null
0.061643,null,0.195334,null,null
0.216502,null,null,-0.031662,null
5.10518e-05,null,null,null,-9.44066e-06
0.993023,0.0189491,null,null,null
0.0555314,null,0.129735,null,null
0.261802,null,null,-0.013211,null
0.0051012,null,null,null,-0.00498438
0.992951,0.0209494,null,null,null
0.0349064,null,0.164546,null,null
0.240381,null,null,0.0067352,null
0.00371864,null,null,null,-0.00432205
0.992995,0.0167901,null,null,null
0.0734489,null,0.15282,null,null
0.307381,null,null,-0.0543041,null
6.65881e-05,null,null,null,-0.00118058
0.992995,0.0167901,null,null,null
0.0734489,null,0.15282,null,null
0.307381,null,null,-0.0543041,null
6.65882e-05,null,null,null,-0.00118058
0.993035,0.0130552,null,null,null
0.0985464,null,0.197629,null,null
0.194628,null,null,-0.0272541,null
0.00189138,null,null,null,0.00199421
0.992959,0.0196089,null,null,null
0.133589,null,0.189461,null,null
0.271836,null,null,-0.00927865,null
-0.00349099,null,null,null,-0.00275705
0.993026,0.0137435,null,null,null
0.122722,null,0.133183,null,null
0.332184,null,null,-0.0262194,null
-0.000768568,null,null,null,-0.00217971
0.993031,0.015468,null,null,null
0.128631,null,0.176964,null,null
0.327779,null,null,0.0317217,null
-0.000261565,null,null,null,-4.91231e-05
0.992923,0.0188512,null,null,null
0.135831,null,0.214223,null,null
0.345058,null,null,-0.0181378,null
2.95026e-05,null,null,null,-0.0064175
0.992923,0.0188512,null,null,null
0.135831,null,0.214223,null,null
0.345058,null,null,-0.0181378,null
2.95026e-05,null,null,null,-0.0064175
0.993129,0.0155873,null,null,null
0.0614296,null,0.268721,null,null
0.321086,null,null,-0.0302469,null
-0.00173876,null,null,null,-0.0061767
0.993045,0.00776444,null,null,null
0.0314642,null,0.163772,null,null
0.312994,null,null,-0.0411564,null
-0.00358015,null,null,null,-0.00226102
0.992946,0.0048556,null,null,null
0.0773444,null,0.193311,null,null
0.292395,null,null,-0.0452084,null
-0.00122554,null,null,null,0.00172246
0.992809,0.00852004,null,null,null
0.0566123,null,0.128104,null,null
0.264331,null,null,-0.0659953,null
0.000577789,null,null,null,0.00587309
0.992909,0.0098844,null,null,null
-0.00591116,null,0.168809,null,null
0.2455,null,null,-0.0312077,null
-0.00656946,null,null,null,0.00666273
0.992989,0.00969962,null,null,null
0.0661796,null,0.149749,null,null
0.272695,null,null,-0.084314,null
-0.00402325,null,null,null,0.00424328
0.992915,0.00828993,null,null,null
0.0748014,null,0.148468,null,null
0.30894,null,null,-0.102179,null
0.000778241,null,null,null,-0.00497231
0.992909,0.0094566,null,null,null
0.0351234,null,0.151929,null,null
0.277284,null,null,-0.108319,null
-0.00256647,null,null,null,-0.00153217
0.992915,0.00812767,null,null,null
0.00342594,null,0.119536,null,null
0.250775,null,null,-0.0827494,null
0.00269012,null,null,null,-0.00300519
0.992915,0.00812767,null,null,null
0.00342594,null,0.119536,null,null
0.250775,null,null,-0.0827494,null
0.00269012,null,null,null,-0.00300519
0.992819,0.00505481,null,null,null
0.0233504,null,0.15767,null,null
0.267745,null,null,-0.0229364,null
-0.0033515,null,null,null,0.00354856
0.992671,0.0105336,null,null,null
0.0188199,null,0.125941,null,null
0.231004,null,null,-0.0759125,null
0.00333534,null,null,null,0.00221472
0.992671,0.0105336,null,null,null
0.0188199,null,0.125941,null,null
0.231004,null,null,-0.0759125,null
0.00333534,null,null,null,0.00221472
0.992807,0.00935161,null,null,null
0.0517696,null,0.131189,null,null
0.214367,null,null,-0.0875062,null
-0.00209523,null,null,null,0.00586026
0.992821,0.00624168,null,null,null
0.0421165,null,0.134094,null,null
0.154604,null,null,-0.115183,null
-0.001259,null,null,null,0.00495658
0.992979,0.000104718,null,null,null
-0.0110636,null,0.164586,null,null
0.157711,null,null,-0.136845,null
0.00606876,null,null,null,0.00303769
0.992941,-0.00405801,null,null,null
-0.0134801,null,0.131461,null,null
0.129264,null,null,-0.0937385,null
4.31744e-05,null,null,null,-0.00391063
0.993105,-0.00101741,null,null,null
-0.078083,null,0.109645,null,null
0.184007,null,null,-0.0794062,null
-0.00230954,null,null,null,0.000276464
0.992906,-0.00804333,null,null,null
-0.0851089,null,0.134158,null,null
0.14169,null,null,-0.126993,null
-0.00364462,null,null,null,-0.000402731
0.992936,-0.000777149,null,null,null
-0.0718,null,0.100934,null,null
0.133124,null,null,-0.1808,null
-0.00506076,null,null,null,-0.00479418
0.992884,-0.00543102,null,null,null
-0.132155,null,0.077614,null,null
0.116211,null,null,-0.187421,null
-0.000484667,null,null,null,-0.0068136
0.992884,-0.00543102,null,null,null
-0.132155,null,0.077614,null,null
0.116211,null,null,-0.187421,null
-0.000484667,null,null,null,-0.0068136
0.992884,-0.0139456,null,null,null
-0.110852,null,0.11896,null,null
0.0927895,null,null,-0.225226,null
-0.00214637,null,null,null,0.000769416
0.992974,-0.0169609,null,null,null
-0.0672111,null,0.0958356,null,null
0.0723104,null,null,-0.15664,null
-0.00146967,null,null,null,0.000579332
0.992719,-0.0186894,null,null,null
-0.0788686,null,0.133559,null,null
0.0662313,null,null,-0.189328,null
-0.00419591,null,null,null,-0.000576002
0.992838,-0.0170126,null,null,null
-0.141877,null,0.145965,null,null
0.0571648,null,null,-0.113987,null
0.000214446,null,null,null,-0.000248234
0.992838,-0.0170126,null,null,null
-0.141877,null,0.145965,null,null
0.0571648,null,null,-0.113987,null
0.000214446,null,null,null,-0.000248234
0.992897,-0.0168118,null,null,null
-0.146054,null,0.100016,null,null
0.0425553,null,null,-0.19135,null
-0.00233031,null,null,null,0.000252432
0.99289,-0.0129969,null,null,null
-0.114763,null,0.104231,null,null
0.0124139,null,null,-0.17285,null
0.00226475,null,null,null,-0.000302658
0.99291,-0.016659,null,null,null
-0.128896,null,0.129337,null,null
0.019608,null,null,-0.164557,null
0.00110785,null,null,null,-0.000238048
0.99291,-0.016659,null,null,null
-0.128896,null,0.129337,null,null
0.019608,null,null,-0.164557,null
0.00110785,null,null,null,-0.000238048
0.99291,-0.016659,null,null,null
-0.128896,null,0.129337,null,null
0.019608,null,null,-0.164557,null
0.00110785,null,null,null,-0.000238048
0.992995,-0.0101488,null,null,null
-0.0709156,null,0.136297,null,null
-0.00790174,null,null,-0.17623,null
-0.00032801,null,null,null,0.00052162
0.993006,-0.0133339,null,null,null
-0.0331004,null,0.198356,null,null
-0.0262465,null,null,-0.166529,null
-5.71581e-05,null,null,null,0.00353975
0.993029,-0.00989023,null,null,null
0.005243,null,0.222374,null,null
0.0235416,null,null,-0.144926,null
0.00105287,null,null,null,0.00687385
0.993029,-0.00989023,null,null,null
0.005243,null,0.222374,null,null
0.0235416,null,null,-0.144926,null
0.00105287,null,null,null,0.00687385
0.99305,-0.00568061,null,null,null
0.041203,null,0.23786,null,null
-0.0318705,null,null,-0.225465,null
-0.00108463,null,null,null,0.00173108
0.99305,-0.00568061,null,null,null
0.041203,null,0.23786,null,null
-0.0318705,null,null,-0.225465,null
-0.00108463,null,null,null,0.00173108
0.99305,-0.00568061,null,null,null
0.041203,null,0.23786,null,null
-0.0318705,null,null,-0.225465,null
-0.00108463,null,null,null,0.00173108
0.993161,0.00103662,null,null,null
0.0819174,null,0.19663,null,null
-0.0357623,null,null,-0.229786,null
-0.00141373,null,null,null,0.000625905
0.993129,0.0014648,null,null,null
0.0624075,null,0.171272,null,null
-0.0360066,null,null,-0.21048,null
0.0017544,null,null,null,-0.000996735
0.993129,0.0014648,null,null,null
0.0624075,null,0.171272,null,null
-0.0360066,null,null,-0.21048,null
0.0017544,null,null,null,-0.000996735
0.993001,0.0024864,null,null,null
0.101194,null,0.166228,null,null
-0.0322313,null,null,-0.194084,null
0.0020763,null,null,null,1.41212e-05
0.992968,0.0018619,null,null,null
0.0926906,null,0.195258,null,null
-0.0643008,null,null,-0.223311,null
0.00480659,null,null,null,0.00325766
0.992947,-0.000748394,null,null,null
0.0802966,null,0.186225,null,null
-0.066074,null,null,-0.189735,null
-0.00368624,null,null,null,0.0059428
0.992961,0.00123601,null,null,null
0.114863,null,0.252961,null,null
0.0165246,null,null,-0.242229,null
0.0012655,null,null,null,0.00961616
0.993179,-0.000334822,null,null,null
0.146184,null,0.235668,null,null
0.00163645,null,null,-0.168073,null
-0.00114423,null,null,null,0.00343355
0.993179,-0.000334822,null,null,null
0.146184,null,0.235668,null,null
0.00163645,null,null,-0.168073,null
-0.00114423,null,null,null,0.00343355
0.993236,0.00301928,null,null,null
0.0883598,null,0.223701,null,null
-0.0470154,null,null,-0.1664,null
-0.00396943,null,null,null,-0.000968041
0.993201,0.00437642,null,null,null
0.0520019,null,0.232705,null,null
-0.0728045,null,null,-0.226451,null
-0.00556183,null,null,null,-0.00182497
0.993176,0.00912083,null,null,null
0.100552,null,0.314518,null,null
-0.0201905,null,null,-0.113921,null
-0.0032172,null,null,null,-0.00248371
0.993095,0.0126916,null,null,null
-0.0475371,null,0.25904,null,null
-0.016129,null,null,-0.0894143,null
0.00168059,null,null,null,0.00431296
0.99289,0.0167254,null,null,null
0.0401484,null,0.26198,null,null
0.00140091,null,null,-0.157219,null
-0.000137464,null,null,null,0.00508278
0.99289,0.0167254,null,null,null
0.0401484,null,0.26198,null,null
0.00140091,null,null,-0.157219,null
-0.000137464,null,null,null,0.00508278
0.99278,0.0178176,null,null,null
0.0535421,null,0.291576,null,null
-0.00285123,null,null,-0.155345,null
0.00272336,null,null,null,0.000336335
0.99278,0.0178176,null,null,null
0.0535421,null,0.291576,null,null
-0.00285123,null,null,-0.155345,null
0.00272336,null,null,null,0.000336335
0.992803,0.018342,null,null,null
0.119544,null,0.300785,null,null
0.0126423,null,null,-0.138749,null
0.00592491,null,null,null,0.00300384
0.992911,0.0126058,null,null,null
0.0528231,null,0.278331,null,null
-0.0303376,null,null,-0.134616,null
0.00743109,null,null,null,-0.00246146
0.992911,0.0126058,null,null,null
0.0528231,null,0.278331,null,null
-0.0303376,null,null,-0.134616,null
0.00743109,null,null,null,-0.00246146
0.992911,0.0126058,null,null,null
0.0528231,null,0.278331,null,null
-0.0303376,null,null,-0.134616,null
0.00743109,null,null,null,-0.00246146
0.992911,0.0126058,null,null,null
0.0528231,null,0.278331,null,null
-0.0303376,null,null,-0.134616,null
0.00743109,null,null,null,-0.00246146
0.992995,0.0108328,null,null,null
0.0601709,null,0.253771,null,null
0.0457935,null,null,-0.103116,null
-0.00585419,null,null,null,0.00254709
0.992995,0.0108328,null,null,null
0.0601709,null,0.253771,null,null
0.0457935,null,null,-0.103116,null
-0.00585419,null,null,null,0.00254709
0.992941,0.0182961,null,null,null
0.0965279,null,0.263315,null,null
0.0868825,null,null,-0.165989,null
-0.000704334,null,null,null,-0.00185986
0.992796,0.0173862,null,null,null
0.0906571,null,0.281925,null,null
0.0629818,null,null,-0.192474,null
-0.00149624,null,null,null,-0.000688449
0.992855,0.0195456,null,null,null
0.0428142,null,0.327983,null,null
0.099092,null,null,-0.133239,null
0.000444585,null,null,null,-0.000964745
0.992814,0.0152829,null,null,null
0.0758615,null,0.257748,null,null
0.12111,null,null,-0.152443,null
0.00532538,null,null,null,-0.00493261
0.992883,0.0191508,null,null,null
0.0219037,null,0.2826,null,null
0.0986431,null,null,-0.131415,null
0.00189729,null,null,null,-0.00599321
0.99293,0.0163756,null,null,null
0.138609,null,0.246853,null,null
0.0546054,null,null,-0.0468257,null
-0.00359392,null,null,null,-0.00103303
0.992795,0.0206418,null,null,null
0.152989,null,0.250634,null,null
0.120382,null,null,-0.0801932,null
-0.00515436,null,null,null,-0.00183971
0.992795,0.0206418,null,null,null
0.152989,null,0.250634,null,null
0.120382,null,null,-0.0801932,null
-0.00515436,null,null,null,-0.00183971
0.992774,0.0243121,null,null,null
0.186221,null,0.233931,null,null
0.0649192,null,null,-0.119717,null
-0.00620838,null,null,null,-0.000392698
0.992774,0.0243121,null,null,null
0.186221,null,0.233931,null,null
0.0649192,null,null,-0.119717,null
-0.00620838,null,null,null,-0.000392698
0.993044,0.0137243,null,null,null
0.113084,null,0.175624,null,null
0.0825856,null,null,-0.0668683,null
-0.00325072,null,null,null,0.000149967
0.993044,0.0137243,null,null,null
0.113084,null,0.175624,null,null
0.0825856,null,null,-0.0668683,null
-0.00325072,null,null,null,0.000149967
0.993066,0.0117165,null,null,null
0.0372285,null,0.109633,null,null
0.106784,null,null,-0.103104,null
-0.00221375,null,null,null,-0.00393574
0.993066,0.0117165,null,null,null
0.0372285,null,0.109633,null,null
0.106784,null,null,-0.103104,null
-0.00221375,null,null,null,-0.00393574
0.993066,0.0117165,null,null,null
0.0372285,null,0.109633,null,null
0.106784,null,null,-0.103104,null
-0.00221375,null,null,null,-0.00393574
0.993008,0.0099008,null,null,null
0.125337,null,0.149929,null,null
0.0609901,null,null,-0.123993,null
-0.00155166,null,null,null,-0.00452913
0.993008,0.0099008,null,null,null
0.125337,null,0.149929,null,null
0.0609901,null,null,-0.123993,null
-0.00155166,null,null,null,-0.00452913
0.992986,0.0100546,null,null,null
0.137183,null,0.136156,null,null
0.024023,null,null,-0.143674,null
-0.00762864,null,null,null,-0.0041066
0.993089,0.0140663,null,null,null
0.149635,null,0.103841,null,null
-0.00276096,null,null,-0.148111,null
-0.007107,null,null,null,0.00123726
0.992942,0.0207417,null,null,null
0.13148,null,0.100008,null,null
0.0112425,null,null,-0.196031,null
-0.00549205,null,null,null,0.000831395
0.99283,0.022088,null,null,null
0.0837804,null,0.129359,null,null
-0.0366219,null,null,-0.173999,null
-0.00213955,null,null,null,-0.00335284
0.992792,0.0200691,null,null,null
0.0779986,null,0.143533,null,null
0.00665141,null,null,-0.13871,null
0.00500385,null,null,null,-0.00110829
0.992886,0.0203676,null,null,null
0.0976406,null,0.109117,null,null
0.00956453,null,null,-0.0980994,null
0.00302296,null,null,null,-0.00145821
0.992845,0.0237473,null,null,null
0.0982627,null,0.139905,null,null
-0.0418281,null,null,-0.148377,null
0.00121622,null,null,null,0.00583581
0.992919,0.0185416,null,null,null
0.104941,null,0.139657,null,null
-0.0187408,null,null,-0.108479,null
0.000396688,null,null,null,0.00592805
0.992807,0.0189585,null,null,null
0.0522041,null,0.174809,null,null
0.00322511,null,null,-0.17104,null
0.00225765,null,null,null,0.0090832
0.992908,0.0171726,null,null,null
0.0645491,null,0.218839,null,null
-0.0303288,null,null,-0.145374,null
0.00579151,null,null,null,-0.00201306
0.992896,0.0142101,null,null,null
0.0420924,null,0.176998,null,null
0.00291273,null,null,-0.148757,null
0.00305504,null,null,null,-0.000904969
0.992896,0.0142101,null,null,null
0.0420924,null,0.176998,null,null
0.00291273,null,null,-0.148757,null
0.00305504,null,null,null,-0.000904969
0.99297,0.0150885,null,null,null
0.086457,null,0.205143,null,null
-0.0367476,null,null,-0.215867,null
0.0022569,null,null,null,-0.00220261
0.993,0.0130644,null,null,null
0.0672429,null,0.169674,null,null
0.0452109,null,null,-0.163299,null
0.000135118,null,null,null,0.0059138
0.992942,0.0131901,null,null,null
0.0870174,null,0.208634,null,null
0.0373435,null,null,-0.160641,null
0.0029258,null,null,null,0.00665241
0.993031,0.0168036,null,null,null
0.102241,null,0.279806,null,null
0.0628337,null,null,-0.139294,null
0.0032682,null,null,null,0.00245309
0.993004,0.0165276,null,null,null
0.10638,null,0.179558,null,null
0.0131225,null,null,-0.175721,null
0.00323789,null,null,null,0.00673716
0.992954,0.00952764,null,null,null
0.125189,null,0.15862,null,null
0.0846698,null,null,-0.215345,null
-0.0030032,null,null,null,-0.000622374
0.992779,0.00688674,null,null,null
0.187045,null,0.16402,null,null
0.0142901,null,null,-0.270989,null
0.000388696,null,null,null,-0.00159744
0.992912,0.00407928,null,null,null
0.165252,null,0.129414,null,null
0.0684294,null,null,-0.243418,null
-0.00205848,null,null,null,-2.18478e-05
0.992889,0.00402269,null,null,null
0.175949,null,0.14996,null,null
-0.00657831,null,null,-0.254056,null
1.9159e-05,null,null,null,-0.00393655
0.992839,0.00376754,null,null,null
0.200047,null,0.184388,null,null
0.0623585,null,null,-0.239499,null
0.00117992,null,null,null,-0.00289956
0.993001,0.00468754,null,null,null
0.132131,null,0.182864,null,null
0.0424368,null,null,-0.195539,null
0.000569439,null,null,null,-0.00691616
0.992995,0.00356863,null,null,null
0.0916913,null,0.166008,null,null
0.0709879,null,null,-0.209416,null
-0.00889209,null,null,null,-0.0059446
0.993117,-0.00614126,null,null,null
0.101288,null,0.139136,null,null
0.0584964,null,null,-0.20778,null
-0.00334731,null,null,null,-0.00240187
0.993025,-0.00933812,null,null,null
0.110314,null,0.141165,null,null
0.0841028,null,null,-0.188355,null
-0.00523111,null,null,null,0.00192426
0.99285,-0.008975,null,null,null
0.149471,null,0.129441,null,null
0.0476404,null,null,-0.158269,null
-0.00575164,null,null,null,0.000586469
0.992949,-0.00701437,null,null,null
0.134348,null,0.11064,null,null
0.103491,null,null,-0.185172,null
0.00182489,null,null,null,-0.003648
0.992949,-0.00701437,null,null,null
0.134348,null,0.11064,null,null
0.103491,null,null,-0.185172,null
0.00182489,null,null,null,-0.003648
0.992994,-0.000937447,null,null,null
0.113345,null,0.0782474,null,null
0.0650431,null,null,-0.229153,null
-0.001601,null,null,null,-0.00712217
0.993069,0.000639655,null,null,null
0.0692808,null,0.0858381,null,null
0.08759,null,null,-0.259694,null
0.00493675,null,null,null,-0.00641704
0.993015,0.00151373,null,null,null
0.0238282,null,0.0968222,null,null
0.0955646,null,null,-0.227109,null
0.00323445,null,null,null,-0.00151404
0.99282,0.00552884,null,null,null
0.0694667,null,0.0898132,null,null
0.0651552,null,null,-0.23105,null
0.00677179,null,null,null,0.00448445
0.992945,0.00639716,null,null,null
0.0191841,null,0.122521,null,null
0.0707992,null,null,-0.227765,null
-0.00109161,null,null,null,0.00472254
0.992894,0.0113181,null,null,null
0.028988,null,0.119056,null,null
0.0478744,null,null,-0.225549,null
-0.00169234,null,null,null,0.00484716
0.992985,0.00845942,null,null,null
0.146256,null,0.188667,null,null
0.0781875,null,null,-0.255622,null
-0.00344694,null,null,null,0.00182264
0.993016,0.0125526,null,null,null
0.100099,null,0.200783,null,null
0.0542856,null,null,-0.260085,null
0.000151685,null,null,null,0.00368594
0.992938,0.0023068,null,null,null
0.0647413,null,0.221603,null,null
0.0972096,null,null,-0.202159,null
-0.000421436,null,null,null,0.00447836
0.992992,0.0053044,null,null,null
0.0237255,null,0.193519,null,null
0.15319,null,null,-0.225213,null
0.00549921,null,null,null,0.000703869
0.992906,0.00031534,null,null,null
0.0477979,null,0.13132,null,null
0.117182,null,null,-0.291964,null
0.00572993,null,null,null,0.000487145
0.992906,0.00031534,null,null,null
0.0477979,null,0.13132,null,null
0.117182,null,null,-0.291964,null
0.00572993,null,null,null,0.000487145
0.992995,0.00949396,null,null,null
0.0344793,null,0.188414,null,null
0.0597484,null,null,-0.287291,null
0.00594581,null,null,null,-0.00116704
0.992857,0.00925268,null,null,null
0.0446465,null,0.19189,null,null
0.0512912,null,null,-0.265099,null
0.000467872,null,null,null,-0.00267533
0.99277,0.0060569,null,null,null
0.133871,null,0.179336,null,null
0.071518,null,null,-0.172741,null
-0.000220966,null,null,null,0.00241091
0.992866,0.000988448,null,null,null
0.123036,null,0.177549,null,null
0.0502415,null,null,-0.25498,null
0.00197344,null,null,null,-0.00314546
0.992768,-0.000251395,null,null,null
0.164587,null,0.126635,null,null
0.0962458,null,null,-0.145927,null
0.00342957,null,null,null,-0.00386256
0.99266,0.00269539,null,null,null
0.181787,null,0.11617,null,null
0.0262527,null,null,-0.125829,null
0.000420635,null,null,null,-0.00440605
0.992835,0.00579516,null,null,null
0.0846153,null,0.149009,null,null
0.0303968,null,null,-0.035945,null
0.00219708,null,null,null,-0.00514353
0.992892,0.000590962,null,null,null
0.0589576,null,0.16296,null,null
-0.0701475,null,null,0.0757696,null
0.00120414,null,null,null,-0.00137511
0.99286,-0.00209084,null,null,null
0.0507538,null,0.17193,null,null
-0.0357096,null,null,-0.0361875,null
0.0056248,null,null,null,-0.000495902
0.992701,-0.00553451,null,null,null
0.0153055,null,0.210255,null,null
-0.0192718,null,null,-0.111181,null
-0.00116738,null,null,null,0.000664819
0.992919,-0.00017988,null,null,null
0.0143243,null,0.19247,null,null
0.0059588,null,null,-0.0578351,null
-0.00139571,null,null,null,-0.00269681
0.992919,-0.00017988,null,null,null
0.0143243,null,0.19247,null,null
0.0059588,null,null,-0.0578351,null
-0.00139571,null,null,null,-0.00269681
0.99291,0.000350067,null,null,null
0.021905,null,0.171905,null,null
-0.0193521,null,null,-0.106769,null
-0.00417056,null,null,null,-0.00143636
0.992892,-0.000743931,null,null,null
0.106843,null,0.183515,null,null
-0.0171349,null,null,-0.0994172,null
0.000169041,null,null,null,0.000971739
0.992849,-0.00120745,null,null,null
0.109377,null,0.174161,null,null
-0.0185909,null,null,0.0068265,null
-0.00427357,null,null,null,-0.00306824
0.992895,-0.000178635,null,null,null
0.0967094,null,0.14623,null,null
-0.10247,null,null,-0.0698695,null
2.11531e-05,null,null,null,-0.00259105
0.992895,-0.000178635,null,null,null
0.0967094,null,0.14623,null,null
-0.10247,null,null,-0.0698695,null
2.11531e-05,null,null,null,-0.00259105
0.992916,-0.00210029,null,null,null
0.0848727,null,0.0927339,null,null
-0.05733,null,null,-0.00534,null
0.00177085,null,null,null,-0.00185261
0.992801,-0.00871234,null,null,null
0.0566357,null,0.03223,null,null
-0.0455249,null,null,-0.0206785,null
0.00304183,null,null,null,0.00477035
0.992801,-0.00871234,null,null,null
0.0566357,null,0.03223,null,null
-0.0455249,null,null,-0.0206785,null
0.00304183,null,null,null,0.00477035
0.992836,-0.0110515,null,null,null
0.116588,null,0.0356062,null,null
-0.0426038,null,null,-0.0299644,null
0.0063444,null,null,null,6.09432e-05
0.992756,-0.0159109,null,null,null
0.135931,null,0.0862948,null,null
-0.0477969,null,null,-0.0477916,null
0.0049125,null,null,null,0.00289731
0.992849,-0.0134486,null,null,null
0.08765,null,0.117396,null,null
-0.0725979,null,null,0.0567011,null
0.00514223,null,null,null,0.00099843
0.9928,-0.00677307,null,null,null
0.0960356,null,0.0503519,null,null
-0.119877,null,null,0.057377,null
0.0046378,null,null,null,0.000927841
0.992905,-0.00484904,null,null,null
0.117246,null,0.0597852,null,null
-0.124662,null,null,0.00975673,null
-0.00230606,null,null,null,-0.00621286
0.99298,-0.00518655,null,null,null
0.0230379,null,0.0771729,null,null
-0.134566,null,null,0.0176331,null
0.000274869,null,null,null,0.00119689
0.993077,-0.00675575,null,null,null
-0.00352605,null,0.0696148,null,null
-0.0967249,null,null,-0.0257962,null
-0.00568221,null,null,null,-0.0013721
0.993008,-0.006367,null,null,null
0.0314206,null,0.0994714,null,null
-0.0948095,null,null,-0.0549035,null
0.00418195,null,null,null,-0.00165011
0.992861,-0.00796346,null,null,null
0.0210376,null,0.0691699,null,null
-0.026229,null,null,-0.0807527,null
0.00550687,null,null,null,-0.0034875
0.992816,-0.0130594,null,null,null
-0.00195679,null,0.079256,null,null
-0.0287647,null,null,-0.0533096,null
0.00142692,null,null,null,0.000764368
0.992995,-0.00946979,null,null,null
-0.0285321,null,0.104971,null,null
-0.0646741,null,null,-0.0798555,null
0.000355394,null,null,null,-0.0018365
0.992995,-0.00946979,null,null,null
-0.0285321,null,0.104971,null,null
-0.0646741,null,null,-0.0798555,null
0.000355394,null,null,null,-0.0018365
0.992855,-0.0140195,null,null,null
0.0117058,null,0.0749181,null,null
-0.0150636,null,null,-0.0390404,null
-0.00420421,null,null,null,0.00170429
0.992789,-0.0172239,null,null,null
-0.0375122,null,0.121629,null,null
0.0119485,null,null,-0.0610475,null
-0.00339676,null,null,null,0.00115072
0.992904,-0.0164731,null,null,null
-0.0710085,null,0.136734,null,null
0.0133891,null,null,-0.0479305,null
-0.00397094,null,null,null,0.00104348
0.992918,-0.0185994,null,null,null
-0.137759,null,0.141539,null,null
0.0074387,null,null,-0.030869,null
-0.00308994,null,null,null,-0.00247489
0.993049,-0.0105693,null,null,null
-0.161071,null,0.08154,null,null
0.0610374,null,null,-0.0395255,null
-0.000407371,null,null,null,-0.000141322
0.992868,-0.0129644,null,null,null
-0.187811,null,0.108522,null,null
0.0967496,null,null,-0.0274558,null
-0.00470134,null,null,null,0.000311862
0.992868,-0.0129644,null,null,null
-0.187811,null,0.108522,null,null
0.0967496,null,null,-0.0274558,null
-0.00470134,null,null,null,0.000311862
0.992891,-0.0178762,null,null,null
-0.208356,null,0.0749713,null,null
0.0340261,null,null,0.00109511,null
-0.000649828,null,null,null,0.00325179
0.993073,-0.00754869,null,null,null
-0.195882,null,0.0931764,null,null
0.0508046,null,null,-0.00979465,null
0.00143741,null,null,null,-9.7891e-05
0.993102,-0.00757686,null,null,null
-0.262011,null,0.07029,null,null
0.131105,null,null,-0.06088,null
0.000752445,null,null,null,0.00242159
0.993132,-0.00588418,null,null,null
-0.262767,null,0.0604056,null,null
0.0787905,null,null,-0.0489394,null
0.00325925,null,null,null,0.00081946
0.992918,-0.0110523,null,null,null
-0.29739,null,0.0402407,null,null
0.0906809,null,null,-0.0725438,null
-0.000590331,null,null,null,-0.00164986
0.992911,-0.0169215,null,null,null
-0.336122,null,0.0474839,null,null
0.0314168,null,null,-0.0535325,null
-0.00103064,null,null,null,-0.00394116
0.992877,-0.0217231,null,null,null
-0.290559,null,0.0646675,null,null
0.0413891,null,null,-0.0568377,null
-0.00287339,null,null,null,0.00191004
0.992911,-0.0137272,null,null,null
-0.33331,null,0.0773795,null,null
0.00183953,null,null,-0.103406,null
-0.00269274,null,null,null,3.92847e-05
0.992955,-0.0109718,null,null,null
-0.328531,null,0.0678265,null,null
-0.017523,null,null,-0.0958436,null
-0.00644344,null,null,null,0.00532326
0.992955,-0.0109718,null,null,null
-0.328531,null,0.0678265,null,null
-0.017523,null,null,-0.0958436,null
-0.00644344,null,null,null,0.00532326
0.99279,-0.0179487,null,null,null
-0.278008,null,0.0797795,null,null
0.0101504,null,null,-0.0666506,null
-0.00240556,null,null,null,-0.0019078
0.992865,-0.013926,null,null,null
-0.225611,null,0.0219282,null,null
-0.000983994,null,null,-0.0263139,null
-0.00537609,null,null,null,-0.0013504
0.992768,-0.0115644,null,null,null
-0.283013,null,0.0575844,null,null
-0.00460542,null,null,-0.0384554,null
-0.00369347,null,null,null,-0.0028254
0.992811,-0.00899214,null,null,null
-0.216459,null,0.0968182,null,null
0.0362068,null,null,-0.0228899,null
-0.00484554,null,null,null,-0.00739267
0.992816,-0.00689568,null,null,null
-0.229382,null,0.0624118,null,null
0.0360145,null,null,0.022018,null
-0.00188743,null,null,null,-0.00123757
0.992816,-0.00689568,null,null,null
-0.229382,null,0.0624118,null,null
0.0360145,null,null,0.022018,null
-0.00188743,null,null,null,-0.00123757
0.992939,-0.00734831,null,null,null
-0.253434,null,0.0702047,null,null
0.11928,null,null,-0.0435094,null
-0.00387746,null,null,null,0.0051004
0.99281,-0.00534444,null,null,null
-0.274296,null,0.0897071,null,null
0.105905,null,null,-0.0613261,null
-0.0051313,null,null,null,0.0107446
0.99281,-0.00534444,null,null,null
-0.274296,null,0.0897071,null,null
0.105905,null,null,-0.0613261,null
-0.0051313,null,null,null,0.0107446
0.992774,-0.00514249,null,null,null
-0.267146,null,0.0252498,null,null
0.0472914,null,null,-0.0921697,null
-0.00625425,null,null,null,0.00290906
0.992715,-0.00684471,null,null,null
-0.293109,null,0.0337234,null,null
0.0233537,null,null,-0.0849946,null
-0.00304502,null,null,null,-0.00439194
0.992715,-0.00684471,null,null,null
-0.293109,null,0.0337234,null,null
0.0233537,null,null,-0.0849946,null
-0.00304502,null,null,null,-0.00439194
0.992715,-0.00684471,null,null,null
-0.293109,null,0.0337234,null,null
0.0233537,null,null,-0.0849946,null
-0.00304502,null,null,null,-0.00439194
0.992715,-0.00684471,null,null,null
-0.293109,null,0.0337234,null,null
0.0233537,null,null,-0.0849946,null
-0.00304502,null,null,null,-0.00439194
0.992715,-0.00684471,null,null,null
-0.293109,null,0.0337234,null,null
0.0233537,null,null,-0.0849946,null
-0.00304502,null,null,null,-0.00439194
0.992803,-0.0108148,null,null,null
-0.25826,null,0.0227654,null,null
-0.0120248,null,null,-0.0478857,null
0.0013822,null,null,null,0.000518623
0.992885,-0.0117663,null,null,null
-0.279832,null,0.0175049,null,null
-0.0926414,null,null,-0.0422499,null
-1.77025e-05,null,null,null,0.00482563
0.99291,-0.0142623,null,null,null
-0.224451,null,0.0112055,null,null
-0.0622065,null,null,-0.0532339,null
0.00113911,null,null,null,-0.00222085
0.992859,-0.0103412,null,null,null
-0.221416,null,-0.089154,null,null
-0.0551586,null,null,-0.0270329,null
0.00166539,null,null,null,0.0035618
0.992884,-0.00928771,null,null,null
-0.207621,null,-0.0371322,null,null
-0.0893905,null,null,-0.0356274,null
-0.000258376,null,null,null,0.000119638
0.992904,-0.00790187,null,null,null
-0.190046,null,-0.079122,null,null
-0.0479938,null,null,-0.0333408,null
-0.0018056,null,null,null,0.00431269
0.992794,-0.010274,null,null,null
-0.204021,null,-0.114394,null,null
-0.0540839,null,null,0.00749736,null
0.00145696,null,null,null,-0.00761522
0.992675,-0.0111035,null,null,null
-0.295978,null,-0.0479147,null,null
0.010966,null,null,-0.0479309,null
0.00272121,null,null,null,-0.00446784
0.992625,-0.010474,null,null,null
-0.21771,null,-0.0757811,null,null
0.0207056,null,null,-0.0823106,null
-0.00268768,null,null,null,-0.00304891
0.992803,-0.0128035,null,null,null
-0.239364,null,-0.0934339,null,null
0.0684766,null,null,-0.0889711,null
0.00435061,null,null,null,0.000655814
0.992784,-0.0114425,null,null,null
-0.258454,null,0.0208134,null,null
0.093086,null,null,-0.111502,null
0.00306,null,null,null,0.00196979
0.992842,-0.00950564,null,null,null
-0.269911,null,-0.054346,null,null
-0.0103028,null,null,-0.190429,null
0.000894775,null,null,null,-0.000852206
0.992842,-0.00950564,null,null,null
-0.269911,null,-0.054346,null,null
-0.0103028,null,null,-0.190429,null
0.000894775,null,null,null,-0.000852206
0.992842,-0.00950564,null,null,null
-0.269911,null,-0.054346,null,null
-0.0103028,null,null,-0.190429,null
0.000894775,null,null,null,-0.000852206
0.992842,-0.00950564,null,null,null
-0.269911,null,-0.054346,null,null
-0.0103028,null,null,-0.190429,null
0.000894775,null,null,null,-0.000852206
0.992824,-0.0100323,null,null,null
-0.318025,null,-0.0800592,null,null
0.0486777,null,null,-0.160044,null
-0.000781395,null,null,null,0.00129415
0.992719,-0.00828182,null,null,null
-0.305631,null,-0.0172805,null,null
-0.0165785,null,null,-0.154075,null
-0.00222928,null,null,null,0.00343335
0.992719,-0.00828182,null,null,null
-0.305631,null,-0.0172805,null,null
-0.0165785,null,null,-0.154075,null
-0.00222928,null,null,null,0.00343335
0.992595,-0.016412,null,null,null
-0.340848,null,0.0637889,null,null
-0.00598105,null,null,-0.0921546,null
-0.0012703,null,null,null,-0.000929826
0.992595,-0.016412,null,null,null
-0.340848,null,0.0637889,null,null
-0.00598105,null,null,-0.0921546,null
-0.0012703,null,null,null,-0.000929826
0.992864,-0.0153766,null,null,null
-0.308368,null,-0.0397761,null,null
-0.0326425,null,null,-0.0592323,null
-0.00208499,null,null,null,-0.00475126
0.992729,-0.0152885,null,null,null
-0.257978,null,0.0242897,null,null
-0.0821106,null,null,-0.0511071,null
-0.00533054,null,null,null,-0.0020284
0.992726,-0.0145568,null,null,null
-0.280806,null,-0.00079141,null,null
-0.0337546,null,null,-0.0202005,null
-0.00407864,null,null,null,-0.00190345
0.992726,-0.0145568,null,null,null
-0.280806,null,-0.00079141,null,null
-0.0337546,null,null,-0.0202005,null
-0.00407864,null,null,null,-0.00190345
0.992726,-0.0145568,null,null,null
-0.280806,null,-0.00079141,null,null
-0.0337546,null,null,-0.0202005,null
-0.00407864,null,null,null,-0.00190345
0.992718,-0.016593,null,null,null
-0.236191,null,0.0416855,null,null
-0.0864925,null,null,0.0193525,null
-0.00271654,null,null,null,-0.00124885
0.992649,-0.0236035,null,null,null
-0.324375,null,0.0785427,null,null
-0.0954829,null,null,-0.0199316,null
0.00336424,null,null,null,-0.000352412
0.992724,-0.0201738,null,null,null
-0.225686,null,0.0460313,null,null
-0.0681684,null,null,-0.0874586,null
0.00158122,null,null,null,-0.00168966
0.992818,-0.0215326,null,null,null
-0.205665,null,0.0434257,null,null
-0.0622685,null,null,-0.054981,null
-0.00197687,null,null,null,0.00178465
0.992818,-0.0215326,null,null,null
-0.205665,null,0.0434257,null,null
-0.0622685,null,null,-0.054981,null
-0.00197687,null,null,null,0.00178465
0.992829,-0.0197058,null,null,null
-0.229085,null,0.0934686,null,null
-0.0993476,null,null,0.018127,null
8.1666e-05,null,null,null,-0.00288358
0.992687,-0.0178897,null,null,null
-0.232839,null,0.103127,null,null
-0.145626,null,null,-0.0265783,null
-0.00340545,null,null,null,-0.00133947
0.992687,-0.0178897,null,null,null
-0.232839,null,0.103127,null,null
-0.145626,null,null,-0.0265783,null
-0.00340545,null,null,null,-0.00133947
0.992622,-0.0252423,null,null,null
-0.223765,null,0.114277,null,null
-0.145795,null,null,-0.000398516,null
-0.00182474,null,null,null,0.00458776
0.992681,-0.0248342,null,null,null
-0.208037,null,0.162832,null,null
-0.120618,null,null,-0.0305202,null
-0.000849945,null,null,null,0.00514944
0.992769,-0.0236113,null,null,null
-0.187049,null,0.218794,null,null
-0.077856,null,null,-0.0178153,null
0.00212782,null,null,null,0.00116203
0.992715,-0.0220395,null,null,null
-0.190706,null,0.291004,null,null
-0.0897644,null,null,-0.0649526,null
0.00384785,null,null,null,0.00602099
0.992645,-0.0214071,null,null,null
-0.197601,null,0.228426,null,null
-0.131947,null,null,-0.131569,null
0.00841903,null,null,null,-0.00180537
0.992564,-0.0249977,null,null,null
-0.147105,null,0.234141,null,null
-0.122877,null,null,-0.0712322,null
0.00529913,null,null,null,0.00059259
0.992564,-0.0249977,null,null,null
-0.147105,null,0.234141,null,null
-0.122877,null,null,-0.0712322,null
0.00529913,null,null,null,0.00059259
0.992564,-0.0249977,null,null,null
-0.147105,null,0.234141,null,null
-0.122877,null,null,-0.0712322,null
0.00529913,null,null,null,0.00059259
0.992521,-0.0228618,null,null,null
-0.11276,null,0.247311,null,null
-0.123409,null,null,-0.0712716,null
-0.00158052,null,null,null,0.00465966
0.992627,-0.0211332,null,null,null
-0.0866521,null,0.242766,null,null
-0.167027,null,null,-0.0731289,null
-0.00184969,null,null,null,0.00264529
0.992627,-0.0211332,null,null,null
-0.0866521,null,0.242766,null,null
-0.167027,null,null,-0.0731289,null
-0.00184969,null,null,null,0.00264529
0.992627,-0.0211332,null,null,null
-0.0866521,null,0.242766,null,null
-0.167027,null,null,-0.0731289,null
-0.00184969,null,null,null,0.00264529
0.992627,-0.0211332,null,null,null
-0.0866521,null,0.242766,null,null
-0.167027,null,null,-0.0731289,null
-0.00184969,null,null,null,0.00264529
0.992745,-0.0119922,null,null,null
-0.0915961,null,0.259813,null,null
-0.112534,null,null,-0.0663061,null
-0.000449341,null,null,null,0.00513191
0.992783,-0.00936874,null,null,null
-0.04657,null,0.279469,null,null
-0.097299,null,null,-0.0455691,null
0.00197386,null,null,null,0.00740566
0.992871,-0.00338615,null,null,null
-0.0768301,null,0.29318,null,null
-0.131109,null,null,0.00215509,null
0.00206085,null,null,null,0.00253397
0.993051,4.18279e-05,null,null,null
-0.076809,null,0.279026,null,null
-0.131435,null,null,0.015891,null
-0.00416225,null,null,null,0.00569171
0.993051,4.18279e-05,null,null,null
-0.076809,null,0.279026,null,null
-0.131435,null,null,0.015891,null
-0.00416225,null,null,null,0.00569171
0.993024,-0.00387335,null,null,null
-0.0932613,null,0.218078,null,null
-0.144636,null,null,-0.0214201,null
-0.00462401,null,null,null,0.00788921
0.992927,-0.00559591,null,null,null
-0.146682,null,0.173912,null,null
-0.054869,null,null,-0.0176459,null
0.00359379,null,null,null,0.00113397
0.992884,-0.00816945,null,null,null
-0.185196,null,0.186284,null,null
-0.0168135,null,null,0.0305355,null
0.00237565,null,null,null,-0.00128689
0.992931,-0.00987256,null,null,null
-0.14671,null,0.24401,null,null
-0.0900976,null,null,-0.0243373,null
0.00446927,null,null,null,0.00141497
0.992812,-0.00975329,null,null,null
-0.128075,null,0.279081,null,null
-0.10867,null,null,-0.0187186,null
0.000567509,null,null,null,-0.000523666
0.99297,-0.00604833,null,null,null
-0.10217,null,0.257529,null,null
-0.146127,null,null,-0.0255545,null
-0.00165066,null,null,null,0.00395786
0.992982,-0.00396792,null,null,null
-0.116895,null,0.21933,null,null
-0.106464,null,null,0.0175374,null
-0.00326458,null,null,null,0.0076093
0.992982,-0.00396792,null,null,null
-0.116895,null,0.21933,null,null
-0.106464,null,null,0.0175374,null
-0.00326458,null,null,null,0.0076093
0.992906,-0.00162587,null,null,null
-0.0966282,null,0.189252,null,null
-0.126485,null,null,0.0492314,null
4.49845e-05,null,null,null,0.00950996
0.992906,-0.00162587,null,null,null
-0.0966282,null,0.189252,null,null
-0.126485,null,null,0.0492314,null
4.49845e-05,null,null,null,0.00950996
0.993008,-5.00388e-05,null,null,null
-0.0566845,null,0.156601,null,null
-0.0820122,null,null,0.00625626,null
0.00137384,null,null,null,0.00477684
0.993084,-0.00495206,null,null,null
-0.0500217,null,0.173996,null,null
-0.0530346,null,null,0.0151739,null
0.00470024,null,null,null,-0.00428811
0.993084,-0.00495206,null,null,null
-0.0500217,null,0.173996,null,null
-0.0530346,null,null,0.0151739,null
0.00470024,null,null,null,-0.00428811
0.993136,-0.00496729,null,null,null
-0.0732763,null,0.202547,null,null
-0.0639826,null,null,0.0455691,null
-0.00100616,null,null,null,-0.00429564
0.993116,-0.00506521,null,null,null
-0.0853959,null,0.239851,null,null
-0.0921485,null,null,-0.013804,null
0.000950925,null,null,null,-0.0056518
0.993044,-0.0026614,null,null,null
-0.136846,null,0.300476,null,null
-0.0533872,null,null,-0.00830709,null
0.00164859,null,null,null,-0.0013547
0.993119,-0.00139298,null,null,null
-0.117996,null,0.275351,null,null
-0.0568181,null,null,0.074177,null
0.00279294,null,null,null,0.00105975
0.993119,-0.00139298,null,null,null
-0.117996,null,0.275351,null,null
-0.0568181,null,null,0.074177,null
0.00279294,null,null,null,0.00105975
0.993108,-0.000638081,null,null,null
-0.0979124,null,0.262256,null,null
-0.0416069,null,null,0.06495,null
0.00456828,null,null,null,-0.00174415
0.993111,-0.000625249,null,null,null
-0.0698044,null,0.301199,null,null
-0.00381316,null,null,0.00895765,null
0.000179784,null,null,null,-0.000925134
0.993099,-0.00238655,null,null,null
-0.0395793,null,0.366419,null,null
-0.00713199,null,null,0.0146931,null
-0.00430301,null,null,null,0.00133956
0.993017,-0.000561688,null,null,null
-0.00058909,null,0.309445,null,null
-0.00344956,null,null,0.0788575,null
-0.00756786,null,null,null,-0.000369923
0.993017,-0.000561688,null,null,null
-0.00058909,null,0.309445,null,null
-0.00344956,null,null,0.0788575,null
-0.00756786,null,null,null,-0.000369923
0.993178,0.00311327,null,null,null
-0.00837096,null,0.333373,null,null
-0.00749694,null,null,0.0810179,null
-0.00363011,null,null,null,0.000461977
0.993178,0.00311327,null,null,null
-0.00837096,null,0.333373,null,null
-0.00749694,null,null,0.0810179,null
-0.00363011,null,null,null,0.000461977
0.992961,-0.00209994,null,null,null
0.0301595,null,0.397462,null,null
-0.0311615,null,null,0.0357341,null
0.00397449,null,null,null,0.00501765
0.992926,-0.0013962,null,null,null
0.0613024,null,0.372645,null,null
-0.0602715,null,null,0.0790933,null
0.00448556,null,null,null,0.00250045
0.992926,-0.0013962,null,null,null
0.0613024,null,0.372645,null,null
-0.0602715,null,null,0.0790933,null
0.00448556,null,null,null,0.00250045
0.992926,-0.0013962,null,null,null
0.0613024,null,0.372645,null,null
-0.0602715,null,null,0.0790933,null
0.00448556,null,null,null,0.00250045
0.992861,-0.0107934,null,null,null
0.0911248,null,0.365046,null,null
-0.0448985,null,null,0.00882385,null
0.00800171,null,null,null,0.00442214
0.992932,-0.00974124,null,null,null
0.105126,null,0.396785,null,null
-0.0176526,null,null,-0.00419077,null
0.00183104,null,null,null,-0.000154875
0.992896,-0.0101034,null,null,null
0.0628621,null,0.383292,null,null
-0.0336589,null,null,0.0451534,null
-0.000704371,null,null,null,0.00565027
0.992881,-0.017155,null,null,null
0.110497,null,0.445476,null,null
-0.0259069,null,null,0.0504223,null
0.00335059,null,null,null,-0.0021534
0.992774,-0.0188619,null,null,null
0.17441,null,0.4181,null,null
-0.0485036,null,null,0.102916,null
-0.00336129,null,null,null,0.000606031
0.992831,-0.0196039,null,null,null
0.145407,null,0.381189,null,null
-0.0536302,null,null,0.0826033,null
-0.00337053,null,null,null,0.00400065
0.992954,-0.0199644,null,null,null
0.166245,null,0.397661,null,null
-0.0338782,null,null,0.144279,null
-0.000294498,null,null,null,-0.000968132
0.992954,-0.0199644,null,null,null
0.166245,null,0.397661,null,null
-0.0338782,null,null,0.144279,null
-0.000294498,null,null,null,-0.000968132
0.992934,-0.0192238,null,null,null
0.206733,null,0.382837,null,null
-0.0598335,null,null,0.12466,null
-0.00583789,null,null,null,0.00233088
0.993035,-0.014891,null,null,null
0.246309,null,0.31893,null,null
-0.0792729,null,null,0.108137,null
-0.000980591,null,null,null,0.00341294
0.993035,-0.014891,null,null,null
0.246309,null,0.31893,null,null
-0.0792729,null,null,0.108137,null
-0.000980591,null,null,null,0.00341294
0.993017,-0.0157594,null,null,null
0.238471,null,0.301248,null,null
-0.10091,null,null,0.122036,null
-0.00274558,null,null,null,-0.00130721
0.99283,-0.0131056,null,null,null
0.258526,null,0.330491,null,null
-0.132679,null,null,0.143225,null
0.00475557,null,null,null,0.00341348
0.992806,-0.0128416,null,null,null
0.256545,null,0.319647,null,null
-0.0948714,null,null,0.146583,null
-0.00058167,null,null,null,-0.00254386
0.992889,-0.0141869,null,null,null
0.25674,null,0.279332,null,null
-0.0418359,null,null,0.154053,null
0.000578531,null,null,null,0.00449293
0.992908,-0.0149967,null,null,null
0.292712,null,0.246739,null,null
-0.104589,null,null,0.185446,null
-0.00112171,null,null,null,0.00595961
0.992862,-0.0115821,null,null,null
0.211894,null,0.287686,null,null
-0.149457,null,null,0.182665,null
-0.00639124,null,null,null,-0.000615514
0.992969,-0.0117127,null,null,null
0.192004,null,0.223094,null,null
-0.136838,null,null,0.217025,null
0.00319785,null,null,null,0.00184232
0.993039,-0.00927225,null,null,null
0.165071,null,0.278996,null,null
-0.166041,null,null,0.18913,null
-0.00477575,null,null,null,0.00205054
0.99296,-0.00595846,null,null,null
0.206957,null,0.350697,null,null
-0.222541,null,null,0.194669,null
-0.00265401,null,null,null,0.000603954
0.99296,-0.00595846,null,null,null
0.206957,null,0.350697,null,null
-0.222541,null,null,0.194669,null
-0.00265401,null,null,null,0.000603954
0.992905,-0.0134737,null,null,null
0.252298,null,0.265236,null,null
-0.158482,null,null,0.0975061,null
0.00210544,null,null,null,-0.00167144
0.992876,-0.0169129,null,null,null
0.232866,null,0.277965,null,null
-0.152845,null,null,0.125999,null
0.000771496,null,null,null,0.00254463
0.992761,-0.0170798,null,null,null
0.318745,null,0.292639,null,null
-0.230648,null,null,0.168746,null
0.000749156,null,null,null,0.00262454
0.992745,-0.019825,null,null,null
0.285442,null,0.222729,null,null
-0.174651,null,null,0.145262,null
0.00119605,null,null,null,0.0031923
0.992881,-0.0170134,null,null,null
0.333485,null,0.222383,null,null
-0.236286,null,null,0.117116,null
-0.00291136,null,null,null,0.00351724
0.992881,-0.0170134,null,null,null
0.333485,null,0.222383,null,null
-0.236286,null,null,0.117116,null
-0.00291136,null,null,null,0.00351724
0.992925,-0.019123,null,null,null
0.340278,null,0.288195,null,null
-0.210291,null,null,0.0947573,null
-0.00279101,null,null,null,0.00416202
0.993001,-0.0206792,null,null,null
0.23321,null,0.207143,null,null
-0.127637,null,null,0.14218,null
-0.0042238,null,null,null,0.000150306
0.99281,-0.019627,null,null,null
0.230937,null,0.315387,null,null
-0.174046,null,null,0.0675925,null
-0.00041196,null,null,null,0.0043868
0.992742,-0.0185632,null,null,null
0.201815,null,0.271844,null,null
-0.268682,null,null,0.121788,null
0.000120764,null,null,null,0.00512469
0.992945,-0.0140174,null,null,null
0.229986,null,0.22225,null,null
-0.30751,null,null,0.0950088,null
-0.00170936,null,null,null,0.00501838
0.992877,-0.0128225,null,null,null
0.267804,null,0.200039,null,null
-0.229478,null,null,0.072374,null
-0.00041037,null,null,null,0.00558255
0.992962,-0.00975096,null,null,null
0.28052,null,0.258401,null,null
-0.264838,null,null,0.015797,null
-0.00313883,null,null,null,0.00374806
0.992962,-0.00975096,null,null,null
0.28052,null,0.258401,null,null
-0.264838,null,null,0.015797,null
-0.00313883,null,null,null,0.00374806
0.99309,-0.00478332,null,null,null
0.269155,null,0.157379,null,null
-0.274186,null,null,-0.0028264,null
0.000766649,null,null,null,0.00458931
0.993081,-0.00340785,null,null,null
0.276075,null,0.171668,null,null
-0.287119,null,null,0.0105308,null
0.000449729,null,null,null,-0.00117754
0.99308,-0.000557994,null,null,null
0.317169,null,0.212021,null,null
-0.304135,null,null,0.0110512,null
-0.00597018,null,null,null,-0.00348046
0.993039,0.009709,null,null,null
0.30557,null,0.200551,null,null
-0.284589,null,null,-0.0279494,null
0.000675764,null,null,null,-0.0035022
0.992961,0.0146025,null,null,null
0.283436,null,0.141796,null,null
-0.230031,null,null,-0.0160729,null
-0.00405627,null,null,null,-0.00434
0.992961,0.0146025,null,null,null
0.283436,null,0.141796,null,null
-0.230031,null,null,-0.0160729,null
-0.00405627,null,null,null,-0.00434
0.992875,0.0148562,null,null,null
0.343307,null,0.154384,null,null
-0.223302,null,null,-0.0316704,null
0.00220978,null,null,null,-0.00350663
0.992919,0.01482,null,null,null
0.319211,null,0.141111,null,null
-0.252951,null,null,-0.0526278,null
0.000419608,null,null,null,-0.00420664
0.993145,0.00934622,null,null,null
0.272904,null,0.15111,null,null
-0.296386,null,null,-0.00352709,null
0.00290362,null,null,null,-0.00298666
0.992999,0.0149809,null,null,null
0.255864,null,0.178461,null,null
-0.28224,null,null,0.00224734,null
-0.00175394,null,null,null,-0.00294445
0.992906,0.0173029,null,null,null
0.271136,null,0.201467,null,null
-0.293846,null,null,-0.0653516,null
0.00102911,null,null,null,-0.00436387
0.992906,0.0173029,null,null,null
0.271136,null,0.201467,null,null
-0.293846,null,null,-0.0653516,null
0.00102911,null,null,null,-0.00436387
0.992976,0.0202756,null,null,null
0.231382,null,0.2119,null,null
-0.296486,null,null,-0.0773256,null
0.0010792,null,null,null,0.000293161
0.992786,0.0240262,null,null,null
0.284697,null,0.234029,null,null
-0.259716,null,null,-0.11217,null
0.00197509,null,null,null,-0.00172708
0.992786,0.0240262,null,null,null
0.284697,null,0.234029,null,null
-0.259716,null,null,-0.11217,null
0.00197509,null,null,null,-0.00172708
0.992742,0.024441,null,null,null
0.277413,null,0.287172,null,null
-0.270966,null,null,-0.155333,null
0.00307861,null,null,null,0.00242375
0.992871,0.0139671,null,null,null
0.239369,null,0.303406,null,null
-0.271054,null,null,-0.13965,null
0.000254854,null,null,null,-0.000618771
0.992699,0.0132759,null,null,null
0.218869,null,0.320299,null,null
-0.265196,null,null,-0.186091,null
0.00462795,null,null,null,2.97449e-05
0.992704,0.0182318,null,null,null
0.113299,null,0.336876,null,null
-0.226972,null,null,-0.242851,null
0.0069072,null,null,null,0.00247542
0.992684,0.0223192,null,null,null
0.135378,null,0.334526,null,null
-0.198834,null,null,-0.242159,null
0.0038692,null,null,null,0.00274953
0.992651,0.0252362,null,null,null
0.109552,null,0.309804,null,null
-0.222089,null,null,-0.253399,null
-0.00432189,null,null,null,0.00118439
0.99252,0.027433,null,null,null
0.205395,null,0.325458,null,null
-0.260844,null,null,-0.246193,null
-0.00264724,null,null,null,0.00218999
0.99274,0.0261364,null,null,null
0.171682,null,0.284221,null,null
-0.225511,null,null,-0.235014,null
-0.00467789,null,null,null,-0.0019899
0.99262,0.0285315,null,null,null
0.112971,null,0.25858,null,null
-0.13612,null,null,-0.203909,null
-0.000594694,null,null,null,-0.00252306
0.992788,0.0265836,null,null,null
0.129651,null,0.280637,null,null
-0.122088,null,null,-0.230919,null
-0.00749836,null,null,null,-0.0010971
0.992613,0.0287501,null,null,null
0.154021,null,0.273089,null,null
-0.133591,null,null,-0.267784,null
-0.00203088,null,null,null,-0.00116906
0.992725,0.0268779,null,null,null
0.151548,null,0.306954,null,null
-0.0816371,null,null,-0.285988,null
0.000811124,null,null,null,-0.00308508
0.992911,0.0189095,null,null,null
0.0697909,null,0.29224,null,null
-0.132151,null,null,-0.295399,null
0.00252045,null,null,null,0.00524811
0.992799,0.0230676,null,null,null
0.120037,null,0.327036,null,null
-0.126281,null,null,-0.318521,null
0.00367066,null,null,null,0.000910705
0.992596,0.0222182,null,null,null
0.0901686,null,0.31417,null,null
-0.105486,null,null,-0.244896,null
-6.24891e-05,null,null,null,0.00153334
0.992686,0.0263761,null,null,null
0.143394,null,0.399154,null,null
-0.112444,null,null,-0.28032,null
-0.000358315,null,null,null,0.00079203
0.992563,0.0292179,null,null,null
0.116464,null,0.37997,null,null
-0.157153,null,null,-0.232014,null
0.000881554,null,null,null,-0.00312089
0.99269,0.0267986,null,null,null
0.129556,null,0.325029,null,null
-0.117677,null,null,-0.297372,null
-0.000378246,null,null,null,-9.31506e-05
0.992634,0.0256518,null,null,null
0.0618947,null,0.364311,null,null
-0.090863,null,null,-0.295236,null
-0.00184046,null,null,null,0.00552253
0.992601,0.0234865,null,null,null
0.129286,null,0.359304,null,null
-0.113726,null,null,-0.280153,null
0.000958949,null,null,null,0.00532363
0.992756,0.0218406,null,null,null
0.122519,null,0.324302,null,null
-0.103918,null,null,-0.222734,null
0.00317319,null,null,null,0.00202846
0.992594,0.0198611,null,null,null
0.109958,null,0.327035,null,null
-0.0528311,null,null,-0.195928,null
-0.00409356,null,null,null,0.00369075
0.992704,0.019607,null,null,null
0.0648011,null,0.341449,null,null
-0.105431,null,null,-0.142992,null
-0.00367326,null,null,null,0.00075139
0.992689,0.0158818,null,null,null
0.0686097,null,0.331235,null,null
-0.0805776,null,null,-0.184264,null
-0.00059295,null,null,null,-0.00471768
0.992689,0.0158818,null,null,null
0.0686097,null,0.331235,null,null
-0.0805776,null,null,-0.184264,null
-0.00059295,null,null,null,-0.00471768
0.992681,0.0148486,null,null,null
0.148033,null,0.331356,null,null
-0.0801415,null,null,-0.169835,null
-0.00200226,null,null,null,-0.00404825
0.992681,0.0148486,null,null,null
0.148033,null,0.331356,null,null
-0.0801415,null,null,-0.169835,null
-0.00200226,null,null,null,-0.00404825
0.992681,0.0148486,null,null,null
0.148033,null,0.331356,null,null
-0.0801415,null,null,-0.169835,null
-0.00200226,null,null,null,-0.00404825
0.992725,0.0185338,null,null,null
0.145987,null,0.323974,null,null
-0.16413,null,null,-0.221629,null
0.00126816,null,null,null,-0.00547687
0.992719,0.0179431,null,null,null
0.141835,null,0.243415,null,null
-0.155415,null,null,-0.275339,null
0.00136801,null,null,null,-0.00971273
0.992862,0.0120047,null,null,null
0.146547,null,0.27491,null,null
-0.199175,null,null,-0.174199,null
-0.0018152,null,null,null,-0.0038932
0.992892,0.00776531,null,null,null
0.205745,null,0.297032,null,null
-0.240272,null,null,-0.135629,null
-0.00256576,null,null,null,0.00236695
0.992877,0.0123336,null,null,null
0.201428,null,0.28889,null,null
-0.226412,null,null,-0.272816,null
-0.00453549,null,null,null,-0.00249825
0.992776,0.0130975,null,null,null
0.233476,null,0.325855,null,null
-0.184803,null,null,-0.26245,null
-0.000742116,null,null,null,-0.000658899
0.992856,0.0154035,null,null,null
0.261394,null,0.315604,null,null
-0.193515,null,null,-0.289481,null
0.0005416,null,null,null,0.0043956
0.992841,0.0158174,null,null,null
0.257673,null,0.363854,null,null
-0.261871,null,null,-0.303406,null
-0.00255349,null,null,null,0.00707457
0.992685,0.0142216,null,null,null
0.225819,null,0.362818,null,null
-0.295455,null,null,-0.332,null
0.000369906,null,null,null,0.00784572
0.992685,0.0142216,null,null,null
0.225819,null,0.362818,null,null
-0.295455,null,null,-0.332,null
0.000369906,null,null,null,0.00784572
0.99278,0.00777419,null,null,null
0.174911,null,0.309055,null,null
-0.338832,null,null,-0.330065,null
0.000710069,null,null,null,0.00866706
0.9927,0.00760514,null,null,null
0.19131,null,0.346911,null,null
-0.309394,null,null,-0.313082,null
-0.00250144,null,null,null,0.00493369
0.9927,0.00760514,null,null,null
0.19131,null,0.346911,null,null
-0.309394,null,null,-0.313082,null
-0.00250144,null,null,null,0.00493369
0.99283,0.00439359,null,null,null
0.164277,null,0.358041,null,null
-0.373065,null,null,-0.206868,null
-0.00101545,null,null,null,0.000986453
0.992876,0.0017006,null,null,null
0.183693,null,0.350397,null,null
-0.350895,null,null,-0.219124,null
-0.00312583,null,null,null,-0.00402728
0.992908,-0.000809408,null,null,null
0.149616,null,0.378795,null,null
-0.378979,null,null,-0.243212,null
-0.00472575,null,null,null,0.0060877
0.993043,0.00665467,null,null,null
0.0705625,null,0.305347,null,null
-0.370142,null,null,-0.337094,null
-0.00656026,null,null,null,0.0056616
0.992969,0.00400624,null,null,null
0.0939148,null,0.315724,null,null
-0.376714,null,null,-0.233941,null
-0.00521839,null,null,null,0.00199336
0.992755,0.00620391,null,null,null
0.101964,null,0.278864,null,null
-0.429532,null,null,-0.183241,null
-0.00395174,null,null,null,-0.000798288
0.992755,0.00620391,null,null,null
0.101964,null,0.278864,null,null
-0.429532,null,null,-0.183241,null
-0.00395174,null,null,null,-0.000798288
0.992929,0.00447364,null,null,null
0.0371382,null,0.290025,null,null
-0.503446,null,null,-0.170661,null
-0.00174833,null,null,null,0.00170611
0.992894,0.0108864,null,null,null
0.0156235,null,0.317221,null,null
-0.481869,null,null,-0.159842,null
-0.000872925,null,null,null,0.0024514
0.992894,0.0108864,null,null,null
0.0156235,null,0.317221,null,null
-0.481869,null,null,-0.159842,null
-0.000872925,null,null,null,0.0024514
0.993014,0.00755775,null,null,null
0.0284474,null,0.324679,null,null
-0.442692,null,null,-0.159972,null
-0.00553909,null,null,null,0.00097638
0.992916,0.00866072,null,null,null
0.0978961,null,0.271151,null,null
-0.391314,null,null,-0.12484,null
-0.000842726,null,null,null,0.00890418
0.993062,0.012265,null,null,null
0.083701,null,0.323522,null,null
-0.447147,null,null,-0.168818,null
-0.000838266,null,null,null,0.00795696
0.99296,0.00684839,null,null,null
0.112109,null,0.201637,null,null
-0.502409,null,null,-0.181964,null
0.000506545,null,null,null,-0.0015024
0.992881,0.00785922,null,null,null
0.0242529,null,0.230806,null,null
-0.529529,null,null,-0.222726,null
0.000656088,null,null,null,0.00178619
0.993017,0.00759241,null,null,null
0.0782695,null,0.209218,null,null
-0.429049,null,null,-0.168935,null
-0.00105423,null,null,null,-0.001722
0.993069,0.0114932,null,null,null
0.0293936,null,0.250069,null,null
-0.445165,null,null,-0.217994,null
-0.00193736,null,null,null,-0.00404293
0.993096,0.0131748,null,null,null
0.0688896,null,0.278519,null,null
-0.40914,null,null,-0.254986,null
0.00118837,null,null,null,-3.25606e-05
0.993043,0.00898215,null,null,null
0.0974007,null,0.336889,null,null
-0.387585,null,null,-0.260512,null
-0.00264793,null,null,null,9.36613e-05
0.993043,0.00898215,null,null,null
0.0974007,null,0.336889,null,null
-0.387585,null,null,-0.260512,null
-0.00264793,null,null,null,9.36613e-05
0.993109,0.011443,null,null,null
0.0842211,null,0.331043,null,null
-0.430115,null,null,-0.230331,null
-0.00474719,null,null,null,-0.000860154
0.993073,0.0136514,null,null,null
0.0822953,null,0.292359,null,null
-0.41283,null,null,-0.288392,null
-0.0081267,null,null,null,-0.00274055
0.992903,0.0128329,null,null,null
0.0636576,null,0.25634,null,null
-0.384035,null,null,-0.261813,null
-0.00428955,null,null,null,-0.00202595
0.992825,0.0140184,null,null,null
0.043464,null,0.262018,null,null
-0.442746,null,null,-0.248384,null
0.00059063,null,null,null,-0.00608803
0.992701,0.0133013,null,null,null
0.00337628,null,0.24856,null,null
-0.45672,null,null,-0.199283,null
0.00351195,null,null,null,0.000454206
0.99273,0.0116927,null,null,null
0.0385459,null,0.281353,null,null
-0.408278,null,null,-0.222422,null
0.00169612,null,null,null,-0.000972494
0.992726,0.01508,null,null,null
0.0559801,null,0.257472,null,null
-0.429199,null,null,-0.298865,null
0.00302468,null,null,null,0.00126548
0.99281,0.0110938,null,null,null
0.0578104,null,0.317104,null,null
-0.405674,null,null,-0.218408,null
-0.0019442,null,null,null,-0.00484969
0.99281,0.0110938,null,null,null
0.0578104,null,0.317104,null,null
-0.405674,null,null,-0.218408,null
-0.0019442,null,null,null,-0.00484969
0.992836,0.0171418,null,null,null
0.00436515,null,0.379311,null,null
-0.431711,null,null,-0.219925,null
-0.00373615,null,null,null,0.00257536
0.992859,0.0224054,null,null,null
0.0222349,null,0.405356,null,null
-0.440603,null,null,-0.2102,null
-0.00285996,null,null,null,0.00182305
0.9928,0.0194059,null,null,null
-0.0159379,null,0.368717,null,null
-0.444873,null,null,-0.268225,null
-0.00766164,null,null,null,0.0056378
0.992762,0.0202134,null,null,null
0.00172451,null,0.323393,null,null
-0.520645,null,null,-0.209304,null
-0.00478607,null,null,null,-0.00118228
0.992714,0.0184916,null,null,null
-0.012456,null,0.344536,null,null
-0.41544,null,null,-0.265022,null
-0.00684527,null,null,null,0.00200515
0.992819,0.0201535,null,null,null
-0.0719349,null,0.3189,null,null
-0.34877,null,null,-0.285863,null
-0.00402587,null,null,null,0.00248546
0.992819,0.0201535,null,null,null
-0.0719349,null,0.3189,null,null
-0.34877,null,null,-0.285863,null
-0.00402587,null,null,null,0.00248546
0.99278,0.0227252,null,null,null
-0.0788911,null,0.377893,null,null
-0.31884,null,null,-0.292905,null
-0.00891367,null,null,null,0.0055207
0.992586,0.0242258,null,null,null
-0.0644072,null,0.451962,null,null
-0.257757,null,null,-0.357108,null
-0.000350622,null,null,null,-0.00195065
0.992504,0.0252974,null,null,null
-0.0165031,null,0.483259,null,null
-0.332722,null,null,-0.345432,null
0.00312743,null,null,null,-0.0046648
0.992496,0.0243286,null,null,null
0.026385,null,0.44488,null,null
-0.27502,null,null,-0.4158,null
0.00110807,null,null,null,-0.00055932
0.992656,0.0224328,null,null,null
0.0409941,null,0.369726,null,null
-0.273779,null,null,-0.408969,null
0.000418904,null,null,null,-0.000260922
0.992722,0.02086,null,null,null
0.0829929,null,0.331336,null,null
-0.255354,null,null,-0.450705,null
-0.00276834,null,null,null,0.00408715
0.99247,0.0139483,null,null,null
0.064694,null,0.303791,null,null
-0.252206,null,null,-0.429849,null
0.00586149,null,null,null,0.00517613
0.99247,0.0139483,null,null,null
0.064694,null,0.303791,null,null
-0.252206,null,null,-0.429849,null
0.00586149,null,null,null,0.00517613
0.99247,0.0139483,null,null,null
0.064694,null,0.303791,null,null
-0.252206,null,null,-0.429849,null
0.00586149,null,null,null,0.00517613
0.992661,0.00204999,null,null,null
0.0122328,null,0.333562,null,null
-0.152919,null,null,-0.471894,null
0.00159134,null,null,null,-0.000107625
0.992704,0.00671381,null,null,null
-0.00623851,null,0.396892,null,null
-0.129881,null,null,-0.457374,null
0.00341485,null,null,null,-0.00447531
0.992801,0.00618527,null,null,null
-0.0576435,null,0.388996,null,null
-0.194619,null,null,-0.428321,null
0.0017327,null,null,null,0.00100724
0.992745,0.0163269,null,null,null
-0.137164,null,0.335119,null,null
-0.165006,null,null,-0.380406,null
0.00268939,null,null,null,0.00247984
0.992868,0.0147511,null,null,null
-0.11399,null,0.346976,null,null
-0.163334,null,null,-0.324861,null
0.00970251,null,null,null,0.00490123
0.992925,0.0116834,null,null,null
-0.0353654,null,0.305812,null,null
-0.124289,null,null,-0.354247,null
0.00880365,null,null,null,0.00109844
0.992721,0.0143908,null,null,null
-0.0139072,null,0.339611,null,null
-0.164892,null,null,-0.327075,null
0.00405265,null,null,null,0.00184411
0.992741,0.0167767,null,null,null
0.00703834,null,0.332461,null,null
-0.171137,null,null,-0.352556,null
0.00527409,null,null,null,-0.00562396
0.992861,0.0133846,null,null,null
0.0649781,null,0.340889,null,null
-0.225621,null,null,-0.308713,null
0.00266604,null,null,null,-0.00109791
0.992874,0.00796576,null,null,null
0.0520474,null,0.297179,null,null
-0.218146,null,null,-0.248251,null
-0.000433762,null,null,null,0.00239493
0.992874,0.00796576,null,null,null
0.0520474,null,0.297179,null,null
-0.218146,null,null,-0.248251,null
-0.000433762,null,null,null,0.00239493
0.993058,-1.28942e-05,null,null,null
-0.00194928,null,0.22297,null,null
-0.257584,null,null,-0.234271,null
0.00217382,null,null,null,-0.000292469
0.992974,0.00395815,null,null,null
0.0040211,null,0.258811,null,null
-0.207893,null,null,-0.27752,null
-0.0027158,null,null,null,0.00180985
0.992985,0.00195725,null,null,null
0.0586798,null,0.266647,null,null
-0.269473,null,null,-0.263656,null
-0.0054463,null,null,null,0.000859985
0.993034,0.00827031,null,null,null
0.0575597,null,0.259104,null,null
-0.29101,null,null,-0.281611,null
-0.00469991,null,null,null,0.00346907
0.992884,0.00368243,null,null,null
0.103176,null,0.199632,null,null
-0.213674,null,null,-0.284067,null
-0.00317533,null,null,null,0.00204024
0.993041,0.00351686,null,null,null
0.176999,null,0.182961,null,null
-0.220079,null,null,-0.301791,null
-0.00290124,null,null,null,0.0037097
0.993041,0.00351686,null,null,null
0.176999,null,0.182961,null,null
-0.220079,null,null,-0.301791,null
-0.00290124,null,null,null,0.0037097
0.992932,-0.00481261,null,null,null
0.107546,null,0.2231,null,null
-0.248214,null,null,-0.24932,null
-0.0047132,null,null,null,-0.00335641
0.992811,-0.00282682,null,null,null
0.10463,null,0.280782,null,null
-0.254148,null,null,-0.233708,null
-0.0028328,null,null,null,-0.000677871
0.992811,-0.00282682,null,null,null
0.10463,null,0.280782,null,null
-0.254148,null,null,-0.233708,null
-0.0028328,null,null,null,-0.000677871
0.992979,-0.0112523,null,null,null
0.0201271,null,0.277246,null,null
-0.289149,null,null,-0.24996,null
-0.000285201,null,null,null,-0.00111059
0.993131,-0.0106053,null,null,null
0.0252498,null,0.322219,null,null
-0.2946,null,null,-0.280954,null
-0.00339038,null,null,null,-0.00223817
0.993019,-0.00800469,null,null,null
0.0893672,null,0.20614,null,null
-0.212556,null,null,-0.34981,null
-0.00394456,null,null,null,-0.002615
0.9929,-0.0100503,null,null,null
0.021755,null,0.181646,null,null
-0.249071,null,null,-0.301797,null
-0.00296245,null,null,null,0.0018393
0.993058,-0.00838478,null,null,null
0.0555811,null,0.221546,null,null
-0.186866,null,null,-0.34607,null
-0.00133906,null,null,null,0.0022029
0.99286,-0.015037,null,null,null
-0.0292586,null,0.196309,null,null
-0.168124,null,null,-0.317024,null
-0.00163553,null,null,null,-0.0016945
0.992823,-0.0153574,null,null,null
-0.00270721,null,0.225878,null,null
-0.15702,null,null,-0.279109,null
-0.000418035,null,null,null,0.00052033
0.99262,-0.0132598,null,null,null
0.00654121,null,0.244114,null,null
-0.166964,null,null,-0.221939,null
-0.00440924,null,null,null,-0.00210093
0.992779,-0.0114209,null,null,null
0.0268319,null,0.275828,null,null
-0.129137,null,null,-0.250883,null
-0.000560565,null,null,null,0.00797058
0.9927,-0.0114084,null,null,null
-0.0138829,null,0.27667,null,null
-0.17337,null,null,-0.248463,null
0.000258814,null,null,null,0.00461865
0.992724,-0.00970435,null,null,null
0.0026937,null,0.299624,null,null
-0.141241,null,null,-0.237199,null
0.00630771,null,null,null,0.00140736
0.99256,-0.00889877,null,null,null
-0.0323413,null,0.240381,null,null
-0.131417,null,null,-0.18923,null
0.00343653,null,null,null,-0.000881864
0.992711,-0.0107711,null,null,null
-0.0288964,null,0.256639,null,null
-0.172804,null,null,-0.16725,null
-0.0026547,null,null,null,-0.00181901
0.992776,-0.0110843,null,null,null
-0.0208438,null,0.253301,null,null
-0.196063,null,null,-0.15275,null
-0.00208754,null,null,null,0.00341685
0.992764,-0.01546,null,null,null
-0.0441368,null,0.285147,null,null
-0.124424,null,null,-0.190159,null
-0.00147011,null,null,null,0.00209635
0.992587,-0.0169549,null,null,null
-0.069112,null,0.246271,null,null
-0.277786,null,null,-0.133866,null
-0.00201236,null,null,null,0.00225059
0.992587,-0.0169549,null,null,null
-0.069112,null,0.246271,null,null
-0.277786,null,null,-0.133866,null
-0.00201236,null,null,null,0.00225059
0.992528,-0.0131175,null,null,null
-0.0799546,null,0.291036,null,null
-0.26905,null,null,-0.133022,null
-0.00172395,null,null,null,-0.00592719
0.992642,-0.0171828,null,null,null
-0.124669,null,0.311595,null,null
-0.25114,null,null,-0.151956,null
0.00293381,null,null,null,0.00103606
0.992585,-0.013652,null,null,null
-0.0828769,null,0.279966,null,null
-0.314444,null,null,-0.180225,null
0.000136898,null,null,null,0.00167095
0.992716,-0.0119018,null,null,null
-0.076038,null,0.337923,null,null
-0.328555,null,null,-0.139621,null
-0.00382741,null,null,null,0.000196604
0.992803,-0.0103864,null,null,null
-0.0502549,null,0.344309,null,null
-0.281949,null,null,-0.0923777,null
-0.00219257,null,null,null,0.00136008
0.992789,-0.0137057,null,null,null
0.00256129,null,0.301651,null,null
-0.364828,null,null,-0.18152,null
-0.00337309,null,null,null,0.000536386
0.992801,-0.0144951,null,null,null
0.0449222,null,0.162495,null,null
-0.334876,null,null,-0.193928,null
-0.00084725,null,null,null,-0.0016156
0.992706,-0.0205666,null,null,null
0.00544956,null,0.2139,null,null
-0.385344,null,null,-0.152523,null
-0.00178725,null,null,null,0.000560956
0.992706,-0.0205666,null,null,null
0.00544956,null,0.2139,null,null
-0.385344,null,null,-0.152523,null
-0.00178725,null,null,null,0.000560956
0.992812,-0.0110076,null,null,null
0.0345719,null,0.234863,null,null
-0.377097,null,null,-0.17366,null
-0.00309448,null,null,null,0.00366529
0.992812,-0.0110076,null,null,null
0.0345719,null,0.234863,null,null
-0.377097,null,null,-0.17366,null
-0.00309448,null,null,null,0.00366529
0.992784,-0.00468535,null,null,null
0.109386,null,0.235256,null,null
-0.337687,null,null,-0.141326,null
-0.00264586,null,null,null,-0.00205267
0.992823,-0.0115523,null,null,null
0.0574397,null,0.275315,null,null
-0.338402,null,null,-0.147995,null
-0.0043311,null,null,null,0.00475724
0.99285,-0.0064019,null,null,null
0.0715418,null,0.317887,null,null
-0.296985,null,null,-0.202929,null
0.00552056,null,null,null,-4.87845e-05
0.992914,-0.00504424,null,null,null
0.103956,null,0.320163,null,null
-0.372896,null,null,-0.202102,null
-0.00295419,null,null,null,0.000997677
0.99284,-0.00606541,null,null,null
0.0339609,null,0.299159,null,null
-0.373987,null,null,-0.13207,null
-0.00210618,null,null,null,-0.00615416
0.992792,-0.00859165,null,null,null
-0.0120941,null,0.299124,null,null
-0.352911,null,null,-0.209771,null
-0.00174892,null,null,null,0.000195704
0.992663,-0.0031698,null,null,null
-0.0423971,null,0.28034,null,null
-0.382124,null,null,-0.169085,null
-0.000398794,null,null,null,-0.00129032
0.99291,-0.00208401,null,null,null
-0.0288018,null,0.272999,null,null
-0.371319,null,null,-0.129586,null
0.00131522,null,null,null,-0.00587249
0.992865,0.00686048,null,null,null
-0.0589524,null,0.238501,null,null
-0.391706,null,null,-0.147461,null
0.00290087,null,null,null,-0.000471422
0.992864,0.0097064,null,null,null
-0.0420235,null,0.242989,null,null
-0.344991,null,null,-0.123201,null
0.00516202,null,null,null,0.00264749
0.992916,0.00530389,null,null,null
-0.0314281,null,0.219144,null,null
-0.324082,null,null,-0.131314,null
0.0076688,null,null,null,-0.0061417
0.992926,0.00282797,null,null,null
-0.0671794,null,0.274694,null,null
-0.301038,null,null,-0.123906,null
0.00717237,null,null,null,0.00271319
0.992721,-0.000855848,null,null,null
-0.0813174,null,0.23764,null,null
-0.308716,null,null,-0.106416,null
0.00325475,null,null,null,-0.000556961
0.99269,-0.0018169,null,null,null
-0.0307475,null,0.260615,null,null
-0.263232,null,null,-0.0717982,null
0.000801052,null,null,null,0.00953025
0.992792,-0.000507126,null,null,null
-0.0605644,null,0.250711,null,null
-0.235445,null,null,-0.132522,null
-0.00452959,null,null,null,0.00674906
0.992696,-0.00231866,null,null,null
-0.0695041,null,0.183322,null,null
-0.233056,null,null,-0.125156,null
-0.00177211,null,null,null,0.0046756
0.99276,0.00365459,null,null,null
-0.0656841,null,0.148689,null,null
-0.241511,null,null,-0.0869594,null
-0.000370437,null,null,null,-0.00389246
0.992762,0.00485471,null,null,null
-0.0594952,null,0.161922,null,null
-0.156669,null,null,-0.0349158,null
-0.00610054,null,null,null,-0.00383101
0.992762,0.00485471,null,null,null
-0.0594952,null,0.161922,null,null
-0.156669,null,null,-0.0349158,null
-0.00610054,null,null,null,-0.00383101
0.99287,0.00845721,null,null,null
-0.155158,null,0.170684,null,null
-0.161845,null,null,-0.0724669,null
-0.00810096,null,null,null,-0.0061712
0.992812,0.00792478,null,null,null
-0.160946,null,0.177661,null,null
-0.185282,null,null,-0.115083,null
-0.00884599,null,null,null,0.00246449
0.99267,0.0130493,null,null,null
-0.20971,null,0.190465,null,null
-0.167221,null,null,-0.124276,null
-0.00186563,null,null,null,0.00282839
0.99267,0.0152465,null,null,null
-0.221141,null,0.151397,null,null
-0.156801,null,null,-0.11942,null
-0.00648012,null,null,null,0.000172161
0.992738,0.0211693,null,null,null
-0.208955,null,0.14064,null,null
-0.108786,null,null,-0.209341,null
-0.00559225,null,null,null,8.43758e-05
0.992738,0.0211693,null,null,null
-0.208955,null,0.14064,null,null
-0.108786,null,null,-0.209341,null
-0.00559225,null,null,null,8.43758e-05
0.992487,0.022977,null,null,null
-0.220176,null,0.153429,null,null
-0.123813,null,null,-0.188416,null
-0.00366723,null,null,null,-5.6762e-05
0.992487,0.022977,null,null,null
-0.220176,null,0.153429,null,null
-0.123813,null,null,-0.188416,null
-0.00366723,null,null,null,-5.6762e-05
0.99249,0.0186149,null,null,null
-0.127756,null,0.201096,null,null
-0.121729,null,null,-0.154443,null
0.00113323,null,null,null,-0.00428835
0.99262,0.0189994,null,null,null
-0.124118,null,0.176627,null,null
-0.124136,null,null,-0.161307,null
0.000877169,null,null,null,0.000355709
0.992711,0.0161019,null,null,null
-0.0959108,null,0.274549,null,null
-0.0569916,null,null,-0.19291,null
-0.000482993,null,null,null,0.00265056
0.992675,0.00934175,null,null,null
-0.125309,null,0.236629,null,null
0.0378289,null,null,-0.197394,null
0.00665581,null,null,null,0.0116955
0.99283,0.00917795,null,null,null
-0.0539647,null,0.230907,null,null
-1.62514e-05,null,null,-0.124561,null
0.00283248,null,null,null,0.00881547
0.992924,0.0102814,null,null,null
-0.0548271,null,0.274449,null,null
-0.0758111,null,null,-0.0886629,null
-0.000251529,null,null,null,0.002309
0.992934,0.00391912,null,null,null
-0.00483594,null,0.209879,null,null
-0.11076,null,null,-0.153301,null
0.00262221,null,null,null,0.000816411
0.992788,0.00205199,null,null,null
0.083303,null,0.225409,null,null
-0.186669,null,null,-0.186518,null
-0.0036864,null,null,null,-0.00259111
0.992826,0.00539986,null,null,null
0.0131158,null,0.246229,null,null
-0.120327,null,null,-0.220711,null
-1.40336e-05,null,null,null,-0.00110168
0.993081,0.0045153,null,null,null
-0.0119793,null,0.206475,null,null
-0.132782,null,null,-0.219905,null
0.0025765,null,null,null,0.00324942
0.993081,0.0045153,null,null,null
-0.0119793,null,0.206475,null,null
-0.132782,null,null,-0.219905,null
0.0025765,null,null,null,0.00324942
0.993081,0.0045153,null,null,null
-0.0119793,null,0.206475,null,null
-0.132782,null,null,-0.219905,null
0.0025765,null,null,null,0.00324942
0.992965,0.0051485,null,null,null
0.0106814,null,0.233314,null,null
-0.117771,null,null,-0.199148,null
0.00203706,null,null,null,0.00252366
0.992909,0.00845279,null,null,null
-0.0164325,null,0.243188,null,null
-0.13028,null,null,-0.233856,null
0.00281389,null,null,null,0.00381549
0.992869,0.0115765,null,null,null
-0.0193747,null,0.211109,null,null
-0.19953,null,null,-0.168249,null
0.00131441,null,null,null,-0.000596681
0.992804,0.0154081,null,null,null
-0.0355932,null,0.136125,null,null
-0.1279,null,null,-0.249999,null
-0.00362286,null,null,null,0.00357185
0.992804,0.0154081,null,null,null
-0.0355932,null,0.136125,null,null
-0.1279,null,null,-0.249999,null
-0.00362286,null,null,null,0.00357185
0.992729,0.0191939,null,null,null
-0.0305855,null,0.150635,null,null
-0.139954,null,null,-0.263365,null
-0.00406011,null,null,null,-0.00387744
0.99285,0.0163594,null,null,null
-0.0183603,null,0.10898,null,null
-0.123615,null,null,-0.239594,null
0.000342807,null,null,null,-0.00247108
0.992853,0.015181,null,null,null
0.0116245,null,0.152381,null,null
-0.0951639,null,null,-0.311585,null
0.00521975,null,null,null,-0.000767834
0.992853,0.015181,null,null,null
0.0116245,null,0.152381,null,null
-0.0951639,null,null,-0.311585,null
0.00521975,null,null,null,-0.000767834
0.9928,0.0155609,null,null,null
0.0215116,null,0.249054,null,null
-0.156904,null,null,-0.294506,null
0.00336975,null,null,null,-0.000447794
0.993108,0.0129265,null,null,null
0.0121344,null,0.246746,null,null
-0.175601,null,null,-0.277029,null
0.00416678,null,null,null,-0.00117609
0.993108,0.0129265,null,null,null
0.0121344,null,0.246746,null,null
-0.175601,null,null,-0.277029,null
0.00416678,null,null,null,-0.00117609
0.992954,0.0111827,null,null,null
0.0590898,null,0.245049,null,null
-0.167995,null,null,-0.341232,null
0.00288576,null,null,null,0.00188155
0.992954,0.0111827,null,null,null
0.0590898,null,0.245049,null,null
-0.167995,null,null,-0.341232,null
0.00288576,null,null,null,0.00188155
0.992815,0.00957031,null,null,null
0.0658836,null,0.300005,null,null
-0.228604,null,null,-0.352774,null
-0.0012926,null,null,null,0.00357608
0.992819,0.0104642,null,null,null
0.124096,null,0.2699,null,null
-0.262977,null,null,-0.351832,null
-0.00312204,null,null,null,0.00209899
0.992799,0.00940688,null,null,null
0.0827258,null,0.218778,null,null
-0.224307,null,null,-0.319579,null
-0.00123988,null,null,null,0.00186439
0.992812,0.0101629,null,null,null
0.0851556,null,0.17667,null,null
-0.292875,null,null,-0.292982,null
-0.00215626,null,null,null,0.00250499
0.992825,0.00862866,null,null,null
0.120596,null,0.182189,null,null
-0.323915,null,null,-0.275952,null
-0.00169661,null,null,null,0.00314581
0.992994,0.00623885,null,null,null
0.189679,null,0.182549,null,null
-0.381856,null,null,-0.215266,null
0.00303684,null,null,null,-0.00248482
0.992866,0.0100155,null,null,null
0.169916,null,0.250459,null,null
-0.34557,null,null,-0.193626,null
0.00792941,null,null,null,-0.00417071
0.992644,0.00824707,null,null,null
0.184746,null,0.287224,null,null
-0.328356,null,null,-0.208009,null
0.00311714,null,null,null,0.000881206
0.992644,0.00824707,null,null,null
0.184746,null,0.287224,null,null
-0.328356,null,null,-0.208009,null
0.00311714,null,null,null,0.000881206
0.992644,0.00824707,null,null,null
0.184746,null,0.287224,null,null
-0.328356,null,null,-0.208009,null
0.00311714,null,null,null,0.000881206
0.992762,0.00590445,null,null,null
0.233899,null,0.249731,null,null
-0.32674,null,null,-0.213875,null
0.00441649,null,null,null,0.00333317
0.992754,0.00917649,null,null,null
0.174595,null,0.134724,null,null
-0.34547,null,null,-0.182179,null
-0.000213034,null,null,null,0.00313825
0.992761,0.00805205,null,null,null
0.196077,null,0.174595,null,null
-0.343549,null,null,-0.231836,null
-0.00217561,null,null,null,-0.00122197
0.992692,0.0094383,null,null,null
0.121418,null,0.202724,null,null
-0.340625,null,null,-0.222364,null
0.00217874,null,null,null,0.000341826
0.992692,0.0094383,null,null,null
0.121418,null,0.202724,null,null
-0.340625,null,null,-0.222364,null
0.00217874,null,null,null,0.000341826
0.992812,0.00976226,null,null,null
0.1095,null,0.212968,null,null
-0.319955,null,null,-0.219268,null
-0.000602816,null,null,null,-0.0034333
0.993036,0.0061656,null,null,null
0.070963,null,0.100029,null,null
-0.327404,null,null,-0.237228,null
0.00243366,null,null,null,-0.00130366
0.992974,0.00662546,null,null,null
0.076752,null,0.0974871,null,null
-0.295461,null,null,-0.238664,null
0.003049,null,null,null,-0.005873
0.992915,0.0035406,null,null,null
0.157166,null,0.125105,null,null
-0.230795,null,null,-0.250239,null
-0.00270136,null,null,null,-0.00669627
0.992915,0.0035406,null,null,null
0.157166,null,0.125105,null,null
-0.230795,null,null,-0.250239,null
-0.00270136,null,null,null,-0.00669627
0.992915,0.0035406,null,null,null
0.157166,null,0.125105,null,null
-0.230795,null,null,-0.250239,null
-0.00270136,null,null,null,-0.00669627
0.992894,0.00450576,null,null,null
0.162584,null,0.135807,null,null
-0.155794,null,null,-0.220824,null
-0.00296147,null,null,null,-0.00256194
0.992941,0.0023257,null,null,null
0.156278,null,0.128955,null,null
-0.184984,null,null,-0.293774,null
0.00292642,null,null,null,-0.0059613
0.993035,-0.001626,null,null,null
0.149895,null,0.107051,null,null
-0.182449,null,null,-0.278179,null
0.00524337,null,null,null,0.000908729
0.99292,-0.00704874,null,null,null
0.179459,null,0.157905,null,null
-0.136891,null,null,-0.252826,null
0.00283746,null,null,null,-0.00147631
0.993112,-0.00056454,null,null,null
0.190623,null,0.0912501,null,null
-0.0710323,null,null,-0.303579,null
-0.00298881,null,null,null,0.000364519
0.992951,-0.00354366,null,null,null
0.169369,null,0.0807357,null,null
-0.0204852,null,null,-0.293466,null
0.00483751,null,null,null,-0.00071138
0.992951,-0.00354366,null,null,null
0.169369,null,0.0807357,null,null
-0.0204852,null,null,-0.293466,null
0.00483751,null,null,null,-0.00071138
0.992951,-0.00354366,null,null,null
0.169369,null,0.0807357,null,null
-0.0204852,null,null,-0.293466,null
0.00483751,null,null,null,-0.00071138
0.992865,0.00196266,null,null,null
0.238535,null,0.0399605,null,null
0.0366104,null,null,-0.212212,null
-0.0013095,null,null,null,-0.00338152
0.992865,0.00196266,null,null,null
0.238535,null,0.0399605,null,null
0.0366104,null,null,-0.212212,null
-0.0013095,null,null,null,-0.00338152
0.992953,0.00357766,null,null,null
0.220892,null,0.143314,null,null
0.0167767,null,null,-0.167761,null
-0.000326632,null,null,null,0.00334924
0.992953,0.00357766,null,null,null
0.220892,null,0.143314,null,null
0.0167767,null,null,-0.167761,null
-0.000326632,null,null,null,0.00334924
0.992895,0.00803504,null,null,null
0.193305,null,0.0881369,null,null
-0.0392361,null,null,-0.214773,null
6.81186e-05,null,null,null,0.0044209
0.992847,0.0125335,null,null,null
0.14737,null,0.0258689,null,null
-0.0315104,null,null,-0.222221,null
0.0039552,null,null,null,-7.1337e-05
0.992894,0.0120453,null,null,null
0.160804,null,0.110903,null,null
0.0546796,null,null,-0.241939,null
0.00409514,null,null,null,-0.00388359
0.992834,0.0142944,null,null,null
0.176875,null,0.0570556,null,null
-0.046908,null,null,-0.265964,null
0.00129065,null,null,null,0.00306997
0.992876,0.0157772,null,null,null
0.176313,null,0.133713,null,null
-0.0385433,null,null,-0.210251,null
0.00371894,null,null,null,0.0020772
0.992734,0.0207258,null,null,null
0.192878,null,0.183954,null,null
-0.0867544,null,null,-0.244636,null
0.0046903,null,null,null,0.00304755
0.992727,0.022069,null,null,null
0.239464,null,0.172644,null,null
-0.055955,null,null,-0.188845,null
6.07262e-05,null,null,null,-0.00264844
0.99292,0.0187667,null,null,null
0.270616,null,0.178029,null,null
-0.0052115,null,null,-0.163055,null
0.00398895,null,null,null,-0.0026384
0.992866,0.022026,null,null,null
0.228378,null,0.167799,null,null
-0.016374,null,null,-0.217596,null
0.00216278,null,null,null,-0.00479918
0.992944,0.0160859,null,null,null
0.246919,null,0.143143,null,null
0.00127916,null,null,-0.214825,null
-0.00101877,null,null,null,0.00302301
0.992854,0.0171921,null,null,null
0.250981,null,0.162555,null,null
-0.037614,null,null,-0.189945,null
0.00263944,null,null,null,0.00125297
0.992854,0.0171921,null,null,null
0.250981,null,0.162555,null,null
-0.037614,null,null,-0.189945,null
0.00263944,null,null,null,0.00125297
0.992769,0.0169675,null,null,null
0.254166,null,0.203357,null,null
-0.0721966,null,null,-0.268537,null
-0.00323946,null,null,null,0.00272406
0.992714,0.0213484,null,null,null
0.238149,null,0.126405,null,null
-0.0359221,null,null,-0.246415,null
-0.00318331,null,null,null,-0.000120746
0.992927,0.0155474,null,null,null
0.294783,null,0.0989719,null,null
-0.0379949,null,null,-0.275944,null
0.000571877,null,null,null,-0.000491001
0.992971,0.0118644,null,null,null
0.295126,null,0.0524066,null,null
-0.0561864,null,null,-0.172001,null
-0.00346146,null,null,null,0.00349086
0.992918,0.0140056,null,null,null
0.31591,null,0.0482723,null,null
-0.0371541,null,null,-0.180647,null
9.73638e-06,null,null,null,0.000888695
0.992918,0.0140056,null,null,null
0.31591,null,0.0482723,null,null
-0.0371541,null,null,-0.180647,null
9.73666e-06,null,null,null,0.000888694
0.992764,0.0119602,null,null,null
0.314915,null,0.0562105,null,null
-0.0304849,null,null,-0.193754,null
-0.00437741,null,null,null,-0.00114117
0.992854,0.0118402,null,null,null
0.322842,null,0.128406,null,null
0.016295,null,null,-0.20221,null
-0.00522015,null,null,null,-0.00188389
0.992854,0.0118402,null,null,null
0.322842,null,0.128406,null,null
0.016295,null,null,-0.20221,null
-0.00522015,null,null,null,-0.00188389
0.992833,0.00930506,null,null,null
0.309833,null,0.10505,null,null
-0.0289411,null,null,-0.221128,null
-0.00151176,null,null,null,-0.00152065
0.992884,0.0110898,null,null,null
0.285766,null,0.0776861,null,null
-0.00585013,null,null,-0.243545,null
-0.000758229,null,null,null,0.00354145
0.99274,0.00633099,null,null,null
0.283938,null,0.0233546,null,null
-0.0122822,null,null,-0.217391,null
-2.89764e-05,null,null,null,-0.00164146
0.992699,0.00768457,null,null,null
0.22671,null,-0.0293711,null,null
-0.0141934,null,null,-0.143843,null
0.000180094,null,null,null,-0.000887579
0.992699,0.00768457,null,null,null
0.22671,null,-0.0293711,null,null
-0.0141934,null,null,-0.143843,null
0.000180094,null,null,null,-0.000887579
0.99251,0.0106472,null,null,null
0.257721,null,-0.033843,null,null
-0.0185561,null,null,-0.220045,null
-0.0049716,null,null,null,-0.000946928
0.992762,0.0107632,null,null,null
0.295162,null,0.0222695,null,null
0.0205478,null,null,-0.253536,null
-0.00474905,null,null,null,0.00168375
0.993019,0.00825736,null,null,null
0.251055,null,-0.0128466,null,null
0.00157088,null,null,-0.174661,null
0.0069994,null,null,null,0.00579326
0.993119,0.00949189,null,null,null
0.234991,null,-0.0169427,null,null
0.00437615,null,null,-0.193114,null
0.00150402,null,null,null,0.00123225
0.993119,0.00949189,null,null,null
0.234991,null,-0.0169427,null,null
0.00437615,null,null,-0.193114,null
0.00150402,null,null,null,0.00123225
0.993119,0.00949189,null,null,null
0.234991,null,-0.0169427,null,null
0.00437615,null,null,-0.193114,null
0.00150402,null,null,null,0.00123225
0.993041,0.0195146,null,null,null
0.276561,null,0.0337694,null,null
-0.0219839,null,null,-0.266917,null
0.000817991,null,null,null,-0.000392492
0.992979,0.0193174,null,null,null
0.280869,null,1.4772e-05,null,null
-0.0420039,null,null,-0.249803,null
0.000920445,null,null,null,8.48512e-05
0.992985,0.0207805,null,null,null
0.222991,null,-0.0207999,null,null
0.000866969,null,null,-0.245741,null
-0.000658944,null,null,null,-0.000728155
0.993064,0.0160379,null,null,null
0.259955,null,-0.0505235,null,null
0.0490526,null,null,-0.256164,null
0.00234615,null,null,null,-0.00211545
0.992926,0.0167022,null,null,null
0.201011,null,-0.0593643,null,null
-0.0205244,null,null,-0.299471,null
-0.00167466,null,null,null,-0.000548505
0.992936,0.0151203,null,null,null
0.172334,null,-0.0319222,null,null
0.0589476,null,null,-0.278056,null
-0.000664391,null,null,null,0.00133161
0.992938,0.0120765,null,null,null
0.216644,null,0.0030184,null,null
0.0582626,null,null,-0.234338,null
-0.00208596,null,null,null,0.00788653
0.992788,0.0108613,null,null,null
0.235284,null,0.00820757,null,null
0.0359019,null,null,-0.21079,null
-0.00101841,null,null,null,0.0019472
0.992975,0.00751088,null,null,null
0.25852,null,0.008505,null,null
0.0193518,null,null,-0.195905,null
0.00492256,null,null,null,0.00381671
0.992919,0.0091168,null,null,null
0.277876,null,-0.00733445,null,null
0.0219936,null,null,-0.270154,null
0.00405715,null,null,null,0.00303756
0.992919,0.0091168,null,null,null
0.277876,null,-0.00733445,null,null
0.0219936,null,null,-0.270154,null
0.00405715,null,null,null,0.00303756
0.993045,0.0061726,null,null,null
0.243314,null,-0.0603035,null,null
0.0306555,null,null,-0.264994,null
0.00400365,null,null,null,8.76212e-05
0.992875,0.00562975,null,null,null
0.210762,null,-0.089122,null,null
-0.00836007,null,null,-0.275529,null
0.00147835,null,null,null,-0.00348396
0.99298,0.00939935,null,null,null
0.24932,null,-0.0734406,null,null
0.0182178,null,null,-0.175459,null
-0.00268651,null,null,null,-0.00683098
0.992844,0.0148486,null,null,null
0.246319,null,-0.0814055,null,null
-0.0213295,null,null,-0.176476,null
0.00381815,null,null,null,-0.000319109
0.992836,0.0176326,null,null,null
0.20927,null,-0.111332,null,null
-0.0352218,null,null,-0.154206,null
-0.00294758,null,null,null,-0.00699407
0.992836,0.0176326,null,null,null
0.20927,null,-0.111332,null,null
-0.0352218,null,null,-0.154206,null
-0.00294758,null,null,null,-0.00699407
0.992664,0.0179487,null,null,null
0.197352,null,-0.129672,null,null
-0.0656407,null,null,-0.215839,null
-0.000208486,null,null,null,-0.00648373
0.99285,0.0194535,null,null,null
0.172821,null,-0.12461,null,null
-0.0463124,null,null,-0.156152,null
0.00219409,null,null,null,-0.0054648
0.992891,0.0216386,null,null,null
0.201403,null,-0.158231,null,null
-0.0759156,null,null,-0.185353,null
-0.00752209,null,null,null,-9.30482e-06
0.992862,0.0167589,null,null,null
0.197508,null,-0.121279,null,null
-0.117338,null,null,-0.136746,null
-0.000492569,null,null,null,-0.0018741
0.992827,0.0190771,null,null,null
0.251566,null,-0.058069,null,null
-0.0609634,null,null,-0.156931,null
-0.00177779,null,null,null,0.000656445
0.992827,0.0190771,null,null,null
0.251566,null,-0.058069,null,null
-0.0609634,null,null,-0.156931,null
-0.00177779,null,null,null,0.000656445
0.992733,0.018403,null,null,null
0.248106,null,-0.0322885,null,null
-0.0928449,null,null,-0.118289,null
0.00245371,null,null,null,-0.000603076
0.992601,0.0214333,null,null,null
0.216455,null,-0.0443015,null,null
-0.114851,null,null,-0.135453,null
0.00488292,null,null,null,0.00396294
0.992683,0.0154311,null,null,null
0.26681,null,-0.0398196,null,null
-0.0974157,null,null,-0.125979,null
0.00139281,null,null,null,0.00257547
0.992796,0.014799,null,null,null
0.223043,null,-0.0743366,null,null
-0.114019,null,null,-0.0888043,null
0.00183944,null,null,null,0.0019644
0.992796,0.014799,null,null,null
0.223043,null,-0.0743366,null,null
-0.114019,null,null,-0.0888043,null
0.00183944,null,null,null,0.0019644
0.99282,0.0103618,null,null,null
0.255181,null,-0.0345711,null,null
-0.127922,null,null,-0.126281,null
-0.00581229,null,null,null,-0.000757628
0.99282,0.0103618,null,null,null
0.255181,null,-0.0345711,null,null
-0.127922,null,null,-0.126281,null
-0.00581229,null,null,null,-0.000757628
0.9928,0.0104312,null,null,null
0.276018,null,-0.0714186,null,null
-0.138461,null,null,-0.116741,null
-0.000392699,null,null,null,-0.00482039
0.9928,0.00450279,null,null,null
0.25708,null,-0.0654209,null,null
-0.0660751,null,null,-0.0709183,null
0.00125374,null,null,null,-0.00181467
0.99279,0.0139774,null,null,null
0.222691,null,-0.0894531,null,null
-0.154216,null,null,-0.0583205,null
0.00411769,null,null,null,-0.0060871
0.99279,0.0139774,null,null,null
0.222691,null,-0.0894531,null,null
-0.154216,null,null,-0.0583205,null
0.00411769,null,null,null,-0.0060871
0.992771,0.0161375,null,null,null
0.283359,null,-0.088682,null,null
-0.131111,null,null,-0.1253,null
0.00482801,null,null,null,-0.00748759
0.992685,0.0175133,null,null,null
0.225348,null,-0.0498212,null,null
-0.0938963,null,null,-0.0682299,null
0.000833321,null,null,null,-0.00461829
0.992685,0.0175133,null,null,null
0.225348,null,-0.0498212,null,null
-0.0938963,null,null,-0.0682299,null
0.000833321,null,null,null,-0.00461829
0.992685,0.0175133,null,null,null
0.225348,null,-0.0498212,null,null
-0.0938963,null,null,-0.0682299,null
0.000833321,null,null,null,-0.00461829
0.992795,0.018304,null,null,null
0.225442,null,-0.0470244,null,null
-0.110247,null,null,-0.0449479,null
0.000590232,null,null,null,-0.00119669
0.992838,0.0187374,null,null,null
0.252225,null,-0.00559489,null,null
-0.066989,null,null,-0.038687,null
-0.00200807,null,null,null,-0.00485647
0.992827,0.0190141,null,null,null
0.20728,null,-0.0601195,null,null
-0.0596431,null,null,-0.011382,null
-0.00247271,null,null,null,-0.00430672
0.992676,0.0202516,null,null,null
0.192676,null,-0.00739553,null,null
-0.104611,null,null,-0.0127801,null
0.00204649,null,null,null,0.00149369
0.992556,0.0302446,null,null,null
0.198068,null,-0.0338031,null,null
-0.0936832,null,null,-0.0664123,null
0.00190491,null,null,null,0.00558724
0.992675,0.0239031,null,null,null
0.220768,null,-0.0671074,null,null
-0.0954052,null,null,-0.101419,null
0.00410477,null,null,null,-0.00140681
0.992586,0.0248002,null,null,null
0.140715,null,-0.047462,null,null
-0.138972,null,null,-0.0902101,null
-0.000682917,null,null,null,0.00366162
0.992846,0.0115674,null,null,null
0.141474,null,-0.00938373,null,null
-0.107603,null,null,-0.0869682,null
0.000435397,null,null,null,0.0052556
0.992975,0.0058289,null,null,null
0.168827,null,0.0304499,null,null
-0.115722,null,null,-0.0403026,null
0.00251396,null,null,null,0.00594102
0.992918,0.00758189,null,null,null
0.131304,null,-0.0740795,null,null
-0.16,null,null,-0.0217949,null
0.00132237,null,null,null,0.00546752
0.992823,0.00966068,null,null,null
0.146256,null,-0.0828161,null,null
-0.136166,null,null,-0.00939108,null
0.00213348,null,null,null,0.00419885
0.993004,0.00470901,null,null,null
0.0975107,null,-0.0706286,null,null
-0.0661853,null,null,-0.0239586,null
-0.000216396,null,null,null,0.00267585
0.993029,0.00722864,null,null,null
0.159436,null,-0.0488781,null,null
-0.064464,null,null,-0.0179715,null
-0.00185144,null,null,null,-0.00270109
0.993102,0.00790666,null,null,null
0.081212,null,-0.0211599,null,null
-0.0344625,null,null,-0.039523,null
-0.000503026,null,null,null,-0.00401641
0.993059,0.00385302,null,null,null
0.0849924,null,-0.00723065,null,null
-0.0201069,null,null,0.0113786,null
0.00197633,null,null,null,-0.00042889
0.993059,0.00385302,null,null,null
0.0849924,null,-0.00723065,null,null
-0.0201069,null,null,0.0113786,null
0.00197633,null,null,null,-0.00042889
0.99296,0.00208915,null,null,null
0.196082,null,0.0421945,null,null
-0.0566236,null,null,-0.0197653,null
-0.0033025,null,null,null,-0.00188694
0.992973,0.00288897,null,null,null
0.16119,null,0.0909123,null,null
-0.0225198,null,null,-0.0370019,null
-0.00212607,null,null,null,0.00472312
0.992744,0.00334154,null,null,null
0.174308,null,-0.00309706,null,null
-0.0130345,null,null,-0.0466855,null
-0.00327589,null,null,null,0.00214257
0.992591,0.0102808,null,null,null
0.0923308,null,0.0449789,null,null
-0.0261154,null,null,-0.0720168,null
-0.000338641,null,null,null,0.00108358
0.992764,0.00585275,null,null,null
0.198356,null,0.0744779,null,null
-0.0148221,null,null,-0.129579,null
0.00396446,null,null,null,-0.000121134
0.992965,0.00480525,null,null,null
0.179045,null,0.124584,null,null
-0.0812605,null,null,-0.145589,null
0.00933298,null,null,null,-0.000390334
0.993093,0.00445318,null,null,null
0.171996,null,0.129054,null,null
-0.143758,null,null,-0.136775,null
0.00177797,null,null,null,-0.00239377
0.992968,0.00806824,null,null,null
0.244188,null,0.134929,null,null
-0.10864,null,null,-0.163903,null
-0.00505377,null,null,null,-0.00228015
0.992968,0.00806824,null,null,null
0.244188,null,0.134929,null,null
-0.10864,null,null,-0.163903,null
-0.00505377,null,null,null,-0.00228015
0.992947,0.01079,null,null,null
0.25158,null,0.133539,null,null
-0.096283,null,null,-0.147621,null
0.00382386,null,null,null,-0.00385679
0.992947,0.01079,null,null,null
0.25158,null,0.133539,null,null
-0.096283,null,null,-0.147621,null
0.00382386,null,null,null,-0.00385679
0.992944,0.0106788,null,null,null
0.255774,null,0.17352,null,null
-0.103928,null,null,-0.101271,null
0.00322262,null,null,null,-0.00479054
0.992707,0.0115344,null,null,null
0.275241,null,0.167599,null,null
-0.102074,null,null,-0.144969,null
0.0051087,null,null,null,-0.00630843
0.992769,0.0120119,null,null,null
0.222309,null,0.0863581,null,null
-0.117201,null,null,-0.123096,null
0.00278035,null,null,null,-0.00221214
0.992769,0.0120119,null,null,null
0.222309,null,0.0863581,null,null
-0.117201,null,null,-0.123096,null
0.00278035,null,null,null,-0.00221214
0.992769,0.0120119,null,null,null
0.222309,null,0.0863581,null,null
-0.117201,null,null,-0.123096,null
0.00278035,null,null,null,-0.00221214
0.99272,0.0146925,null,null,null
0.17617,null,0.0713768,null,null
-0.125435,null,null,-0.144255,null
0.000382768,null,null,null,0.00361478
0.99269,0.0149074,null,null,null
0.260686,null,0.0828834,null,null
-0.141044,null,null,-0.16846,null
0.00127216,null,null,null,-0.00059805
0.992651,0.00830799,null,null,null
0.219555,null,0.115032,null,null
-0.112152,null,null,-0.190851,null
0.00066997,null,null,null,-0.0010163
0.992719,0.00468782,null,null,null
0.225816,null,0.0990791,null,null
-0.13463,null,null,-0.199832,null
-0.00121936,null,null,null,-0.00103732
0.992868,0.00133944,null,null,null
0.24018,null,0.163582,null,null
-0.154961,null,null,-0.217511,null
0.000728336,null,null,null,-0.00560365
0.992844,0.0028875,null,null,null
0.203563,null,0.138166,null,null
-0.161582,null,null,-0.251028,null
-0.000806454,null,null,null,-0.0037035
0.99287,0.00544167,null,null,null
0.16955,null,0.148805,null,null
-0.149279,null,null,-0.207519,null
0.00500888,null,null,null,0.00507169
0.99293,0.00514839,null,null,null
0.151864,null,0.185494,null,null
-0.157921,null,null,-0.215134,null
0.00545389,null,null,null,0.00467
0.993114,0.00635646,null,null,null
0.172132,null,0.156396,null,null
-0.115244,null,null,-0.313038,null
-0.00152581,null,null,null,0.00239807
0.99304,0.00944543,null,null,null
0.13385,null,0.230945,null,null
-0.137804,null,null,-0.282529,null
-0.00301425,null,null,null,0.000676443
0.992976,0.0104509,null,null,null
0.242193,null,0.17535,null,null
-0.168066,null,null,-0.224662,null
0.00416772,null,null,null,0.0029415
0.992994,0.0100201,null,null,null
0.267473,null,0.196344,null,null
-0.0923609,null,null,-0.192696,null
0.000615497,null,null,null,0.00442449
0.993015,0.00783651,null,null,null
0.25976,null,0.246026,null,null
-0.101688,null,null,-0.137245,null
0.0044951,null,null,null,0.00380715
0.99299,0.0126244,null,null,null
0.243578,null,0.216278,null,null
-0.152223,null,null,-0.200486,null
0.0020729,null,null,null,-0.00027052
0.99302,0.00686989,null,null,null
0.187586,null,0.177581,null,null
-0.125705,null,null,-0.217054,null
0.001675,null,null,null,0.00151559
0.992982,-0.00578136,null,null,null
0.232886,null,0.216842,null,null
-0.124685,null,null,-0.239691,null
-0.00319001,null,null,null,0.0036693
0.993017,-0.00556819,null,null,null
0.246721,null,0.22727,null,null
-0.158119,null,null,-0.228591,null
0.00287084,null,null,null,0.00142289
0.992934,-0.0087991,null,null,null
0.313248,null,0.209959,null,null
-0.154328,null,null,-0.303465,null
0.00475834,null,null,null,-0.00281126
0.992955,-0.0122531,null,null,null
0.401334,null,0.274865,null,null
-0.144531,null,null,-0.29356,null
0.00486048,null,null,null,0.000513033
0.992955,-0.0122531,null,null,null
0.401334,null,0.274865,null,null
-0.144531,null,null,-0.29356,null
0.00486048,null,null,null,0.000513033
0.99293,-0.0102432,null,null,null
0.353375,null,0.24798,null,null
-0.222589,null,null,-0.300795,null
0.000520904,null,null,null,-0.0046287
0.9929,-0.010923,null,null,null
0.325138,null,0.236155,null,null
-0.164769,null,null,-0.297376,null
0.00481465,null,null,null,-0.00106668
0.993011,-0.0045864,null,null,null
0.36727,null,0.268695,null,null
-0.179287,null,null,-0.322342,null
-0.000714045,null,null,null,0.0027825
0.993086,-0.00488106,null,null,null
0.351658,null,0.286046,null,null
-0.136424,null,null,-0.298598,null
0.00280423,null,null,null,0.000207674
0.993158,-0.00647461,null,null,null
0.264425,null,0.280942,null,null
-0.175909,null,null,-0.342341,null
0.00287,null,null,null,-0.000997119
0.992965,-0.00832191,null,null,null
0.273585,null,0.288319,null,null
-0.176851,null,null,-0.303243,null
0.00751796,null,null,null,0.000740416
0.992989,-0.00717055,null,null,null
0.30354,null,0.301092,null,null
-0.144116,null,null,-0.226011,null
0.00564244,null,null,null,-0.000169186
0.9929,-0.00854352,null,null,null
0.344191,null,0.191226,null,null
-0.142459,null,null,-0.21586,null
0.00723701,null,null,null,-0.00646795
0.992979,-0.00658025,null,null,null
0.32006,null,0.23072,null,null
-0.137791,null,null,-0.25021,null
0.00363115,null,null,null,-0.00345016
0.992942,-0.00567414,null,null,null
0.313766,null,0.224635,null,null
-0.125444,null,null,-0.224757,null
0.00290712,null,null,null,-0.00660754
0.993061,-0.00643459,null,null,null
0.341687,null,0.166903,null,null
-0.14305,null,null,-0.221287,null
-0.00310641,null,null,null,-0.00271494
0.993047,-0.0103467,null,null,null
0.387184,null,0.166109,null,null
-0.115386,null,null,-0.292824,null
-0.00232206,null,null,null,0.00382848
0.992981,-0.0141504,null,null,null
0.386738,null,0.121987,null,null
-0.110052,null,null,-0.149605,null
-0.00372921,null,null,null,0.00144101
0.992999,-0.0119395,null,null,null
0.389277,null,0.15614,null,null
-0.065658,null,null,-0.174085,null
0.000766586,null,null,null,0.00718608
0.993065,-0.00769362,null,null,null
0.424745,null,0.0730545,null,null
-0.110158,null,null,-0.147951,null
-0.000844392,null,null,null,-0.00181347
0.992908,-0.00749921,null,null,null
0.39708,null,0.0287996,null,null
-0.108836,null,null,-0.196139,null
-0.00681034,null,null,null,-0.000967829
0.993145,-0.00259273,null,null,null
0.328912,null,0.0904158,null,null
-0.137744,null,null,-0.109562,null
-0.00258655,null,null,null,-0.00163884
0.993115,-0.000351485,null,null,null
0.37882,null,0.097826,null,null
-0.178295,null,null,-0.0915788,null
0.00206996,null,null,null,0.000157939
0.993115,-0.000351485,null,null,null
0.37882,null,0.097826,null,null
-0.178295,null,null,-0.0915788,null
0.00206996,null,null,null,0.000157939
0.993194,0.00492931,null,null,null
0.414985,null,0.123902,null,null
-0.15276,null,null,-0.138186,null
0.00287286,null,null,null,0.00143556
0.993012,0.00197871,null,null,null
0.37995,null,0.0585379,null,null
-0.189354,null,null,-0.17098,null
0.000405179,null,null,null,0.00247254
0.993012,0.00197871,null,null,null
0.37995,null,0.0585379,null,null
-0.189354,null,null,-0.17098,null
0.000405179,null,null,null,0.00247254
0.993141,0.00326256,null,null,null
0.376206,null,0.0980744,null,null
-0.179139,null,null,-0.114194,null
-0.00189676,null,null,null,-0.00164309
0.99302,0.00252434,null,null,null
0.397609,null,0.0819624,null,null
-0.108656,null,null,-0.0990443,null
-0.00536028,null,null,null,-4.2059e-05
0.993106,0.00171795,null,null,null
0.416637,null,0.147495,null,null
-0.148384,null,null,-0.0525989,null
-0.00283841,null,null,null,0.00150288
0.993071,0.00603541,null,null,null
0.262757,null,0.165056,null,null
-0.167936,null,null,-0.101709,null
0.000361481,null,null,null,-0.0047245
0.992955,0.00618716,null,null,null
0.250455,null,0.139625,null,null
-0.13296,null,null,-0.0632205,null
0.00119899,null,null,null,0.000168394
0.992844,0.00672955,null,null,null
0.155105,null,0.156732,null,null
-0.207871,null,null,-0.151054,null
-0.000143472,null,null,null,0.00376869
0.992927,0.0131079,null,null,null
0.181025,null,0.156546,null,null
-0.251088,null,null,-0.13748,null
-0.00448621,null,null,null,0.0023342
0.992927,0.0131079,null,null,null
0.181025,null,0.156546,null,null
-0.251088,null,null,-0.13748,null
-0.00448621,null,null,null,0.0023342
0.992927,0.0131079,null,null,null
0.181025,null,0.156546,null,null
-0.251088,null,null,-0.13748,null
-0.00448621,null,null,null,0.0023342
0.992927,0.0131079,null,null,null
0.181025,null,0.156546,null,null
-0.251088,null,null,-0.13748,null
-0.00448621,null,null,null,0.0023342
0.992974,0.0156384,null,null,null
0.204245,null,0.0918547,null,null
-0.238467,null,null,-0.257171,null
-0.00230745,null,null,null,-0.00130879
0.992874,0.0132486,null,null,null
0.22295,null,0.0846818,null,null
-0.148471,null,null,-0.24368,null
-4.81577e-05,null,null,null,-0.00405545
0.992874,0.0132486,null,null,null
0.22295,null,0.0846818,null,null
-0.148471,null,null,-0.24368,null
-4.81577e-05,null,null,null,-0.00405545
0.992874,0.0132486,null,null,null
0.22295,null,0.0846818,null,null
-0.148471,null,null,-0.24368,null
-4.81576e-05,null,null,null,-0.00405545
0.992874,0.0132486,null,null,null
0.22295,null,0.0846818,null,null
-0.148471,null,null,-0.24368,null
-4.81576e-05,null,null,null,-0.00405545
0.992686,0.018236,null,null,null
0.130073,null,0.0485577,null,null
-0.138406,null,null,-0.242371,null
-0.000756279,null,null,null,6.55014e-05
0.992753,0.0108121,null,null,null
0.120306,null,0.027891,null,null
-0.16171,null,null,-0.216595,null
-0.00470976,null,null,null,0.00178704
0.992891,0.010577,null,null,null
0.158218,null,0.0398763,null,null
-0.122538,null,null,-0.216789,null
-0.00491329,null,null,null,0.00237371
0.992825,0.00617035,null,null,null
0.141706,null,0.0396135,null,null
-0.112222,null,null,-0.184441,null
-0.00608165,null,null,null,0.00524554
0.992825,0.00617035,null,null,null
0.141706,null,0.0396135,null,null
-0.112222,null,null,-0.184441,null
-0.00608165,null,null,null,0.00524554
0.992756,0.00884096,null,null,null
0.0823739,null,0.0477275,null,null
-0.104688,null,null,-0.18187,null
-0.000753374,null,null,null,0.000183128
0.992815,0.00626429,null,null,null
0.0876534,null,0.047491,null,null
-0.0913494,null,null,-0.24268,null
0.00034651,null,null,null,0.00850946
0.992815,0.00626429,null,null,null
0.0876534,null,0.047491,null,null
-0.0913494,null,null,-0.24268,null
0.00034651,null,null,null,0.00850946
0.992977,0.0042155,null,null,null
0.128706,null,0.0350941,null,null
-0.0670331,null,null,-0.275921,null
0.00143626,null,null,null,0.0085081
0.992926,0.00808224,null,null,null
0.16653,null,0.013894,null,null
-0.160816,null,null,-0.276681,null
0.00212549,null,null,null,-0.000761208
0.992926,0.00808224,null,null,null
0.16653,null,0.013894,null,null
-0.160816,null,null,-0.276681,null
0.00212549,null,null,null,-0.000761208
0.99296,0.00919235,null,null,null
0.0928273,null,0.0340625,null,null
-0.197632,null,null,-0.239868,null
0.00322105,null,null,null,-0.00513664
0.993051,0.0116249,null,null,null
0.140866,null,0.0298019,null,null
-0.208529,null,null,-0.271001,null
0.00404242,null,null,null,0.00317796
0.993077,0.0138041,null,null,null
0.0458351,null,0.00185924,null,null
-0.185996,null,null,-0.177556,null
-0.00523194,null,null,null,0.00550805
0.992912,0.0181634,null,null,null
0.0767405,null,0.0738223,null,null
-0.189532,null,null,-0.163295,null
-0.00491453,null,null,null,0.00709016
0.992881,0.0175575,null,null,null
0.10328,null,0.0418688,null,null
-0.187721,null,null,-0.211076,null
0.00100681,null,null,null,0.00036643
0.992827,0.019564,null,null,null
0.0480089,null,0.0377653,null,null
-0.175686,null,null,-0.194812,null
-0.00268377,null,null,null,0.00131461
0.992679,0.0172762,null,null,null
0.0415226,null,0.00832345,null,null
-0.113519,null,null,-0.210834,null
-0.00217863,null,null,null,-0.00742969
0.992714,0.026695,null,null,null
0.116599,null,0.0549405,null,null
-0.163662,null,null,-0.164719,null
-0.00336321,null,null,null,-0.00275642
0.992745,0.0261701,null,null,null
0.10638,null,0.055785,null,null
-0.116875,null,null,-0.139967,null
-0.00234489,null,null,null,-0.00160185
0.99279,0.0232315,null,null,null
0.0982588,null,0.0700002,null,null
-0.14619,null,null,-0.201961,null
-0.0062525,null,null,null,-0.00123067
0.992799,0.0232954,null,null,null
0.0685234,null,0.0565884,null,null
-0.229779,null,null,-0.088937,null
-0.00637716,null,null,null,-0.00156205
0.992953,0.0209308,null,null,null
0.101018,null,0.0810554,null,null
-0.18721,null,null,-0.142305,null
0.000492761,null,null,null,-0.00473709
0.992977,0.0148909,null,null,null
0.166689,null,-0.00610693,null,null
-0.167904,null,null,-0.216005,null
0.00235099,null,null,null,-0.000359938
0.993077,0.00580524,null,null,null
0.118193,null,0.0225995,null,null
-0.188364,null,null,-0.160461,null
0.00728559,null,null,null,8.88534e-05
0.993077,0.00580524,null,null,null
0.118193,null,0.0225995,null,null
-0.188364,null,null,-0.160461,null
0.00728559,null,null,null,8.88534e-05
0.993043,0.0055609,null,null,null
0.134403,null,0.0523576,null,null
-0.180964,null,null,-0.19256,null
0.00755609,null,null,null,-0.00364286
0.992949,0.00646625,null,null,null
0.0875636,null,0.137989,null,null
-0.183583,null,null,-0.188736,null
0.00103974,null,null,null,0.00258312
0.992866,0.00688038,null,null,null
0.09485,null,0.0693165,null,null
-0.155639,null,null,-0.109613,null
-0.00154894,null,null,null,0.00425891
0.992622,0.0165731,null,null,null
0.0721636,null,0.00938641,null,null
-0.198052,null,null,-0.0859951,null
-0.000888205,null,null,null,-0.00139461
0.992622,0.0165731,null,null,null
0.0721636,null,0.00938641,null,null
-0.198052,null,null,-0.0859951,null
-0.000888205,null,null,null,-0.00139461
0.992805,0.0156384,null,null,null
0.034709,null,0.010935,null,null
-0.238292,null,null,-0.0620961,null
0.00365489,null,null,null,0.00709925
0.992906,0.0108696,null,null,null
0.0416094,null,0.00881855,null,null
-0.261198,null,null,-0.060766,null
0.00698586,null,null,null,-0.00162085
0.992853,0.0128289,null,null,null
0.0320414,null,0.0304194,null,null
-0.267529,null,null,-0.0494019,null
0.00338707,null,null,null,0.00038788
0.992677,0.0109341,null,null,null
0.0694569,null,-0.014006,null,null
-0.26879,null,null,-0.0522006,null
0.0028525,null,null,null,-0.00060535
0.992661,0.00541992,null,null,null
0.0126342,null,0.0255312,null,null
-0.279724,null,null,-0.038675,null
0.00349999,null,null,null,0.00740134
0.992661,0.00541992,null,null,null
0.0126342,null,0.0255312,null,null
-0.279724,null,null,-0.038675,null
0.00349999,null,null,null,0.00740134
0.992762,0.0108614,null,null,null
0.038455,null,-0.00787815,null,null
-0.351307,null,null,0.0496419,null
-0.00307336,null,null,null,0.00591417
0.992646,0.00948827,null,null,null
0.00302913,null,-0.0536527,null,null
-0.340985,null,null,0.0318782,null
-0.0043523,null,null,null,0.00558969
0.992646,0.00948827,null,null,null
0.00302913,null,-0.0536527,null,null
-0.340985,null,null,0.0318782,null
-0.0043523,null,null,null,0.00558969
0.992829,0.00336345,null,null,null
0.0323506,null,-0.0554011,null,null
-0.342583,null,null,0.0910614,null
-0.00365275,null,null,null,0.00675822
0.992826,0.0081596,null,null,null
0.0259501,null,-0.00946687,null,null
-0.35318,null,null,-0.00729385,null
-0.000498869,null,null,null,0.00137714
0.992775,0.00724933,null,null,null
-0.0175181,null,-0.00572953,null,null
-0.326298,null,null,0.0857027,null
-0.00315337,null,null,null,0.00035129
0.992779,0.0074426,null,null,null
-0.0298835,null,0.0191977,null,null
-0.305708,null,null,0.0942035,null
-0.00546019,null,null,null,0.000885938
0.993021,0.00818468,null,null,null
-0.055804,null,-0.0383929,null,null
-0.30151,null,null,0.123042,null
-0.0056235,null,null,null,0.00426451
0.992961,0.00935981,null,null,null
-0.0969867,null,-0.0533617,null,null
-0.277825,null,null,0.108823,null
0.00128715,null,null,null,0.00491338
0.992958,0.00551839,null,null,null
-0.0166225,null,-0.115136,null,null
-0.23095,null,null,0.129726,null
0.00256083,null,null,null,-0.00195342
0.993077,0.00923574,null,null,null
0.0353976,null,-0.0371844,null,null
-0.284438,null,null,0.0635346,null
0.00694671,null,null,null,-0.00213301
0.993016,0.00253891,null,null,null
-0.00912419,null,-0.125638,null,null
-0.333257,null,null,0.0980721,null
-0.00158964,null,null,null,0.00252785
0.993029,0.0041126,null,null,null
0.032289,null,-0.159623,null,null
-0.314604,null,null,0.158568,null
-0.00395364,null,null,null,0.00275139
0.992985,0.00123884,null,null,null
-0.00561376,null,-0.129319,null,null
-0.311235,null,null,0.0806232,null
-0.00656181,null,null,null,-0.00197581
0.992969,0.000853856,null,null,null
0.00442607,null,-0.113451,null,null
-0.311814,null,null,0.0267333,null
0.0013751,null,null,null,0.00313031
0.993026,0.000888694,null,null,null
0.0320769,null,-0.12318,null,null
-0.22352,null,null,0.0206738,null
0.00174399,null,null,null,0.000775694
0.99294,-0.000209781,null,null,null
-0.0069748,null,-0.125273,null,null
-0.284689,null,null,0.0336179,null
-0.0012776,null,null,null,-0.00382979
0.99294,-0.000209781,null,null,null
-0.0069748,null,-0.125273,null,null
-0.284689,null,null,0.0336179,null
-0.0012776,null,null,null,-0.00382979
0.992896,-0.0030183,null,null,null
-0.0163536,null,-0.0646306,null,null
-0.23272,null,null,-0.00343256,null
0.00081775,null,null,null,0.00166749
0.992896,-0.0030183,null,null,null
-0.0163536,null,-0.0646306,null,null
-0.23272,null,null,-0.00343256,null
0.00081775,null,null,null,0.00166749
0.992896,-0.0030183,null,null,null
-0.0163536,null,-0.0646306,null,null
-0.23272,null,null,-0.00343256,null
0.00081775,null,null,null,0.00166749
0.992856,0.000203356,null,null,null
0.00109887,null,-0.00952644,null,null
-0.183011,null,null,0.0385052,null
0.001474,null,null,null,-0.0022056
0.992816,0.00393315,null,null,null
0.0506571,null,0.0322959,null,null
-0.236244,null,null,0.0368216,null
0.002566,null,null,null,-0.000123226
0.992879,0.00665169,null,null,null
0.021368,null,0.00831469,null,null
-0.161559,null,null,0.0347903,null
0.00333269,null,null,null,0.00654578
0.992839,0.00720905,null,null,null
0.0876546,null,-0.0584208,null,null
-0.181649,null,null,0.05422,null
0.00434606,null,null,null,0.000898349
0.992914,0.00954211,null,null,null
0.0550239,null,-0.0209865,null,null
-0.103374,null,null,0.0692114,null
-0.00163902,null,null,null,-0.000176131
0.992849,0.00844185,null,null,null
-0.0038493,null,-0.0320641,null,null
-0.165239,null,null,0.0989559,null
0.00212717,null,null,null,0.00190577
0.992849,0.00844185,null,null,null
-0.0038493,null,-0.0320641,null,null
-0.165239,null,null,0.0989559,null
0.00212717,null,null,null,0.00190577
0.992926,0.00667901,null,null,null
0.0427408,null,0.0174398,null,null
-0.119082,null,null,0.124929,null
0.00221174,null,null,null,0.00780625
0.992926,0.00667901,null,null,null
0.0427408,null,0.0174398,null,null
-0.119082,null,null,0.124929,null
0.00221174,null,null,null,0.00780625
0.993027,0.00880513,null,null,null
0.00901294,null,-0.00017745,null,null
-0.110976,null,null,0.0921011,null
0.000684609,null,null,null,0.0021776
0.992904,0.00745342,null,null,null
0.0833579,null,0.102288,null,null
-0.206755,null,null,0.155298,null
-0.00329401,null,null,null,-0.00414563
0.992751,0.0123856,null,null,null
0.159314,null,0.0462765,null,null
-0.23449,null,null,0.177262,null
-0.00572541,null,null,null,0.000878932
0.992854,0.00741071,null,null,null
0.175264,null,0.0930106,null,null
-0.236776,null,null,0.059578,null
-0.00160231,null,null,null,-0.000557239
0.992909,0.0038073,null,null,null
0.130005,null,0.0554664,null,null
-0.212427,null,null,0.0569733,null
-0.0064713,null,null,null,-0.00418626
0.992909,0.0038073,null,null,null
0.130005,null,0.0554664,null,null
-0.212427,null,null,0.0569733,null
-0.0064713,null,null,null,-0.00418626
0.992909,0.0038073,null,null,null
0.130005,null,0.0554664,null,null
-0.212427,null,null,0.0569733,null
-0.0064713,null,null,null,-0.00418626
0.992735,0.00505244,null,null,null
0.0822966,null,-0.0657365,null,null
-0.245664,null,null,0.0336383,null
-0.011626,null,null,null,-0.00159361
0.992735,0.00505244,null,null,null
0.0822966,null,-0.0657365,null,null
-0.245664,null,null,0.0336383,null
-0.011626,null,null,null,-0.00159361
0.992841,0.00751205,null,null,null
0.0860975,null,-0.00384571,null,null
-0.283293,null,null,0.0245124,null
-0.00824672,null,null,null,-0.000213727
0.992871,0.009776,null,null,null
0.0621312,null,0.0849307,null,null
-0.224355,null,null,0.0591356,null
-0.00558557,null,null,null,0.00141733
0.992884,0.0107982,null,null,null
0.0410266,null,0.107318,null,null
-0.219848,null,null,0.0726592,null
-0.00438155,null,null,null,-0.00360201
0.993001,0.0125735,null,null,null
0.0751474,null,0.068752,null,null
-0.184745,null,null,0.0859911,null
0.00223816,null,null,null,-0.0104955
0.992873,0.010008,null,null,null
0.109495,null,0.0899301,null,null
-0.174967,null,null,0.0837249,null
0.00348264,null,null,null,-0.00161541
0.992892,0.00993475,null,null,null
0.0656156,null,0.0542981,null,null
-0.235113,null,null,0.0343719,null
0.00229298,null,null,null,-0.00321506
0.992803,0.00999694,null,null,null
0.0447104,null,0.0877042,null,null
-0.199156,null,null,0.0655194,null
0.00198224,null,null,null,-0.000531316
0.992856,0.0130607,null,null,null
0.0480485,null,0.0451849,null,null
-0.200423,null,null,0.0676059,null
0.00322885,null,null,null,0.000520356
0.992945,0.00340455,null,null,null
0.0419247,null,0.0121188,null,null
-0.228881,null,null,0.0982656,null
0.00176399,null,null,null,-0.00219876
0.993071,0.000281666,null,null,null
0.0485399,null,0.053623,null,null
-0.224843,null,null,0.0800245,null
0.000869779,null,null,null,-0.00132393
0.992958,0.00254047,null,null,null
0.042826,null,0.0605993,null,null
-0.225022,null,null,0.12129,null
-0.002091,null,null,null,0.00301857
0.993065,0.000912359,null,null,null
0.0564451,null,-0.0137811,null,null
-0.128371,null,null,0.0620585,null
-0.00671816,null,null,null,-0.004013
0.992941,-0.00178222,null,null,null
0.076684,null,0.0796266,null,null
-0.241486,null,null,0.0281983,null
-0.00815647,null,null,null,-0.00646343
0.992953,0.00303434,null,null,null
0.0409245,null,0.0111042,null,null
-0.18482,null,null,-0.0132411,null
-0.00060804,null,null,null,0.000845809
0.992938,0.00208659,null,null,null
0.0664634,null,-0.0592404,null,null
-0.189628,null,null,-0.0291283,null
-0.00404235,null,null,null,-0.00240836
0.993061,0.000663257,null,null,null
0.0768377,null,-0.0752754,null,null
-0.114419,null,null,-0.018691,null
-0.00261121,null,null,null,0.00387665
0.993076,0.00449184,null,null,null
0.0718414,null,-0.0465565,null,null
-0.106161,null,null,0.00904689,null
0.00117287,null,null,null,-0.00514603
0.993164,0.00569608,null,null,null
0.0617984,null,-0.0883626,null,null
-0.123494,null,null,0.0444836,null
-0.000137895,null,null,null,-0.000358827
0.993102,0.00146023,null,null,null
0.0552303,null,-0.0100797,null,null
-0.0551464,null,null,0.044553,null
-0.00427091,null,null,null,0.00485676
0.993032,0.00658988,null,null,null
0.0382033,null,-0.046034,null,null
-0.111119,null,null,0.0162646,null
-0.00391169,null,null,null,0.00180992
0.992829,0.00896974,null,null,null
-0.0156608,null,-0.0433803,null,null
-0.173214,null,null,-0.0188799,null
-0.00272625,null,null,null,-0.000275576
0.992929,0.00746255,null,null,null
-0.0528266,null,-0.0223349,null,null
-0.0897025,null,null,-0.0230405,null
0.00148494,null,null,null,-0.00107243
0.992827,0.00876333,null,null,null
0.0384884,null,-0.0396248,null,null
-0.085957,null,null,-0.0599704,null
-0.00526026,null,null,null,0.000815013
0.992889,0.0160011,null,null,null
0.0810069,null,-0.0160779,null,null
-0.0922099,null,null,-0.0396818,null
-0.00578838,null,null,null,0.00145163
0.993016,0.00559615,null,null,null
0.0359843,null,-0.00403929,null,null
-0.0971792,null,null,-0.00820145,null
0.00252231,null,null,null,0.000512615
0.992986,0.00224535,null,null,null
0.0359092,null,0.0271298,null,null
-0.0974805,null,null,-0.0365333,null
0.00208591,null,null,null,0.00344193
0.992986,0.00224535,null,null,null
0.0359092,null,0.0271298,null,null
-0.0974805,null,null,-0.0365333,null
0.00208591,null,null,null,0.00344193
0.993019,-0.000613404,null,null,null
0.08624,null,0.00941492,null,null
-0.146095,null,null,-0.0300691,null
0.00156497,null,null,null,-0.00208727
0.993093,0.00242593,null,null,null
0.0678309,null,0.0562778,null,null
-0.170838,null,null,-0.0206973,null
-0.00425936,null,null,null,-0.00525298
0.993217,-0.00193437,null,null,null
0.0383876,null,0.0899069,null,null
-0.175165,null,null,-0.0386838,null
0.00199715,null,null,null,-0.0017988
0.993243,0.000955592,null,null,null
-0.026931,null,0.0856112,null,null
-0.11132,null,null,-0.041068,null
0.00147499,null,null,null,-0.00130911
0.993243,0.000955592,null,null,null
-0.026931,null,0.0856112,null,null
-0.11132,null,null,-0.041068,null
0.00147499,null,null,null,-0.00130911
0.993085,0.00163061,null,null,null
-0.0804486,null,0.083975,null,null
-0.13799,null,null,-0.0861456,null
-0.00847824,null,null,null,-0.00431794
0.993085,0.00163061,null,null,null
-0.0804486,null,0.083975,null,null
-0.13799,null,null,-0.0861456,null
-0.00847824,null,null,null,-0.00431794
0.993085,0.000598882,null,null,null
-0.0471825,null,0.113995,null,null
-0.125603,null,null,-0.106239,null
-0.00122829,null,null,null,-0.00385518
0.992949,-0.00511685,null,null,null
-0.0331658,null,0.130516,null,null
-0.121921,null,null,-0.0776805,null
0.00201665,null,null,null,-0.0020194
0.993011,-0.00311778,null,null,null
-0.085052,null,0.0883387,null,null
-0.107228,null,null,-0.0963594,null
0.00336969,null,null,null,-0.00729515
0.993011,-0.00311778,null,null,null
-0.085052,null,0.0883387,null,null
-0.107228,null,null,-0.0963594,null
0.00336969,null,null,null,-0.00729515
0.993011,-0.00311778,null,null,null
-0.085052,null,0.0883387,null,null
-0.107228,null,null,-0.0963594,null
0.00336969,null,null,null,-0.00729515
0.993011,-0.00311778,null,null,null
-0.085052,null,0.0883387,null,null
-0.107228,null,null,-0.0963594,null
0.00336969,null,null,null,-0.00729515
0.993055,0.00156568,null,null,null
-0.0235154,null,0.111331,null,null
-0.114391,null,null,-0.081512,null
0.00160834,null,null,null,-0.00558244
0.993,0.0092789,null,null,null
-0.030115,null,0.0791714,null,null
-0.150915,null,null,-0.083604,null
0.00307764,null,null,null,-0.00442929
0.99281,0.0159985,null,null,null
-0.106683,null,0.0574504,null,null
-0.143678,null,null,-0.0484784,null
0.00311706,null,null,null,-0.00748827
0.992814,0.0172034,null,null,null
-0.0881561,null,0.11131,null,null
-0.120118,null,null,-0.0742839,null
0.0067525,null,null,null,-0.0029943
0.992776,0.0218736,null,null,null
-0.111328,null,0.125439,null,null
-0.115513,null,null,-0.103097,null
0.00958895,null,null,null,-0.00790815
0.99269,0.0218244,null,null,null
-0.0941053,null,0.128144,null,null
-0.113205,null,null,0.00831236,null
0.00783215,null,null,null,0.00157446
0.99269,0.0218244,null,null,null
-0.0941053,null,0.128144,null,null
-0.113205,null,null,0.00831236,null
0.00783215,null,null,null,0.00157446
0.99269,0.0218244,null,null,null
-0.0941053,null,0.128144,null,null
-0.113205,null,null,0.00831236,null
0.00783215,null,null,null,0.00157446
0.992651,0.0231252,null,null,null
-0.0895441,null,0.144126,null,null
-0.0933991,null,null,-0.0415775,null
0.00620211,null,null,null,-0.00512846
0.992498,0.0248695,null,null,null
-0.0977101,null,0.129325,null,null
-0.0818959,null,null,-0.112985,null
0.00396073,null,null,null,0.000108468
0.992483,0.0234896,null,null,null
-0.0905141,null,0.166024,null,null
-0.0642458,null,null,-0.023357,null
0.00358099,null,null,null,-0.00508349
0.992769,0.014675,null,null,null
-0.0847131,null,0.181595,null,null
-0.0865134,null,null,-0.00316209,null
-0.00387004,null,null,null,-0.00318711
0.992622,0.0154125,null,null,null
-0.0850461,null,0.211762,null,null
-0.110907,null,null,-0.0859381,null
-0.00295746,null,null,null,-0.00700024
0.992622,0.0154125,null,null,null
-0.0850461,null,0.211762,null,null
-0.110907,null,null,-0.0859381,null
-0.00295746,null,null,null,-0.00700024
0.992738,0.0169954,null,null,null
-0.134063,null,0.220968,null,null
-0.13965,null,null,-0.0303348,null
0.000722821,null,null,null,-0.00145154
0.992738,0.0169954,null,null,null
-0.134063,null,0.220968,null,null
-0.13965,null,null,-0.0303348,null
0.000722821,null,null,null,-0.00145154
0.992738,0.0169954,null,null,null
-0.134063,null,0.220968,null,null
-0.13965,null,null,-0.0303348,null
0.000722821,null,null,null,-0.00145154
0.992986,0.0154481,null,null,null
-0.1497,null,0.264319,null,null
-0.154474,null,null,0.00734598,null
-0.0031302,null,null,null,0.00125919
0.99301,0.0143131,null,null,null
-0.137,null,0.271713,null,null
-0.156931,null,null,-0.0160296,null
-0.00429018,null,null,null,0.00540259
0.992931,0.0132735,null,null,null
-0.135314,null,0.252515,null,null
-0.135749,null,null,0.0170746,null
-0.00679273,null,null,null,0.00642214
0.993053,0.0118897,null,null,null
-0.142354,null,0.275836,null,null
-0.1353,null,null,0.0244669,null
-0.00580206,null,null,null,0.000690434
0.993053,0.0118897,null,null,null
-0.142354,null,0.275836,null,null
-0.1353,null,null,0.0244669,null
-0.00580206,null,null,null,0.000690434
0.992909,0.0131086,null,null,null
-0.155213,null,0.242106,null,null
-0.121131,null,null,0.0460184,null
0.00378834,null,null,null,0.00580104
0.992836,0.0162077,null,null,null
-0.215915,null,0.227414,null,null
-0.128376,null,null,0.045144,null
-0.00321495,null,null,null,0.00488966
0.992836,0.0162077,null,null,null
-0.215915,null,0.227414,null,null
-0.128376,null,null,0.045144,null
-0.00321495,null,null,null,0.00488966
0.992836,0.0162077,null,null,null
-0.215915,null,0.227414,null,null
-0.128376,null,null,0.045144,null
-0.00321495,null,null,null,0.00488966
0.993041,0.0117126,null,null,null
-0.136064,null,0.237646,null,null
-0.104011,null,null,0.0936363,null
-0.00509836,null,null,null,0.00466054
0.992659,0.0167391,null,null,null
-0.0804722,null,0.253201,null,null
-0.0719136,null,null,0.129378,null
-0.0040383,null,null,null,0.00236724
0.992569,0.0231158,null,null,null
-0.0822089,null,0.251834,null,null
-0.0406184,null,null,0.143169,null
0.00109266,null,null,null,-0.00137701
0.992475,0.0261247,null,null,null
-0.135166,null,0.314621,null,null
-0.0334677,null,null,0.190029,null
-0.00283846,null,null,null,-0.00343614
0.992718,0.0216481,null,null,null
-0.197903,null,0.321904,null,null
-0.0266001,null,null,0.158779,null
0.000135593,null,null,null,0.00159429
0.992725,0.0199604,null,null,null
-0.182572,null,0.320983,null,null
0.00665455,null,null,0.149707,null
-0.0041959,null,null,null,0.00302136
0.992811,0.0164998,null,null,null
-0.165044,null,0.317875,null,null
-0.0562289,null,null,0.124448,null
0.000882098,null,null,null,0.010598
0.992811,0.0164998,null,null,null
-0.165044,null,0.317875,null,null
-0.0562289,null,null,0.124448,null
0.000882098,null,null,null,0.010598
0.992668,0.0184404,null,null,null
-0.1186,null,0.245379,null,null
-0.0804498,null,null,0.0860371,null
0.00507339,null,null,null,0.000430996
0.99267,0.0136242,null,null,null
-0.112724,null,0.294871,null,null
-0.123063,null,null,0.0436276,null
-0.000369751,null,null,null,0.00232121
0.992555,0.0130729,null,null,null
-0.148468,null,0.290799,null,null
-0.161612,null,null,0.0606301,null
-5.26995e-06,null,null,null,0.00490373
0.992526,0.0176055,null,null,null
-0.146803,null,0.279143,null,null
-0.146089,null,null,0.0639865,null
0.00658846,null,null,null,-0.00271433
0.992598,0.018868,null,null,null
-0.147056,null,0.254155,null,null
-0.174742,null,null,0.0337821,null
0.00133846,null,null,null,-0.00380969
0.992598,0.018868,null,null,null
-0.147056,null,0.254155,null,null
-0.174742,null,null,0.0337821,null
0.00133846,null,null,null,-0.00380969
0.992622,0.0178154,null,null,null
-0.118389,null,0.260204,null,null
-0.206638,null,null,0.041262,null
0.00703636,null,null,null,-0.00235835
0.992786,0.0143925,null,null,null
-0.0921689,null,0.218939,null,null
-0.216108,null,null,-0.0177275,null
0.00152819,null,null,null,2.70127e-05
0.992762,0.0184283,null,null,null
-0.17119,null,0.264314,null,null
-0.213209,null,null,-0.0673472,null
0.00639611,null,null,null,-0.00390288
0.992788,0.0132979,null,null,null
-0.13425,null,0.284774,null,null
-0.1997,null,null,-0.0572698,null
0.00504634,null,null,null,-0.000483403
0.992744,0.0120714,null,null,null
-0.192325,null,0.304092,null,null
-0.155273,null,null,0.0321091,null
-0.00203926,null,null,null,0.00374448
0.992888,0.0131181,null,null,null
-0.214329,null,0.213551,null,null
-0.200361,null,null,-0.00311663,null
0.00452829,null,null,null,-0.00283861
0.992755,0.0181146,null,null,null
-0.218205,null,0.281797,null,null
-0.20771,null,null,-0.0711583,null
0.00136131,null,null,null,-0.00250356
0.992542,0.0183389,null,null,null
-0.180006,null,0.271835,null,null
-0.201944,null,null,-0.042218,null
-0.0018947,null,null,null,-0.00232716
0.992795,0.017043,null,null,null
-0.169929,null,0.29511,null,null
-0.180949,null,null,-0.0689224,null
-0.000548084,null,null,null,-0.0041475
0.992905,0.0194329,null,null,null
-0.149221,null,0.300134,null,null
-0.185025,null,null,-0.0753374,null
-0.00118254,null,null,null,-0.00423181
0.992905,0.0194329,null,null,null
-0.149221,null,0.300134,null,null
-0.185025,null,null,-0.0753374,null
-0.00118254,null,null,null,-0.00423181
0.992823,0.021947,null,null,null
-0.111115,null,0.287785,null,null
-0.155215,null,null,-0.123895,null
-0.00185034,null,null,null,-0.00328625
0.99302,0.0142608,null,null,null
-0.12134,null,0.26445,null,null
-0.135972,null,null,-0.130719,null
-0.000555869,null,null,null,-0.00353289
0.99302,0.0142608,null,null,null
-0.12134,null,0.26445,null,null
-0.135972,null,null,-0.130719,null
-0.000555869,null,null,null,-0.00353289
0.99292,0.0108157,null,null,null
-0.133722,null,0.263213,null,null
-0.158975,null,null,-0.0557075,null
0.00075643,null,null,null,0.00060721
0.99292,0.0108157,null,null,null
-0.133722,null,0.263213,null,null
-0.158975,null,null,-0.0557075,null
0.00075643,null,null,null,0.00060721
0.992847,0.0112721,null,null,null
-0.10853,null,0.353989,null,null
-0.134865,null,null,-0.102296,null
-0.0036047,null,null,null,0.00243238
0.992909,0.00966793,null,null,null
-0.0961224,null,0.399424,null,null
-0.136521,null,null,-0.0420505,null
0.000508674,null,null,null,0.00758591
0.992751,0.00997684,null,null,null
-0.04067,null,0.368231,null,null
-0.115722,null,null,-0.0470739,null
-0.00131874,null,null,null,0.00365886
0.992891,0.0111213,null,null,null
-0.00695955,null,0.363541,null,null
-0.106896,null,null,-0.0553851,null
0.00210911,null,null,null,0.00299375
0.992826,0.00842888,null,null,null
0.0105365,null,0.385661,null,null
-0.0176798,null,null,-0.0194179,null
-0.00200865,null,null,null,0.000870754
0.992974,0.00324163,null,null,null
0.0492466,null,0.372475,null,null
-0.0272234,null,null,-0.0778796,null
-0.00113811,null,null,null,-0.00555415
0.993075,-0.00277253,null,null,null
0.104531,null,0.364861,null,null
0.00134607,null,null,-0.0539486,null
-0.00308351,null,null,null,-0.000510705
0.992982,-0.00723778,null,null,null
0.0834555,null,0.362613,null,null
0.020502,null,null,0.0137849,null
-0.00549694,null,null,null,0.00304619
0.992982,-0.00723778,null,null,null
0.0834555,null,0.362613,null,null
0.020502,null,null,0.0137849,null
-0.00549694,null,null,null,0.00304619
0.993008,-0.00373139,null,null,null
0.0666705,null,0.365544,null,null
0.0190449,null,null,-0.0130534,null
-0.0077367,null,null,null,-0.00306889
0.992854,-0.0033598,null,null,null
0.0120388,null,0.387679,null,null
0.0367487,null,null,-0.0284389,null
-0.00322234,null,null,null,-0.00612939
0.992818,-0.0044103,null,null,null
0.0576038,null,0.382379,null,null
-0.0184638,null,null,-0.05374,null
-0.00441826,null,null,null,-0.00455353
0.992722,-0.00388079,null,null,null
0.00420778,null,0.39064,null,null
0.00594949,null,null,0.00751489,null
-0.000738301,null,null,null,-0.00328435
0.992833,-0.00231717,null,null,null
-0.00793589,null,0.43352,null,null
0.0813529,null,null,0.012323,null
-0.000426002,null,null,null,-0.00198556
0.992889,0.000175599,null,null,null
-0.036349,null,0.3359,null,null
0.0687222,null,null,-0.0344721,null
0.00473243,null,null,null,0.000946992
0.992821,0.00351958,null,null,null
-0.0932377,null,0.268739,null,null
0.0348244,null,null,-0.0123059,null
-0.00291626,null,null,null,-0.00362495
0.99283,0.00127656,null,null,null
-0.077159,null,0.325754,null,null
0.0228199,null,null,-0.100635,null
-0.00393815,null,null,null,-0.00364196
0.99283,0.00127656,null,null,null
-0.077159,null,0.325754,null,null
0.0228199,null,null,-0.100635,null
-0.00393815,null,null,null,-0.00364196
0.992901,-0.000411083,null,null,null
-0.00983837,null,0.394678,null,null
0.0106083,null,null,0.00848735,null
0.00205694,null,null,null,-0.00444364
0.993025,0.000171293,null,null,null
0.0223786,null,0.328024,null,null
0.0232479,null,null,0.00364614,null
0.00456201,null,null,null,-0.000758196
0.993112,0.00217864,null,null,null
0.00858217,null,0.34926,null,null
-0.028419,null,null,0.0495968,null
0.00402205,null,null,null,-0.00277395
0.993054,-0.00310059,null,null,null
-0.0468141,null,0.396364,null,null
0.0058701,null,null,-0.0288811,null
-0.00138084,null,null,null,0.00364941
0.993076,-0.0088806,null,null,null
-0.0834021,null,0.331885,null,null
-0.00210927,null,null,0.0231307,null
-0.0057658,null,null,null,0.000613249
0.993081,-0.00586366,null,null,null
-0.0994271,null,0.383764,null,null
0.069546,null,null,-0.00259136,null
0.000390374,null,null,null,-0.00652299
0.99317,-0.00505853,null,null,null
-0.0670119,null,0.406913,null,null
0.0115475,null,null,0.0383797,null
-7.45092e-07,null,null,null,-0.00342295
0.993226,-0.00554059,null,null,null
-0.104485,null,0.403942,null,null
0.0636391,null,null,0.0380352,null
-0.000822533,null,null,null,-0.00280954
0.992985,-0.00400531,null,null,null
-0.0645457,null,0.321151,null,null
0.0325314,null,null,0.0396725,null
0.00464571,null,null,null,-0.000503615
0.992955,3.94813e-05,null,null,null
-0.0946252,null,0.370606,null,null
0.023928,null,null,0.0514411,null
0.0030876,null,null,null,-0.00450354
0.992931,-0.00175438,null,null,null
-0.143712,null,0.292266,null,null
0.032257,null,null,0.00324243,null
0.00367919,null,null,null,-0.000237114
0.992986,-0.000678556,null,null,null
-0.137614,null,0.327131,null,null
-0.0217103,null,null,0.0233702,null
-0.000935558,null,null,null,-0.00335999
0.993096,0.00467695,null,null,null
-0.116137,null,0.393823,null,null
0.0282039,null,null,-0.0356754,null
-0.00289294,null,null,null,-6.43895e-05
0.99299,0.00676169,null,null,null
-0.122912,null,0.41061,null,null
0.0529603,null,null,-0.0239341,null
-0.00464551,null,null,null,0.00267269
0.99299,0.00676169,null,null,null
-0.122912,null,0.41061,null,null
0.0529603,null,null,-0.0239341,null
-0.00464551,null,null,null,0.00267269
0.992932,0.00503761,null,null,null
-0.15132,null,0.406585,null,null
0.0308815,null,null,-0.0487267,null
-0.00646926,null,null,null,0.00523484
0.99295,0.00361615,null,null,null
-0.0762979,null,0.410486,null,null
0.0201905,null,null,-0.00601256,null
0.000166915,null,null,null,-0.00178436
0.992966,0.0108083,null,null,null
-0.0208776,null,0.366715,null,null
0.0569349,null,null,-0.0287113,null
-0.00563661,null,null,null,-0.00113612
0.992959,0.0135576,null,null,null
-0.0778284,null,0.366979,null,null
0.0633281,null,null,-0.0302314,null
-0.000804449,null,null,null,-0.000659111
0.992959,0.0135576,null,null,null
-0.0778284,null,0.366979,null,null
0.0633281,null,null,-0.0302314,null
-0.000804449,null,null,null,-0.000659111
0.993066,0.00830796,null,null,null
-0.139114,null,0.302964,null,null
0.0213341,null,null,-0.0368194,null
0.00288105,null,null,null,0.00434795
0.992825,0.0151141,null,null,null
-0.125287,null,0.358699,null,null
0.0318775,null,null,-0.0235008,null
-0.00477371,null,null,null,0.00191309
0.992751,0.0185959,null,null,null
-0.181131,null,0.323695,null,null
0.0466776,null,null,-0.104795,null
-0.00451741,null,null,null,-0.00163726
0.99272,0.0155204,null,null,null
-0.130844,null,0.333487,null,null
0.095283,null,null,-0.0576024,null
0.00195051,null,null,null,0.00488805
0.992706,0.00879805,null,null,null
-0.152219,null,0.304684,null,null
0.0939316,null,null,-0.0614357,null
0.0021644,null,null,null,-0.00249572
0.992859,0.00724786,null,null,null
-0.148402,null,0.263061,null,null
0.139104,null,null,-0.0357641,null
0.00482513,null,null,null,0.00302409
0.992825,0.0105137,null,null,null
-0.135014,null,0.356815,null,null
0.117575,null,null,-0.0600869,null
0.00210227,null,null,null,-0.00252878
0.992825,0.0105137,null,null,null
-0.135014,null,0.356815,null,null
0.117575,null,null,-0.0600869,null
0.00210227,null,null,null,-0.00252878
0.992769,0.010627,null,null,null
-0.0751785,null,0.317509,null,null
0.049254,null,null,-0.0398116,null
0.00339323,null,null,null,-0.00231695
0.992769,0.010627,null,null,null
-0.0751785,null,0.317509,null,null
0.049254,null,null,-0.0398116,null
0.00339323,null,null,null,-0.00231695
0.992711,0.0123955,null,null,null
-0.0763173,null,0.326045,null,null
0.0529893,null,null,-0.0432937,null
-0.00330473,null,null,null,-0.00416251
0.992676,0.0176896,null,null,null
-0.0639359,null,0.318593,null,null
0.0559229,null,null,-0.071481,null
-0.000613768,null,null,null,0.00275719
0.992709,0.0207891,null,null,null
-0.102515,null,0.337731,null,null
0.103377,null,null,-0.0966094,null
0.00309465,null,null,null,-0.00122981
0.992656,0.0214548,null,null,null
-0.0860396,null,0.359337,null,null
0.10557,null,null,-0.168171,null
-0.00051759,null,null,null,0.00200861
0.992871,0.0186796,null,null,null
-0.127065,null,0.439327,null,null
0.0712845,null,null,-0.141648,null
0.00339651,null,null,null,0.00387928
0.9928,0.0211781,null,null,null
-0.0503145,null,0.392876,null,null
0.0695797,null,null,-0.178791,null
-0.00244726,null,null,null,0.00420678
0.992587,0.0274703,null,null,null
-0.194524,null,0.33752,null,null
0.0940131,null,null,-0.158667,null
0.00389786,null,null,null,0.00437261
0.992398,0.0333572,null,null,null
-0.173545,null,0.421049,null,null
0.0614356,null,null,-0.129444,null
0.00314995,null,null,null,0.00082604
0.992599,0.02722,null,null,null
-0.148214,null,0.433088,null,null
-0.0052686,null,null,-0.0574708,null
0.0010429,null,null,null,5.82506e-05
0.99247,0.029043,null,null,null
-0.150294,null,0.435955,null,null
0.0367264,null,null,-0.0698236,null
0.00315994,null,null,null,-0.00374374
0.992545,0.0285636,null,null,null
-0.147129,null,0.380115,null,null
0.0170796,null,null,-0.0598072,null
0.000596414,null,null,null,-0.000384836
0.992184,0.0321506,null,null,null
-0.146482,null,0.399923,null,null
0.0173032,null,null,-0.0409639,null
0.00399236,null,null,null,-0.00394518
0.992285,0.03186,null,null,null
-0.120782,null,0.371053,null,null
-0.021324,null,null,-0.106455,null
-0.00145775,null,null,null,-0.00601751
0.992086,0.035695,null,null,null
-0.119887,null,0.379511,null,null
-0.0271076,null,null,-0.10804,null
-0.00389722,null,null,null,0.0003472
0.99215,0.0317891,null,null,null
-0.133848,null,0.324629,null,null
-0.00390859,null,null,-0.156803,null
-5.97111e-05,null,null,null,-0.0045116
0.99215,0.0317891,null,null,null
-0.133848,null,0.324629,null,null
-0.00390859,null,null,-0.156803,null
-5.97111e-05,null,null,null,-0.0045116
0.992351,0.0299223,null,null,null
-0.130815,null,0.371156,null,null
0.0413475,null,null,-0.0973693,null
-0.0016608,null,null,null,-0.00876713
0.992361,0.0301198,null,null,null
-0.100569,null,0.36005,null,null
0.064218,null,null,-0.0259134,null
-0.00106987,null,null,null,-0.00300373
0.992361,0.0301198,null,null,null
-0.100569,null,0.36005,null,null
0.064218,null,null,-0.0259134,null
-0.00106987,null,null,null,-0.00300373
0.992396,0.0275219,null,null,null
-0.0935673,null,0.408651,null,null
0.00890164,null,null,-0.090144,null
-0.00611292,null,null,null,-0.00155587
0.992396,0.0275219,null,null,null
-0.0935673,null,0.408651,null,null
0.00890164,null,null,-0.090144,null
-0.00611292,null,null,null,-0.00155587
0.992346,0.0297361,null,null,null
-0.111766,null,0.356237,null,null
-0.0104286,null,null,-0.00395746,null
-0.00111373,null,null,null,0.00129326
0.992375,0.0293886,null,null,null
-0.0915904,null,0.389381,null,null
0.00317512,null,null,-0.00087658,null
0.000908335,null,null,null,0.0069671
0.992484,0.0255406,null,null,null
-0.106732,null,0.304293,null,null
0.0350678,null,null,-0.0741984,null
-0.000343984,null,null,null,0.00210039
0.992484,0.0255406,null,null,null
-0.106732,null,0.304293,null,null
0.0350678,null,null,-0.0741984,null
-0.000343984,null,null,null,0.00210039
0.992583,0.0261812,null,null,null
-0.110503,null,0.304337,null,null
0.00990676,null,null,-0.103282,null
-0.00296651,null,null,null,0.000886844
0.992387,0.0250994,null,null,null
-0.158082,null,0.310675,null,null
-0.0144067,null,null,-0.084502,null
-0.00276366,null,null,null,0.00154839
0.99263,0.02668,null,null,null
-0.1672,null,0.305665,null,null
-0.0300534,null,null,-0.0399366,null
-0.00701533,null,null,null,-0.00180824
0.992568,0.0286224,null,null,null
-0.110691,null,0.341407,null,null
0.000727395,null,null,-0.118219,null
-0.00341558,null,null,null,0.00722728
0.992568,0.0286224,null,null,null
-0.110691,null,0.341407,null,null
0.000727395,null,null,-0.118219,null
-0.00341558,null,null,null,0.00722728
0.992279,0.0323735,null,null,null
-0.112677,null,0.279501,null,null
0.0482106,null,null,-0.14273,null
0.00412379,null,null,null,0.00162541
0.992375,0.0306359,null,null,null
-0.115465,null,0.317549,null,null
0.0540945,null,null,-0.117561,null
-0.00296609,null,null,null,-0.000639702
0.992375,0.0306359,null,null,null
-0.115465,null,0.317549,null,null
0.0540945,null,null,-0.117561,null
-0.00296609,null,null,null,-0.000639702
0.992621,0.0264491,null,null,null
-0.120759,null,0.315615,null,null
0.0717882,null,null,-0.0911409,null
0.0023067,null,null,null,0.00185009
0.99258,0.0307351,null,null,null
-0.16199,null,0.314056,null,null
0.039428,null,null,-0.0426221,null
0.00617971,null,null,null,-0.00343459
0.99258,0.0307351,null,null,null
-0.16199,null,0.314056,null,null
0.039428,null,null,-0.0426221,null
0.00617971,null,null,null,-0.00343459
0.99263,0.0307321,null,null,null
-0.141361,null,0.253555,null,null
0.0867636,null,null,-0.0459878,null
0.00772022,null,null,null,-0.00615516
0.992625,0.0224351,null,null,null
-0.136599,null,0.244451,null,null
0.136878,null,null,0.0118133,null
0.00762958,null,null,null,-0.00023361
0.992674,0.0236473,null,null,null
-0.0257684,null,0.199709,null,null
0.117078,null,null,-0.024794,null
0.00118948,null,null,null,-0.0021007
0.992674,0.0236473,null,null,null
-0.0257684,null,0.199709,null,null
0.117078,null,null,-0.024794,null
0.00118948,null,null,null,-0.0021007
0.992609,0.0259699,null,null,null
-0.0406616,null,0.198534,null,null
0.173588,null,null,-0.0480332,null
0.000518661,null,null,null,-7.42271e-05
0.992749,0.0205947,null,null,null
-0.0020462,null,0.203652,null,null
0.103011,null,null,-0.0345605,null
0.000387158,null,null,null,-0.00264269
0.992749,0.0205947,null,null,null
-0.0020462,null,0.203652,null,null
0.103011,null,null,-0.0345605,null
0.000387158,null,null,null,-0.00264269
0.992776,0.0137619,null,null,null
-0.111673,null,0.184363,null,null
0.0949362,null,null,-0.0260655,null
-0.00077558,null,null,null,-0.000783421
0.992953,0.016016,null,null,null
-0.0571902,null,0.170416,null,null
0.119797,null,null,0.0159637,null
0.00561552,null,null,null,0.00149135
0.99294,0.0191006,null,null,null
-0.107358,null,0.126329,null,null
0.11476,null,null,-0.0347476,null
0.00457201,null,null,null,-0.00466734
0.99294,0.0191006,null,null,null
-0.107358,null,0.126329,null,null
0.11476,null,null,-0.0347476,null
0.00457201,null,null,null,-0.00466734
0.992897,0.0148451,null,null,null
-0.117117,null,0.136445,null,null
0.205102,null,null,-0.0474546,null
0.0061278,null,null,null,-0.00371471
0.99303,0.010747,null,null,null
-0.144625,null,0.116887,null,null
0.23671,null,null,-0.083821,null
0.000245865,null,null,null,0.000990664
0.993179,0.0101172,null,null,null
-0.187549,null,0.172554,null,null
0.231746,null,null,-0.0592312,null
0.012062,null,null,null,0.00327351
0.993206,0.00929181,null,null,null
-0.216243,null,0.205473,null,null
0.230338,null,null,-0.0528015,null
-0.000182459,null,null,null,0.00144505
0.993131,0.00851926,null,null,null
-0.169606,null,0.147339,null,null
0.252486,null,null,-0.10766,null
0.00370634,null,null,null,0.000576731
0.993086,0.00833177,null,null,null
-0.13812,null,0.165697,null,null
0.311459,null,null,-0.0621451,null
0.00326085,null,null,null,0.000244572
0.993097,0.00364836,null,null,null
-0.137799,null,0.260805,null,null
0.284403,null,null,-0.114578,null
0.00940918,null,null,null,-0.00239656
0.993134,-0.00172087,null,null,null
-0.147816,null,0.310074,null,null
0.288014,null,null,-0.0709942,null
0.00553718,null,null,null,0.00388205
0.993119,-0.00323893,null,null,null
-0.0940034,null,0.261089,null,null
0.257317,null,null,-0.130328,null
0.00324551,null,null,null,0.00158855
0.993119,-0.00323893,null,null,null
-0.0940034,null,0.261089,null,null
0.257317,null,null,-0.130328,null
0.00324551,null,null,null,0.00158855
0.993034,-0.00773485,null,null,null
-0.0686211,null,0.166469,null,null
0.214341,null,null,-0.159136,null
-0.00694706,null,null,null,0.00114279
0.993097,-0.000514423,null,null,null
-0.0409416,null,0.107471,null,null
0.205356,null,null,-0.139687,null
-0.0103741,null,null,null,-0.00243959
0.993038,0.00845444,null,null,null
-0.00709765,null,0.0884089,null,null
0.246244,null,null,-0.123757,null
-0.00475252,null,null,null,0.00259621
0.993003,0.00495296,null,null,null
-0.0656614,null,0.174407,null,null
0.267625,null,null,-0.167903,null
0.00400863,null,null,null,0.00447263
0.992896,0.00694,null,null,null
-0.0501661,null,0.194986,null,null
0.241439,null,null,-0.135352,null
0.00298626,null,null,null,-0.000873734
0.992906,0.00806925,null,null,null
-0.102772,null,0.199903,null,null
0.178037,null,null,-0.0671165,null
-0.000240369,null,null,null,-0.00230683
0.992906,0.00806925,null,null,null
-0.102772,null,0.199903,null,null
0.178037,null,null,-0.0671165,null
-0.000240369,null,null,null,-0.00230683
0.992839,0.0123984,null,null,null
-0.0390561,null,0.213061,null,null
0.147496,null,null,-0.129277,null
0.00347826,null,null,null,-0.000702863
0.992839,0.0123984,null,null,null
-0.0390561,null,0.213061,null,null
0.147496,null,null,-0.129277,null
0.00347826,null,null,null,-0.000702863
0.992839,0.0123984,null,null,null
-0.0390561,null,0.213061,null,null
0.147496,null,null,-0.129277,null
0.00347826,null,null,null,-0.000702863
0.992866,0.00893013,null,null,null
-0.0458519,null,0.195683,null,null
0.108116,null,null,-0.198224,null
0.00036011,null,null,null,0.00263815
0.992961,0.00619679,null,null,null
-0.103004,null,0.254924,null,null
0.0776042,null,null,-0.174726,null
-0.00225371,null,null,null,0.00330111
0.992844,0.00650055,null,null,null
-0.0961164,null,0.15787,null,null
0.112564,null,null,-0.201568,null
0.00309633,null,null,null,0.00227976
0.992591,0.00664418,null,null,null
-0.104896,null,0.20768,null,null
0.0629465,null,null,-0.200208,null
0.00327936,null,null,null,-0.00185129
0.992591,0.00664418,null,null,null
-0.104896,null,0.20768,null,null
0.0629465,null,null,-0.200208,null
0.00327936,null,null,null,-0.00185129
0.992897,0.00245987,null,null,null
-0.101987,null,0.136159,null,null
0.0421119,null,null,-0.197775,null
-0.0041812,null,null,null,0.00250034
0.992897,0.00245987,null,null,null
-0.101987,null,0.136159,null,null
0.0421119,null,null,-0.197775,null
-0.0041812,null,null,null,0.00250034
0.992857,0.00397691,null,null,null
-0.147371,null,0.168543,null,null
0.0471997,null,null,-0.166481,null
-0.00330808,null,null,null,-0.00112032
0.992939,0.000657418,null,null,null
-0.177585,null,0.0907483,null,null
0.059451,null,null,-0.182336,null
-0.0087002,null,null,null,0.0012999
0.99297,-2.59891e-05,null,null,null
-0.143431,null,0.128908,null,null
0.0381869,null,null,-0.136981,null
-0.00217729,null,null,null,0.0012307
0.992994,-0.000217361,null,null,null
-0.13128,null,0.06566,null,null
0.0225015,null,null,-0.123396,null
-0.00269394,null,null,null,-0.000238144
0.992974,0.0014824,null,null,null
-0.143097,null,0.0367735,null,null
0.0608672,null,null,-0.0728552,null
0.00483873,null,null,null,-0.0098353
0.992947,-0.000889974,null,null,null
-0.110063,null,0.12376,null,null
-0.0473346,null,null,-0.167021,null
0.00096943,null,null,null,-0.0038004
0.992947,-0.000889974,null,null,null
-0.110063,null,0.12376,null,null
-0.0473346,null,null,-0.167021,null
0.00096943,null,null,null,-0.0038004
0.99308,-0.00472984,null,null,null
-0.0710681,null,0.164683,null,null
0.0142253,null,null,-0.0761736,null
0.00216284,null,null,null,-0.00473615
0.992883,-0.00448863,null,null,null
-0.0811905,null,0.0683022,null,null
0.0155528,null,null,-0.071238,null
0.00485368,null,null,null,-0.00255201
0.993076,-0.0119438,null,null,null
-0.093217,null,0.090767,null,null
-0.00762873,null,null,-0.102688,null
0.00208056,null,null,null,0.0041328
0.993021,-0.0134791,null,null,null
-0.129252,null,0.0349654,null,null
-0.00666015,null,null,-0.117484,null
-0.00135275,null,null,null,0.00187805
0.992727,-0.0178191,null,null,null
-0.111535,null,0.0330022,null,null
0.0185859,null,null,-0.0993321,null
0.0024931,null,null,null,0.000205601
0.992903,-0.0148789,null,null,null
-0.11545,null,0.0780955,null,null
-0.00496016,null,null,-0.109227,null
-0.00103388,null,null,null,-0.000602096
0.992641,-0.014964,null,null,null
-0.115893,null,-0.00198474,null,null
-0.00993867,null,null,-0.0662951,null
-0.00436637,null,null,null,0.00122349
0.992641,-0.014964,null,null,null
-0.115893,null,-0.00198474,null,null
-0.00993867,null,null,-0.0662951,null
-0.00436637,null,null,null,0.00122349
0.992849,-0.0112515,null,null,null
-0.13686,null,0.0807015,null,null
0.0121474,null,null,-0.0541634,null
-0.00395554,null,null,null,-0.00274908
0.992921,-0.00465596,null,null,null
-0.121103,null,0.0469321,null,null
0.0811257,null,null,-0.0506192,null
-0.00243026,null,null,null,0.00153855
0.992996,-0.00187827,null,null,null
-0.107679,null,0.045359,null,null
0.0880341,null,null,-0.0200169,null
-0.00355565,null,null,null,0.00377514
0.992864,0.00742757,null,null,null
-0.182402,null,0.0986884,null,null
0.125057,null,null,-0.00317907,null
-0.0023124,null,null,null,0.000543065
0.992846,0.0110651,null,null,null
-0.210962,null,0.0940355,null,null
0.128276,null,null,0.0118075,null
-0.000608698,null,null,null,-0.00594969
0.992989,0.0156624,null,null,null
-0.191746,null,0.0896889,null,null
0.173911,null,null,0.0015908,null
-0.00349868,null,null,null,-0.0060465
0.992866,0.0198069,null,null,null
-0.163286,null,0.128,null,null
0.14314,null,null,-0.0300544,null
-0.00272662,null,null,null,-0.000425957
0.992823,0.0144435,null,null,null
-0.125848,null,0.108225,null,null
0.162395,null,null,0.0408896,null
-0.00333328,null,null,null,-0.00374365
0.992825,0.00921696,null,null,null
-0.141809,null,0.0898614,null,null
0.183081,null,null,0.0459931,null
0.000719436,null,null,null,0.00344173
0.992912,0.00875453,null,null,null
-0.174055,null,0.0780489,null,null
0.137024,null,null,0.0630509,null
-0.000127895,null,null,null,1.22456e-05
0.993019,0.00517631,null,null,null
-0.161714,null,0.189746,null,null
0.0747019,null,null,0.0550114,null
-4.37333e-05,null,null,null,-0.0024612
0.99305,0.00588025,null,null,null
-0.207868,null,0.131481,null,null
0.164116,null,null,0.0705634,null
-0.00556234,null,null,null,0.00242831
0.99295,0.00628175,null,null,null
-0.218874,null,0.146266,null,null
0.136472,null,null,0.146937,null
-0.00440849,null,null,null,0.00400991
0.99302,0.00128505,null,null,null
-0.220226,null,0.131883,null,null
0.072693,null,null,0.0787282,null
-0.00334157,null,null,null,-0.0024332
0.993058,0.00868676,null,null,null
-0.198699,null,0.0732427,null,null
0.069272,null,null,0.0770597,null
0.00309389,null,null,null,-0.00341796
0.992897,0.00984115,null,null,null
-0.20555,null,0.162729,null,null
0.059487,null,null,0.129233,null
0.00329349,null,null,null,-0.00971725
0.993112,0.0065826,null,null,null
-0.160706,null,0.122215,null,null
0.0755194,null,null,0.0424146,null
-0.00670462,null,null,null,-0.00453737
0.993144,0.00212722,null,null,null
-0.200433,null,0.16215,null,null
0.0292881,null,null,0.191678,null
-0.000974075,null,null,null,-0.00960718
0.993008,0.00413664,null,null,null
-0.210559,null,0.169756,null,null
0.0271476,null,null,0.147834,null
0.0026506,null,null,null,-0.0042825
0.993067,0.00408646,null,null,null
-0.157709,null,0.207431,null,null
0.0708706,null,null,0.130628,null
-0.000965231,null,null,null,-0.00267803
0.99315,0.002035,null,null,null
-0.0995073,null,0.192366,null,null
0.0306674,null,null,0.0300906,null
0.0029873,null,null,null,-0.000235141
0.992991,0.00564433,null,null,null
-0.023517,null,0.154918,null,null
0.0239583,null,null,0.128598,null
-0.000421325,null,null,null,0.00300432
0.992875,0.0135354,null,null,null
-0.148537,null,0.170639,null,null
0.0289409,null,null,0.116564,null
0.000244975,null,null,null,0.00396689
0.993075,0.0117266,null,null,null
-0.15983,null,0.172531,null,null
0.0568245,null,null,0.119277,null
-0.00023575,null,null,null,-0.000238472
0.992929,0.0129321,null,null,null
-0.13983,null,0.126543,null,null
0.0859469,null,null,0.0579819,null
0.00637909,null,null,null,-0.00104152
0.992956,0.0125669,null,null,null
-0.111385,null,0.159027,null,null
0.120571,null,null,0.0400127,null
0.000739191,null,null,null,-0.000801619
0.992982,0.0143019,null,null,null
-0.112499,null,0.124606,null,null
0.0469466,null,null,0.0459549,null
-0.00363048,null,null,null,0.00756922
0.9928,0.0122743,null,null,null
-0.134609,null,0.174109,null,null
0.091457,null,null,0.100652,null
-0.00517966,null,null,null,0.000139546
0.9928,0.0122743,null,null,null
-0.134609,null,0.174109,null,null
0.091457,null,null,0.100652,null
-0.00517966,null,null,null,0.000139546
0.992834,0.0123416,null,null,null
-0.169739,null,0.19032,null,null
0.0785464,null,null,0.189149,null
-0.00109594,null,null,null,-0.000111582
0.992844,0.0158847,null,null,null
-0.19011,null,0.21647,null,null
0.0210171,null,null,0.22312,null
-0.00189718,null,null,null,-0.00210564
0.992904,0.0189129,null,null,null
-0.147271,null,0.156745,null,null
0.0231425,null,null,0.231157,null
-0.00452857,null,null,null,0.0018784
0.993016,0.0161827,null,null,null
-0.144075,null,0.178555,null,null
0.0193257,null,null,0.200855,null
-0.0053286,null,null,null,-0.000862766
0.992956,0.0194388,null,null,null
-0.196559,null,0.137796,null,null
0.0626685,null,null,0.165547,null
0.00166833,null,null,null,-0.00115697
0.992807,0.0196934,null,null,null
-0.140084,null,0.109673,null,null
-0.0710428,null,null,0.122156,null
-0.00111375,null,null,null,-0.00420036
0.992807,0.0196934,null,null,null
-0.140084,null,0.109673,null,null
-0.0710428,null,null,0.122156,null
-0.00111375,null,null,null,-0.00420036
0.992986,0.00949636,null,null,null
-0.181339,null,0.0587144,null,null
-0.0625088,null,null,0.144742,null
-0.00360493,null,null,null,-0.000299755
0.992757,0.00864618,null,null,null
-0.178893,null,0.0936378,null,null
-0.0530655,null,null,0.168907,null
-0.00356893,null,null,null,-0.00263242
0.992807,0.0153149,null,null,null
-0.140536,null,0.0369737,null,null
-0.045542,null,null,0.213033,null
-0.00180569,null,null,null,-0.00126719
0.992571,0.0206245,null,null,null
-0.117204,null,0.0856959,null,null
-0.0847105,null,null,0.259088,null
-0.00721741,null,null,null,-0.00142698
0.992675,0.020852,null,null,null
-0.08476,null,0.135031,null,null
-0.0279527,null,null,0.212404,null
-0.00216926,null,null,null,-0.00901331
0.99277,0.017609,null,null,null
-0.044951,null,0.136697,null,null
-0.0128929,null,null,0.181746,null
0.00746485,null,null,null,-0.00132206
0.992721,0.0175847,null,null,null
-0.104104,null,0.0817349,null,null
-0.00247884,null,null,0.1386,null
-0.000535295,null,null,null,-0.00170294
0.992636,0.0184224,null,null,null
-0.140038,null,0.134679,null,null
0.0330796,null,null,0.0895335,null
0.00186943,null,null,null,-0.00188004
0.992753,0.0182885,null,null,null
-0.123089,null,0.134878,null,null
0.0148448,null,null,0.079927,null
-0.00308713,null,null,null,-0.00167976
0.99296,0.012758,null,null,null
-0.0980215,null,0.114781,null,null
-0.034089,null,null,0.074478,null
-0.00668587,null,null,null,-0.000966171
0.992947,0.0130456,null,null,null
-0.0820817,null,0.121318,null,null
-0.0439475,null,null,0.0920658,null
-0.00334293,null,null,null,-0.00218179
0.99296,0.00488474,null,null,null
-0.0930882,null,0.04486,null,null
-0.0127619,null,null,0.0871915,null
0.00316615,null,null,null,-0.00261461
0.992965,0.00257487,null,null,null
-0.0179102,null,0.110474,null,null
-0.0449903,null,null,0.140566,null
0.00306426,null,null,null,-0.00627153
0.993097,0.00682163,null,null,null
-0.0324201,null,0.102178,null,null
-0.00232439,null,null,0.127006,null
0.00783655,null,null,null,-0.00238305
0.993117,-0.000394009,null,null,null
-0.0861654,null,0.120786,null,null
-0.0322966,null,null,0.111576,null
0.00751299,null,null,null,0.00392578
0.993117,-0.000394009,null,null,null
-0.0861654,null,0.120786,null,null
-0.0322966,null,null,0.111576,null
0.00751299,null,null,null,0.00392578
0.993094,-0.00103584,null,null,null
-0.0851604,null,0.113911,null,null
-0.0483066,null,null,0.140725,null
0.00345164,null,null,null,0.0021332
0.993094,-0.00103584,null,null,null
-0.0851604,null,0.113911,null,null
-0.0483066,null,null,0.140725,null
0.00345164,null,null,null,0.0021332
0.993151,-0.000654041,null,null,null
-0.0208931,null,0.155674,null,null
-0.0574472,null,null,0.218201,null
0.00427526,null,null,null,0.00167345
0.993003,-0.00643441,null,null,null
-0.0341757,null,0.106234,null,null
-0.0641731,null,null,0.210011,null
0.00268047,null,null,null,0.00238194
0.993003,-0.00643441,null,null,null
-0.0341757,null,0.106234,null,null
-0.0641731,null,null,0.210011,null
0.00268047,null,null,null,0.00238194
0.993112,-0.00878366,null,null,null
-0.00331629,null,0.151383,null,null
-0.103082,null,null,0.154232,null
0.00497794,null,null,null,0.00544532
0.993106,-0.003887,null,null,null
-0.0730673,null,0.166074,null,null
-0.0559901,null,null,0.198655,null
0.00118969,null,null,null,0.00510897
0.99316,-0.00210422,null,null,null
-0.0566267,null,0.202926,null,null
-0.0622971,null,null,0.14924,null
-0.00161304,null,null,null,0.00683013
0.993239,-0.00191599,null,null,null
0.0174675,null,0.221989,null,null
-0.00444121,null,null,0.173199,null
-0.00416593,null,null,null,0.00372054
0.993051,-0.0027153,null,null,null
-0.0137593,null,0.21641,null,null
-0.00334504,null,null,0.200229,null
-0.00303404,null,null,null,0.00364058
0.993023,0.000768291,null,null,null
0.0749598,null,0.199674,null,null
0.0318389,null,null,0.267225,null
0.000986099,null,null,null,-0.00148699
0.992931,-0.00151549,null,null,null
0.00825595,null,0.203648,null,null
-0.0123492,null,null,0.23551,null
0.00204019,null,null,null,-0.00166481
0.993023,-0.00926646,null,null,null
0.00287794,null,0.153879,null,null
-0.00851234,null,null,0.260674,null
-0.0030663,null,null,null,-0.0013234
0.99299,-0.0097919,null,null,null
-0.0109676,null,0.153029,null,null
-0.0520651,null,null,0.208486,null
-0.00613222,null,null,null,-0.00163883
0.99299,-0.0097919,null,null,null
-0.0109676,null,0.153029,null,null
-0.0520651,null,null,0.208486,null
-0.00613222,null,null,null,-0.00163883
0.992962,-0.0105874,null,null,null
-0.0490642,null,0.0826029,null,null
-0.056773,null,null,0.177069,null
-3.54111e-05,null,null,null,-0.00235816
0.992934,-0.00613895,null,null,null
-0.0171575,null,0.102574,null,null
-0.0749119,null,null,0.16941,null
-0.00728192,null,null,null,-0.00039172
0.993054,-0.00927724,null,null,null
0.00151685,null,0.14578,null,null
-0.0860178,null,null,0.169651,null
0.000199045,null,null,null,0.00294025
0.993067,-0.00906704,null,null,null
0.00930417,null,0.149375,null,null
-0.072606,null,null,0.147336,null
0.00152367,null,null,null,-0.00417068
0.992964,-0.00791304,null,null,null
0.0435331,null,0.168281,null,null
-0.0673696,null,null,0.17005,null
0.00171984,null,null,null,-0.00118736
0.992964,-0.00791304,null,null,null
0.0435331,null,0.168281,null,null
-0.0673696,null,null,0.17005,null
0.00171984,null,null,null,-0.00118736
0.992964,-0.00791304,null,null,null
0.0435331,null,0.168281,null,null
-0.0673696,null,null,0.17005,null
0.00171984,null,null,null,-0.00118736
0.992877,-0.0104889,null,null,null
0.0495546,null,0.111403,null,null
-0.0523036,null,null,0.205052,null
0.00223716,null,null,null,0.00132098
0.99304,-0.00478118,null,null,null
0.0353929,null,0.233437,null,null
-0.040809,null,null,0.17679,null
0.00104171,null,null,null,-0.00252219
0.99304,-0.00478118,null,null,null
0.0353929,null,0.233437,null,null
-0.040809,null,null,0.17679,null
0.00104171,null,null,null,-0.00252219
0.99304,-0.00478118,null,null,null
0.0353929,null,0.233437,null,null
-0.040809,null,null,0.17679,null
0.00104171,null,null,null,-0.00252219
0.993011,-0.00436381,null,null,null
0.0444069,null,0.209498,null,null
-0.0163389,null,null,0.125899,null
0.00199056,null,null,null,-0.00450991
0.993149,-0.0055958,null,null,null
0.074682,null,0.140371,null,null
-0.033156,null,null,0.191001,null
0.00515197,null,null,null,-0.00444525
0.993149,-0.0055958,null,null,null
0.074682,null,0.140371,null,null
-0.033156,null,null,0.191001,null
0.00515197,null,null,null,-0.00444525
0.99299,-0.0105493,null,null,null
0.0190755,null,0.13298,null,null
-0.0704869,null,null,0.145434,null
0.00173876,null,null,null,4.17951e-05
0.99301,-0.011725,null,null,null
-0.0207517,null,0.143544,null,null
-0.0342641,null,null,0.149486,null
0.00442833,null,null,null,0.00297871
0.992916,-0.0146531,null,null,null
-0.036769,null,0.172962,null,null
-0.074778,null,null,0.13601,null
0.0027922,null,null,null,0.00375541
0.992821,-0.0166897,null,null,null
-0.0534385,null,0.225596,null,null
-0.0902753,null,null,0.0612863,null
0.00531059,null,null,null,0.0035035
0.992819,-0.0148074,null,null,null
-0.0131407,null,0.17714,null,null
-0.0444251,null,null,0.0861153,null
0.00162637,null,null,null,0.0108917
0.99281,-0.00812179,null,null,null
0.00209386,null,0.233831,null,null
-0.0719541,null,null,0.0710654,null
-0.00178106,null,null,null,0.00614201
0.992881,-0.00661859,null,null,null
-0.0180954,null,0.205481,null,null
-0.0839432,null,null,0.0894492,null
0.00198964,null,null,null,0.00325384
0.992881,-0.00661859,null,null,null
-0.0180954,null,0.205481,null,null
-0.0839432,null,null,0.0894492,null
0.00198964,null,null,null,0.00325384
0.992774,-0.00642073,null,null,null
0.0135864,null,0.245023,null,null
-0.0744853,null,null,0.0583543,null
-0.001042,null,null,null,0.00758079
0.992774,-0.00642073,null,null,null
0.0135864,null,0.245023,null,null
-0.0744853,null,null,0.0583543,null
-0.001042,null,null,null,0.00758079
0.99285,-0.0028226,null,null,null
0.0313545,null,0.198231,null,null
-0.10158,null,null,0.0665292,null
-0.00081495,null,null,null,0.00341986
0.992921,-0.00353666,null,null,null
-0.0452594,null,0.198733,null,null
-0.179764,null,null,0.107528,null
-0.00264812,null,null,null,0.00412618
0.992869,-0.00408923,null,null,null
-0.0514368,null,0.160837,null,null
-0.153281,null,null,0.12227,null
0.000104281,null,null,null,0.00174847
0.992869,-0.00408923,null,null,null
-0.0514368,null,0.160837,null,null
-0.153281,null,null,0.12227,null
0.000104281,null,null,null,0.00174847
0.992669,-0.00668454,null,null,null
-0.0223516,null,0.23117,null,null
-0.146015,null,null,0.107631,null
-0.00326355,null,null,null,-0.00453018
0.992669,-0.00668454,null,null,null
-0.0223516,null,0.23117,null,null
-0.146015,null,null,0.107631,null
-0.00326355,null,null,null,-0.00453018
0.992734,-0.00322399,null,null,null
0.00366373,null,0.17222,null,null
-0.18293,null,null,0.105548,null
-0.00241947,null,null,null,-0.00226871
0.992644,0.000384314,null,null,null
0.00685909,null,0.186285,null,null
-0.189199,null,null,0.136118,null
0.00197221,null,null,null,0.00421081
0.992705,-0.00669671,null,null,null
-0.0262311,null,0.214355,null,null
-0.223447,null,null,0.0953458,null
-0.00439706,null,null,null,0.000949107
0.992739,-0.00737735,null,null,null
-0.0835259,null,0.187581,null,null
-0.242126,null,null,0.129709,null
-0.000287951,null,null,null,0.00459844
0.992486,-0.0132628,null,null,null
-0.130518,null,0.194491,null,null
-0.252165,null,null,0.0812512,null
0.0021364,null,null,null,0.00712014
0.992657,-0.0108048,null,null,null
-0.134985,null,0.180982,null,null
-0.204955,null,null,0.0700426,null
0.00438625,null,null,null,0.000441009
0.992657,-0.0108048,null,null,null
-0.134985,null,0.180982,null,null
-0.204955,null,null,0.0700426,null
0.00438625,null,null,null,0.000441009
0.99287,-0.00488975,null,null,null
-0.191895,null,0.156486,null,null
-0.289135,null,null,0.0391346,null
-0.000138151,null,null,null,0.00385181
0.992975,-0.0033901,null,null,null
-0.165361,null,0.190702,null,null
-0.281668,null,null,0.0375134,null
0.00141681,null,null,null,0.00453222
0.992975,-0.0033901,null,null,null
-0.165361,null,0.190702,null,null
-0.281668,null,null,0.0375134,null
0.00141681,null,null,null,0.00453222
0.992857,-0.00144395,null,null,null
-0.193607,null,0.218032,null,null
-0.32727,null,null,0.102645,null
0.00346251,null,null,null,0.00416425
0.992847,-0.00782645,null,null,null
-0.229708,null,0.272716,null,null
-0.226174,null,null,0.0820266,null
0.00557788,null,null,null,0.00628506
0.99282,-0.00638696,null,null,null
-0.225124,null,0.190188,null,null
-0.230026,null,null,0.0500771,null
0.00176535,null,null,null,0.00773777
0.99282,-0.00638696,null,null,null
-0.225124,null,0.190188,null,null
-0.230026,null,null,0.0500771,null
0.00176535,null,null,null,0.00773777
0.992801,-0.00248081,null,null,null
-0.167632,null,0.152761,null,null
-0.217265,null,null,0.0702969,null
0.00283031,null,null,null,0.00569717
0.992844,0.00284915,null,null,null
-0.168752,null,0.122575,null,null
-0.152256,null,null,-0.0371052,null
0.00214959,null,null,null,0.00214141
0.992844,0.00284915,null,null,null
-0.168752,null,0.122575,null,null
-0.152256,null,null,-0.0371052,null
0.00214959,null,null,null,0.00214141
0.992826,0.00778392,null,null,null
-0.175322,null,0.195697,null,null
-0.13762,null,null,-0.00386513,null
0.00030345,null,null,null,0.00164233
0.992906,0.00601085,null,null,null
-0.141101,null,0.240314,null,null
-0.100203,null,null,-0.0159066,null
0.0026629,null,null,null,0.00398086
0.992918,0.00682123,null,null,null
-0.158546,null,0.141364,null,null
-0.165084,null,null,0.024043,null
-5.57409e-05,null,null,null,0.00390487
0.992776,-0.000145309,null,null,null
-0.271728,null,0.215429,null,null
-0.107725,null,null,-0.00607566,null
0.00501322,null,null,null,0.00138086
0.992776,-0.000145309,null,null,null
-0.271728,null,0.215429,null,null
-0.107725,null,null,-0.00607566,null
0.00501322,null,null,null,0.00138086
0.99282,0.00411918,null,null,null
-0.193908,null,0.220645,null,null
-0.136306,null,null,0.0434016,null
0.0070674,null,null,null,0.000697537
0.992842,0.00309592,null,null,null
-0.201241,null,0.265439,null,null
-0.153579,null,null,0.0589,null
0.0028688,null,null,null,0.0012715
0.992842,0.00309592,null,null,null
-0.201241,null,0.265439,null,null
-0.153579,null,null,0.0589,null
0.0028688,null,null,null,0.0012715
0.992749,-0.00061632,null,null,null
-0.171361,null,0.268811,null,null
-0.179944,null,null,-0.0225065,null
0.00308969,null,null,null,-0.000632166
0.99273,0.00108161,null,null,null
-0.112479,null,0.310273,null,null
-0.137625,null,null,-0.0179778,null
0.00396717,null,null,null,0.0027632
0.99273,0.00108161,null,null,null
-0.112479,null,0.310273,null,null
-0.137625,null,null,-0.0179778,null
0.00396717,null,null,null,0.0027632
0.992725,0.00351515,null,null,null
-0.153918,null,0.267135,null,null
-0.175494,null,null,-0.0663466,null
0.0076525,null,null,null,0.00517615
0.992855,0.00918202,null,null,null
-0.189064,null,0.266383,null,null
-0.104078,null,null,-0.0704151,null
0.00820621,null,null,null,-0.000140558
0.992821,0.00359299,null,null,null
-0.160848,null,0.294781,null,null
-0.175466,null,null,-0.0242078,null
0.00433368,null,null,null,-0.00116036
0.992919,0.00974872,null,null,null
-0.214448,null,0.365079,null,null
-0.147456,null,null,-0.0347193,null
0.0051659,null,null,null,0.00404164
0.992888,0.0193559,null,null,null
-0.211833,null,0.324273,null,null
-0.159069,null,null,0.00612576,null
0.00466376,null,null,null,-0.00316979
0.992946,0.0165434,null,null,null
-0.275776,null,0.276153,null,null
-0.111765,null,null,-0.0538896,null
0.00494139,null,null,null,-0.00498611
0.993008,0.0157514,null,null,null
-0.272406,null,0.23342,null,null
-0.0240365,null,null,0.0641345,null
0.00477412,null,null,null,-0.0010236
0.992921,0.0194725,null,null,null
-0.276719,null,0.196299,null,null
-0.092172,null,null,0.0965219,null
0.0050499,null,null,null,0.000805095
0.992797,0.0174665,null,null,null
-0.344204,null,0.210657,null,null
-0.0831765,null,null,0.0189305,null
0.00136704,null,null,null,0.00219576
0.992923,0.0168265,null,null,null
-0.248295,null,0.337653,null,null
-0.077254,null,null,0.0619504,null
0.00150041,null,null,null,-0.00478586
0.992791,0.0200069,null,null,null
-0.212155,null,0.363108,null,null
-0.113237,null,null,0.0266357,null
-0.00880184,null,null,null,-0.00951659
0.992879,0.0185697,null,null,null
-0.196738,null,0.376798,null,null
-0.0787885,null,null,0.0187863,null
-0.00357445,null,null,null,-0.00147783
0.99284,0.0156735,null,null,null
-0.188055,null,0.367554,null,null
-0.0727654,null,null,-0.0173334,null
-0.000245125,null,null,null,-0.00196817
0.992966,0.0106371,null,null,null
-0.151104,null,0.368822,null,null
-0.0521687,null,null,0.0276388,null
3.42564e-05,null,null,null,-0.000822829
0.992968,0.0128296,null,null,null
-0.166954,null,0.381476,null,null
-0.0227006,null,null,0.0529049,null
-0.000924082,null,null,null,3.16809e-05
0.993119,0.00835219,null,null,null
-0.162064,null,0.400856,null,null
-0.058593,null,null,0.0802897,null
0.000787616,null,null,null,-0.00155429
0.993093,0.0109535,null,null,null
-0.130298,null,0.370146,null,null
-0.095049,null,null,0.0392714,null
0.00190406,null,null,null,-0.00128578
0.993001,0.012211,null,null,null
-0.0849093,null,0.322815,null,null
-0.114834,null,null,0.0752279,null
-0.00143855,null,null,null,-0.00117229
0.993001,0.012211,null,null,null
-0.0849093,null,0.322815,null,null
-0.114834,null,null,0.0752279,null
-0.00143855,null,null,null,-0.00117229
0.993164,0.00637973,null,null,null
-0.0251585,null,0.330714,null,null
-0.102057,null,null,0.0545736,null
-0.00543469,null,null,null,0.00289609
0.993167,0.00647389,null,null,null
-0.0561556,null,0.312831,null,null
-0.100298,null,null,0.0805959,null
0.000774903,null,null,null,0.00589291
0.993116,0.00671624,null,null,null
-0.0572205,null,0.331838,null,null
-0.0380734,null,null,0.0825977,null
0.00459521,null,null,null,-0.00229521
0.992982,0.0105304,null,null,null
-0.0501626,null,0.283857,null,null
-0.0667395,null,null,0.118961,null
-0.00627883,null,null,null,0.00320059
0.993047,0.0103359,null,null,null
-0.153281,null,0.319119,null,null
-0.00598249,null,null,0.0916486,null
-0.00049908,null,null,null,0.000112435
0.99297,0.0148021,null,null,null
-0.199289,null,0.310716,null,null
0.00659709,null,null,0.117355,null
-0.00274764,null,null,null,-0.000593992
0.992947,0.0148325,null,null,null
-0.184204,null,0.298951,null,null
0.047343,null,null,0.118029,null
-0.000430696,null,null,null,-0.00311709
0.992964,0.0145801,null,null,null
-0.180875,null,0.326746,null,null
0.0644676,null,null,0.100334,null
-0.0018191,null,null,null,-0.00086317
0.993151,0.018106,null,null,null
-0.110855,null,0.326952,null,null
0.1127,null,null,0.127385,null
0.00177882,null,null,null,-0.00117436
0.99298,0.0169478,null,null,null
-0.0544424,null,0.29006,null,null
0.142526,null,null,0.126619,null
-0.000292389,null,null,null,0.00381978
0.992949,0.0146718,null,null,null
-0.0247246,null,0.28827,null,null
0.130038,null,null,0.140753,null
0.00190396,null,null,null,0.00389451
0.992974,0.0129844,null,null,null
-0.0306977,null,0.262051,null,null
0.101385,null,null,0.116521,null
-0.00133635,null,null,null,-0.00479556
0.992951,0.0130551,null,null,null
-0.0295867,null,0.230325,null,null
0.0690921,null,null,0.143179,null
-0.00403847,null,null,null,-0.00616886
0.992951,0.0130551,null,null,null
-0.0295867,null,0.230325,null,null
0.0690921,null,null,0.143179,null
-0.00403847,null,null,null,-0.00616886
0.992934,0.0109555,null,null,null
-0.0838852,null,0.250361,null,null
0.0555984,null,null,0.119825,null
0.000722253,null,null,null,-0.00456651
