MDTU,min_ave,max_ave
1,-0.1784,0.144654
2,-0.0987766,0.203111
3,-0.104172,0.198085
4,-0.10268,0.19909
5,-0.103007,0.19882
6,-0.103223,0.199276
7,-0.104579,0.199082
8,-0.107049,0.197043
9,-0.107049,0.197158
10,-0.107666,0.198133
11,-0.109064,0.197345
12,-0.110232,0.195405
13,-0.111396,0.195658
14,-0.112288,0.194422
15,-0.113807,0.194296
16,-0.113711,0.193988
17,-0.114866,0.193893
18,-0.115019,0.192234
19,-0.114502,0.19222
20,-0.11405,0.193056
21,-0.116841,0.191859
22,-0.116729,0.192225
23,-0.115769,0.193099
24,-0.117719,0.192607
25,-0.117719,0.192607
26,-0.119959,0.191074
27,-0.120646,0.191669
28,-0.11913,0.192018
29,-0.120994,0.191333
30,-0.120994,0.191333
31,-0.121819,0.189678
32,-0.123343,0.18975
33,-0.122451,0.18967
34,-0.123947,0.189439
35,-0.123947,0.189439
36,-0.121914,0.190524
37,-0.122976,0.189381
38,-0.125753,0.188845
39,-0.125753,0.188845
40,-0.126476,0.187852
41,-0.127053,0.187009
42,-0.127825,0.186212
43,-0.128462,0.18582
44,-0.129539,0.185212
45,-0.13045,0.184355
46,-0.133078,0.183725
47,-0.133426,0.183534
48,-0.134375,0.18379
49,-0.135833,0.181948
50,-0.13633,0.181936
51,-0.136638,0.181569
52,-0.135142,0.182923
53,-0.137924,0.182608
54,-0.137506,0.181822
55,-0.13787,0.181504
56,-0.139685,0.181468
57,-0.140447,0.180419
58,-0.141137,0.179688
59,-0.141137,0.179688
60,-0.142195,0.180401
61,-0.141077,0.180191
62,-0.140819,0.181412
63,-0.141065,0.181223
64,-0.140686,0.181261
65,-0.140686,0.181261
66,-0.141409,0.181283
67,-0.141409,0.181283
68,-0.14259,0.180124
69,-0.141501,0.18082
70,-0.141501,0.18082
71,-0.143103,0.179719
72,-0.145047,0.178182
73,-0.145544,0.177951
74,-0.147049,0.176933
75,-0.147049,0.176933
76,-0.148259,0.176401
77,-0.145448,0.17739
78,-0.144662,0.177432
79,-0.144449,0.177827
80,-0.143983,0.178876
81,-0.142658,0.179068
82,-0.144539,0.178732
83,-0.144539,0.178732
84,-0.145065,0.178113
85,-0.145065,0.178113
86,-0.146836,0.17841
87,-0.145675,0.177498
88,-0.14695,0.176785
89,-0.147135,0.176235
90,-0.148546,0.175916
91,-0.148851,0.1755
92,-0.148851,0.1755
93,-0.151433,0.174318
94,-0.150077,0.175529
95,-0.150077,0.175529
96,-0.150077,0.175529
97,-0.150724,0.175893
98,-0.151492,0.175314
99,-0.150994,0.174501
100,-0.150994,0.174501
101,-0.150994,0.174501
102,-0.152923,0.175428
103,-0.151187,0.175207
104,-0.152799,0.175024
105,-0.153004,0.17436
106,-0.153079,0.174269
107,-0.15391,0.17432
108,-0.15391,0.17432
109,-0.154334,0.173519
110,-0.155494,0.173446
111,-0.15466,0.17337
112,-0.153721,0.17353
113,-0.154764,0.173654
114,-0.154764,0.173654
115,-0.154307,0.17415
116,-0.152654,0.174465
117,-0.152654,0.174465
118,-0.15418,0.173884
119,-0.153278,0.174603
120,-0.154166,0.173966
121,-0.154533,0.173929
122,-0.156125,0.173254
123,-0.156115,0.172588
124,-0.155771,0.171834
125,-0.155791,0.172236
126,-0.156595,0.172168
127,-0.156855,0.171458
128,-0.157625,0.171961
129,-0.158374,0.170472
130,-0.158374,0.170472
131,-0.156563,0.172361
132,-0.158126,0.171201
133,-0.156124,0.172062
134,-0.157527,0.172164
135,-0.157076,0.172512
136,-0.157667,0.171878
137,-0.157246,0.172526
138,-0.159524,0.171202
139,-0.15946,0.171398
140,-0.160999,0.1696
141,-0.160771,0.169663
142,-0.1603,0.169923
143,-0.160944,0.170005
144,-0.159704,0.170303
145,-0.159704,0.170303
146,-0.159704,0.170303
147,-0.160401,0.169956
148,-0.160678,0.169697
149,-0.163001,0.168928
150,-0.163058,0.168566
151,-0.163058,0.168566
152,-0.162943,0.169051
153,-0.15996,0.16955
154,-0.162503,0.168973
155,-0.164227,0.168628
156,-0.164365,0.167959
157,-0.162557,0.168253
158,-0.164984,0.167542
159,-0.164527,0.168576
160,-0.164527,0.168576
161,-0.166993,0.166585
162,-0.166993,0.166585
163,-0.164051,0.168478
164,-0.16418,0.16882
165,-0.163395,0.169742
166,-0.1637,0.168698
167,-0.164632,0.168845
168,-0.166519,0.167002
169,-0.166519,0.167002
170,-0.167276,0.166549
171,-0.167276,0.166549
172,-0.168786,0.165563
173,-0.168584,0.165768
174,-0.170241,0.16478
175,-0.170241,0.16478
176,-0.170241,0.16478
177,-0.173027,0.163784
178,-0.170436,0.165553
179,-0.170436,0.165553
180,-0.169916,0.165209
181,-0.170029,0.165577
182,-0.170029,0.165577
183,-0.168298,0.165292
184,-0.169068,0.165055
185,-0.169068,0.165055
186,-0.169421,0.164998
187,-0.169826,0.16596
188,-0.169826,0.16596
189,-0.168695,0.166078
190,-0.168695,0.166078
191,-0.168906,0.166277
192,-0.167887,0.166891
193,-0.16905,0.16601
194,-0.167162,0.167785
195,-0.167926,0.166949
196,-0.168225,0.166667
197,-0.168089,0.166231
198,-0.168783,0.166168
199,-0.170082,0.165708
200,-0.16979,0.165741
201,-0.169299,0.166727
202,-0.169299,0.166727
203,-0.169299,0.166727
204,-0.167262,0.166987
205,-0.167262,0.166987
206,-0.167323,0.167931
207,-0.1673,0.167855
208,-0.1673,0.167855
209,-0.168652,0.167048
210,-0.17141,0.165463
211,-0.170124,0.165949
212,-0.171037,0.166202
213,-0.170649,0.165151
214,-0.170649,0.165151
215,-0.169007,0.166317
216,-0.170614,0.166029
217,-0.170766,0.165994
218,-0.17025,0.166093
219,-0.170112,0.165274
220,-0.170295,0.16598
221,-0.170295,0.16598
222,-0.17026,0.165495
223,-0.167724,0.166446
224,-0.16976,0.166216
225,-0.16976,0.166216
226,-0.169971,0.166346
227,-0.170382,0.165733
228,-0.170382,0.165733
229,-0.170382,0.165733
230,-0.170382,0.165733
231,-0.170382,0.165733
232,-0.171828,0.165562
233,-0.171858,0.165233
234,-0.171802,0.165047
235,-0.171802,0.165047
236,-0.170144,0.165013
237,-0.17258,0.164672
238,-0.17258,0.164672
239,-0.17379,0.163853
240,-0.173922,0.163724
241,-0.172378,0.164468
242,-0.171924,0.165224
243,-0.17254,0.165494
244,-0.17254,0.165494
245,-0.172736,0.165412
246,-0.172736,0.165412
247,-0.173726,0.164623
248,-0.174696,0.163902
249,-0.173766,0.165663
250,-0.173676,0.165354
251,-0.173123,0.165087
252,-0.173249,0.164607
253,-0.174239,0.16383
254,-0.174661,0.163207
255,-0.17534,0.163988
256,-0.17534,0.163988
257,-0.173802,0.164299
258,-0.173951,0.163945
259,-0.173951,0.163945
260,-0.173951,0.163945
261,-0.173169,0.16438
262,-0.175531,0.163273
263,-0.175531,0.163273
264,-0.174653,0.164393
265,-0.175735,0.16338
266,-0.178641,0.163647
267,-0.178641,0.163647
268,-0.178078,0.163663
269,-0.180172,0.162729
270,-0.180172,0.162729
271,-0.180172,0.162729
272,-0.180172,0.162729
273,-0.180172,0.162729
274,-0.179403,0.161773
275,-0.179403,0.161773
276,-0.178238,0.162761
277,-0.17688,0.162426
278,-0.177897,0.162502
279,-0.177897,0.162502
280,-0.176009,0.162788
281,-0.176009,0.162788
282,-0.17797,0.162541
283,-0.178365,0.162821
284,-0.178822,0.162231
285,-0.178822,0.162231
286,-0.177644,0.162707
287,-0.177936,0.162432
288,-0.179021,0.162296
289,-0.178026,0.162202
290,-0.178026,0.162202
291,-0.177395,0.163132
292,-0.177395,0.163132
293,-0.177119,0.162442
294,-0.178046,0.162391
295,-0.178046,0.162391
296,-0.178052,0.162128
297,-0.177352,0.162347
298,-0.177352,0.162347
299,-0.178849,0.160607
300,-0.178266,0.161015
301,-0.178296,0.160482
302,-0.178296,0.160482
303,-0.178296,0.160482
304,-0.178296,0.160482
305,-0.178296,0.160482
306,-0.178312,0.161058
307,-0.178878,0.160978
308,-0.178878,0.160978
309,-0.178878,0.160978
310,-0.178697,0.160838
311,-0.178383,0.160567
312,-0.178383,0.160567
313,-0.178628,0.161196
314,-0.178098,0.162356
315,-0.180582,0.160592
316,-0.178891,0.161387
317,-0.179794,0.160946
318,-0.179794,0.160946
319,-0.181286,0.160147
320,-0.181286,0.160147
321,-0.181814,0.159805
322,-0.182861,0.158905
323,-0.182647,0.159207
324,-0.184621,0.15797
325,-0.18094,0.159188
326,-0.181787,0.159813
327,-0.181787,0.159813
328,-0.181787,0.159813
329,-0.181715,0.159166
330,-0.182356,0.159462
331,-0.182356,0.159462
332,-0.181013,0.159983
333,-0.181013,0.159983
334,-0.181711,0.16129
335,-0.178608,0.162239
336,-0.180978,0.161378
337,-0.18181,0.16082
338,-0.18181,0.16082
339,-0.181982,0.160862
340,-0.181962,0.158941
341,-0.182328,0.160227
342,-0.18204,0.16033
343,-0.18204,0.16033
344,-0.181594,0.160082
345,-0.181538,0.160058
346,-0.182956,0.158863
347,-0.179873,0.161055
348,-0.181552,0.160783
349,-0.182169,0.160319
350,-0.181517,0.15964
351,-0.184254,0.158298
352,-0.183401,0.159139
353,-0.183401,0.159139
354,-0.183401,0.159139
355,-0.184747,0.159465
356,-0.184747,0.159465
357,-0.184747,0.159465
358,-0.184747,0.159465
359,-0.184108,0.159129
360,-0.184874,0.159
361,-0.184067,0.158918
362,-0.184067,0.158918
363,-0.184817,0.158412
364,-0.184864,0.158796
365,-0.183704,0.160149
366,-0.182335,0.16058
367,-0.182335,0.16058
368,-0.182335,0.16058
369,-0.182645,0.160891
370,-0.182645,0.160891
371,-0.182645,0.160891
372,-0.184157,0.159802
373,-0.183228,0.160109
374,-0.183428,0.159324
375,-0.181863,0.160467
376,-0.182248,0.159936
377,-0.183875,0.159115
378,-0.183643,0.159143
379,-0.183338,0.158977
380,-0.184134,0.158513
381,-0.185967,0.158026
382,-0.185986,0.157256
383,-0.189178,0.156552
384,-0.187412,0.156827
385,-0.188355,0.156732
386,-0.189054,0.156993
387,-0.186947,0.157744
388,-0.187203,0.157476
389,-0.187164,0.157639
390,-0.186462,0.157166
391,-0.188192,0.156146
392,-0.187699,0.157281
393,-0.187699,0.157281
394,-0.186654,0.157403
395,-0.188252,0.157893
396,-0.188252,0.157893
397,-0.186735,0.158615
398,-0.186704,0.15834
399,-0.187684,0.158126
400,-0.187915,0.158271
401,-0.187976,0.158079
402,-0.189527,0.156905
403,-0.190157,0.157298
404,-0.190157,0.157298
405,-0.190157,0.157298
406,-0.187501,0.157298
407,-0.18598,0.158001
408,-0.184605,0.158813
409,-0.186108,0.158179
410,-0.186681,0.158592
411,-0.186686,0.157739
412,-0.184786,0.15818
413,-0.185251,0.158534
414,-0.184039,0.158181
415,-0.184604,0.158443
416,-0.184604,0.158443
417,-0.184604,0.158443
418,-0.184604,0.158443
419,-0.185202,0.15829
420,-0.185202,0.15829
421,-0.185202,0.15829
422,-0.185202,0.15829
423,-0.18612,0.158835
424,-0.186392,0.158601
425,-0.186208,0.159112
426,-0.186322,0.158103
427,-0.18756,0.157379
428,-0.18883,0.156065
429,-0.186627,0.157547
430,-0.186627,0.157547
431,-0.188286,0.156322
432,-0.188286,0.156322
433,-0.18872,0.156822
434,-0.18872,0.156822
435,-0.187999,0.157114
436,-0.18931,0.156849
437,-0.188461,0.157657
438,-0.188475,0.157275
439,-0.188549,0.157543
440,-0.18898,0.156216
441,-0.189108,0.156334
442,-0.188869,0.157249
443,-0.189414,0.156072
444,-0.188797,0.156201
445,-0.186677,0.156938
446,-0.188419,0.15619
447,-0.188419,0.15619
448,-0.188234,0.15647
449,-0.18932,0.156627
450,-0.191022,0.155882
451,-0.191022,0.155882
452,-0.191022,0.155882
453,-0.190307,0.155827
454,-0.191202,0.155887
455,-0.189174,0.156175
456,-0.189174,0.156175
457,-0.189174,0.156175
458,-0.189152,0.156602
459,-0.189152,0.156602
460,-0.188459,0.157027
461,-0.187723,0.157371
462,-0.187263,0.157843
463,-0.187888,0.158626
464,-0.19043,0.156681
465,-0.190113,0.157129
466,-0.189882,0.156736
467,-0.190923,0.155224
468,-0.190923,0.155224
469,-0.190923,0.155224
470,-0.191496,0.15537
471,-0.191123,0.156519
472,-0.193531,0.155329
473,-0.191575,0.155175
474,-0.192735,0.15478
475,-0.19233,0.155902
476,-0.193031,0.15437
477,-0.192088,0.155488
478,-0.190679,0.15649
479,-0.191523,0.154664
480,-0.191057,0.156337
481,-0.191057,0.156337
482,-0.193599,0.155055
483,-0.191118,0.155647
484,-0.191118,0.155647
485,-0.19131,0.155656
486,-0.19131,0.155656
487,-0.192317,0.154401
488,-0.194594,0.153428
489,-0.193477,0.153857
490,-0.193477,0.153857
491,-0.192814,0.15513
492,-0.192814,0.15513
493,-0.192814,0.15513
494,-0.19397,0.154121
495,-0.19397,0.154121
496,-0.191382,0.154972
497,-0.191382,0.154972
498,-0.192536,0.153733
499,-0.192171,0.154421
500,-0.193518,0.15326
501,-0.1939,0.154299
502,-0.192175,0.154936
503,-0.190873,0.154357
504,-0.190873,0.154357
505,-0.19384,0.154132
506,-0.194491,0.153248
507,-0.194491,0.153248
508,-0.195777,0.151972
509,-0.19503,0.150927
510,-0.196689,0.151741
511,-0.195331,0.151397
512,-0.195259,0.152713
513,-0.194281,0.152594
514,-0.194214,0.153021
515,-0.191806,0.154385
516,-0.191806,0.154385
517,-0.192649,0.155263
518,-0.192649,0.155263
519,-0.193216,0.154928
520,-0.193216,0.154928
521,-0.193216,0.154928
522,-0.193216,0.154928
523,-0.192317,0.155078
524,-0.190748,0.155798
525,-0.189302,0.156406
526,-0.19162,0.155234
527,-0.19162,0.155234
528,-0.190489,0.155278
529,-0.191792,0.155277
530,-0.191291,0.155395
531,-0.191291,0.155395
532,-0.191291,0.155395
533,-0.191291,0.155395
534,-0.191291,0.155395
535,-0.190633,0.15556
536,-0.189136,0.156649
537,-0.190714,0.157178
538,-0.190714,0.157178
539,-0.187705,0.157217
540,-0.18789,0.157328
541,-0.18789,0.157328
542,-0.18789,0.157328
543,-0.18789,0.157328
544,-0.186971,0.157718
545,-0.18682,0.15777
546,-0.184848,0.159344
547,-0.185789,0.158397
548,-0.185661,0.157887
549,-0.185661,0.157887
550,-0.1848,0.159541
551,-0.184702,0.160083
552,-0.186028,0.159295
553,-0.187141,0.158292
554,-0.188697,0.157177
555,-0.188883,0.156377
556,-0.189617,0.156997
557,-0.189617,0.156997
558,-0.189893,0.157048
559,-0.189882,0.15641
560,-0.189882,0.15641
561,-0.189882,0.15641
562,-0.188404,0.15728
563,-0.188088,0.15698
564,-0.188088,0.15698
565,-0.187904,0.156788
566,-0.187904,0.156788
567,-0.190513,0.156285
568,-0.189615,0.156248
569,-0.188176,0.156927
570,-0.186112,0.158567
571,-0.187073,0.157435
572,-0.187365,0.158074
573,-0.187654,0.158077
574,-0.187201,0.15729
575,-0.186673,0.157155
576,-0.186673,0.157155
577,-0.184886,0.157988
578,-0.184886,0.157988
579,-0.185187,0.157729
580,-0.18669,0.158177
581,-0.18669,0.158177
582,-0.18669,0.158177
583,-0.18669,0.158177
584,-0.18669,0.158177
585,-0.18669,0.158177
586,-0.18669,0.158177
587,-0.186446,0.158786
588,-0.187168,0.158024
589,-0.187168,0.158024
590,-0.187238,0.157636
591,-0.187238,0.157636
592,-0.187238,0.157636
593,-0.187238,0.157636
594,-0.187238,0.157636
595,-0.186826,0.157851
596,-0.188362,0.157937
597,-0.187268,0.1577
598,-0.187268,0.1577
599,-0.188105,0.157428
600,-0.18847,0.157511
601,-0.1878,0.157077
602,-0.1878,0.157077
603,-0.188701,0.156805
604,-0.188701,0.156805
605,-0.188701,0.156805
606,-0.188701,0.156805
607,-0.188701,0.156805
608,-0.187815,0.156843
609,-0.188022,0.157287
610,-0.189263,0.157055
611,-0.189147,0.157049
612,-0.189066,0.156905
613,-0.186464,0.158014
614,-0.189453,0.157262
615,-0.190454,0.156311
616,-0.189889,0.156075
617,-0.188027,0.157373
618,-0.188027,0.157373
619,-0.188575,0.15769
620,-0.189598,0.156266
621,-0.189598,0.156266
622,-0.190102,0.15682
623,-0.188539,0.156981
624,-0.188617,0.156666
625,-0.188617,0.156666
626,-0.188617,0.156666
627,-0.188964,0.156508
628,-0.188964,0.156508
629,-0.188964,0.156508
630,-0.188964,0.156508
631,-0.188964,0.156508
632,-0.188964,0.156508
633,-0.188964,0.156508
634,-0.188953,0.158177
635,-0.189738,0.156842
636,-0.187924,0.157207
637,-0.186838,0.158432
638,-0.188449,0.157811
639,-0.187643,0.158463
640,-0.187441,0.158345
641,-0.186826,0.158976
642,-0.186826,0.158976
643,-0.186826,0.158976
644,-0.184497,0.15988
645,-0.185398,0.158974
646,-0.185295,0.158822
647,-0.186296,0.159557
648,-0.186102,0.15927
649,-0.185688,0.159103
650,-0.18658,0.158971
651,-0.185266,0.160044
652,-0.185266,0.160044
653,-0.185266,0.160044
654,-0.186218,0.159052
655,-0.184985,0.158832
656,-0.185106,0.159278
657,-0.185106,0.159278
658,-0.184478,0.1594
659,-0.184478,0.1594
660,-0.186835,0.158869
661,-0.186835,0.158869
662,-0.186835,0.158869
663,-0.186835,0.158869
664,-0.186835,0.158869
665,-0.186835,0.158869
666,-0.186835,0.158869
667,-0.186835,0.158869
668,-0.18736,0.1581
669,-0.189035,0.157817
670,-0.189085,0.157505
671,-0.189471,0.157402
672,-0.189076,0.1573
673,-0.187882,0.157005
674,-0.188527,0.157855
675,-0.188527,0.157855
676,-0.190182,0.157038
677,-0.190182,0.157038
678,-0.191185,0.157359
679,-0.189619,0.15755
680,-0.188093,0.158032
681,-0.187308,0.157315
682,-0.1881,0.157685
683,-0.189958,0.156366
684,-0.189958,0.156366
685,-0.189558,0.156775
686,-0.189558,0.156775
687,-0.192443,0.155088
688,-0.192443,0.155088
689,-0.192443,0.155088
690,-0.192443,0.155088
691,-0.192443,0.155088
692,-0.191402,0.156249
693,-0.191402,0.156249
694,-0.192855,0.155264
695,-0.192855,0.155264
696,-0.192855,0.155264
697,-0.192855,0.155264
698,-0.191804,0.155862
699,-0.189504,0.157164
700,-0.189203,0.157951
701,-0.189865,0.157669
702,-0.189414,0.15727
703,-0.188798,0.156238
704,-0.190001,0.156132
705,-0.189545,0.156733
706,-0.189545,0.156733
707,-0.188752,0.156666
708,-0.188752,0.156666
709,-0.188752,0.156666
710,-0.187479,0.157212
711,-0.188906,0.156629
712,-0.185879,0.158279
713,-0.185369,0.157996
714,-0.185369,0.157996
715,-0.186873,0.158229
716,-0.186317,0.157505
717,-0.18854,0.157518
718,-0.18854,0.157518
719,-0.18854,0.157518
720,-0.18854,0.157518
721,-0.187843,0.157813
722,-0.190366,0.157254
723,-0.190231,0.156025
724,-0.190861,0.155465
725,-0.190611,0.1561
726,-0.188812,0.156222
727,-0.188812,0.156222
728,-0.188812,0.156222
729,-0.188812,0.156222
730,-0.188812,0.156222
731,-0.188812,0.156222
732,-0.188229,0.157155
733,-0.190297,0.156313
734,-0.190964,0.15641
735,-0.189789,0.156623
736,-0.189258,0.156425
737,-0.189258,0.156425
738,-0.189258,0.156425
739,-0.189258,0.156425
740,-0.189586,0.155762
741,-0.189975,0.15643
742,-0.188554,0.156912
743,-0.188022,0.156697
744,-0.188022,0.156697
745,-0.188022,0.156697
746,-0.188022,0.156697
747,-0.187032,0.158824
748,-0.184828,0.158972
749,-0.184828,0.158972
750,-0.184097,0.160386
751,-0.184097,0.160386
752,-0.183425,0.160763
753,-0.183425,0.160763
754,-0.183425,0.160763
755,-0.183392,0.16022
756,-0.182168,0.160258
757,-0.182733,0.160151
758,-0.184001,0.159561
759,-0.184001,0.159561
760,-0.184001,0.159561
761,-0.184001,0.159561
762,-0.183196,0.159516
763,-0.183615,0.15904
764,-0.183889,0.157822
765,-0.184301,0.158714
766,-0.183877,0.159328
767,-0.184674,0.158731
768,-0.184239,0.158521
769,-0.184239,0.158521
770,-0.184239,0.158521
771,-0.184012,0.158229
772,-0.184012,0.158229
773,-0.184012,0.158229
774,-0.184012,0.158229
775,-0.184012,0.158229
776,-0.18448,0.159015
777,-0.185161,0.158746
778,-0.186707,0.157637
779,-0.186707,0.157637
780,-0.186455,0.158096
781,-0.186455,0.158096
782,-0.186455,0.158096
783,-0.187018,0.157105
784,-0.188879,0.156408
785,-0.187428,0.155925
786,-0.187428,0.155925
787,-0.187428,0.155925
788,-0.187428,0.155925
789,-0.188829,0.156079
790,-0.188646,0.156311
791,-0.188823,0.156025
792,-0.190075,0.154648
793,-0.191661,0.154686
794,-0.193217,0.154199
795,-0.193217,0.154199
796,-0.190282,0.155259
797,-0.190282,0.155259
798,-0.190282,0.155259
799,-0.190996,0.15514
800,-0.190996,0.15514
801,-0.190996,0.15514
802,-0.190996,0.15514
803,-0.190717,0.155299
804,-0.190717,0.155299
805,-0.190717,0.155299
806,-0.190717,0.155299
807,-0.190717,0.155299
808,-0.190791,0.155465
809,-0.190027,0.15614
810,-0.190822,0.15645
811,-0.19202,0.155681
812,-0.19202,0.155681
813,-0.192883,0.153978
814,-0.191466,0.154723
815,-0.191466,0.154723
816,-0.191466,0.154723
817,-0.192961,0.154084
818,-0.192961,0.154084
819,-0.192961,0.154084
820,-0.192961,0.154084
821,-0.192961,0.154084
822,-0.190131,0.156333
823,-0.190131,0.156333
824,-0.190131,0.156333
825,-0.18898,0.155996
826,-0.18898,0.155996
827,-0.188321,0.156089
828,-0.18813,0.157385
829,-0.188279,0.156957
830,-0.185806,0.158746
831,-0.186719,0.15899
832,-0.186512,0.158476
833,-0.184955,0.159119
834,-0.184955,0.159119
835,-0.185141,0.15985
836,-0.185141,0.15985
837,-0.181797,0.160987
838,-0.180138,0.161791
839,-0.180138,0.161791
840,-0.181952,0.161539
841,-0.184328,0.159357
842,-0.184328,0.159357
843,-0.184328,0.159357
844,-0.181127,0.161257
845,-0.181127,0.161257
846,-0.182521,0.160378
847,-0.183156,0.160422
848,-0.183156,0.160422
849,-0.183156,0.160422
850,-0.183156,0.160422
851,-0.182962,0.160606
852,-0.182694,0.159882
853,-0.182742,0.15993
854,-0.182742,0.15993
855,-0.183571,0.160142
856,-0.18441,0.158689
857,-0.185973,0.15847
858,-0.185466,0.158393
859,-0.185466,0.158393
860,-0.18655,0.157728
861,-0.186097,0.158186
862,-0.185555,0.158255
863,-0.186192,0.158394
864,-0.186192,0.158394
865,-0.186192,0.158394
866,-0.18404,0.159633
867,-0.184021,0.160558
868,-0.183092,0.160567
869,-0.182749,0.160058
870,-0.183138,0.160228
871,-0.183138,0.160228
872,-0.183138,0.160228
873,-0.182402,0.159657
874,-0.18346,0.159344
875,-0.183975,0.159566
876,-0.183975,0.159566
877,-0.182998,0.160124
878,-0.183436,0.159669
879,-0.185296,0.158997
880,-0.185296,0.158997
881,-0.185296,0.158997
882,-0.185296,0.158997
883,-0.186672,0.158952
884,-0.186672,0.158952
885,-0.186672,0.158952
886,-0.18553,0.158131
887,-0.188874,0.157123
888,-0.187847,0.157865
889,-0.186206,0.158503
890,-0.186206,0.158503
891,-0.187009,0.158119
892,-0.187009,0.158119
893,-0.185667,0.159137
894,-0.184566,0.159608
895,-0.185335,0.157987
896,-0.182753,0.160279
897,-0.183012,0.159789
898,-0.183129,0.159466
899,-0.184085,0.158604
900,-0.184085,0.158604
901,-0.183606,0.160212
902,-0.184147,0.158755
903,-0.184147,0.158755
904,-0.184147,0.158755
905,-0.184147,0.158755
906,-0.184741,0.158193
907,-0.184741,0.158193
908,-0.184482,0.158191
909,-0.186854,0.158392
910,-0.186854,0.158392
911,-0.186854,0.158392
912,-0.186854,0.158392
913,-0.186948,0.158525
914,-0.186739,0.158
915,-0.187929,0.156861
916,-0.188174,0.157093
917,-0.186767,0.156025
918,-0.186767,0.156025
919,-0.186767,0.156025
920,-0.187655,0.157054
921,-0.186708,0.157748
922,-0.185664,0.158107
923,-0.185514,0.159513
924,-0.186245,0.15897
925,-0.186245,0.15897
926,-0.184769,0.159854
927,-0.185,0.159407
928,-0.186746,0.158531
929,-0.188419,0.157869
930,-0.188419,0.157869
931,-0.188718,0.15765
932,-0.188718,0.15765
933,-0.188718,0.15765
934,-0.188923,0.157807
935,-0.189084,0.158162
936,-0.188746,0.156918
937,-0.188034,0.157704
938,-0.188861,0.15867
939,-0.188976,0.158069
940,-0.190426,0.157277
941,-0.190805,0.156342
942,-0.190413,0.156091
943,-0.190413,0.156091
944,-0.19205,0.155513
945,-0.191134,0.155742
946,-0.190551,0.15626
947,-0.190671,0.15605
948,-0.191851,0.15536
949,-0.192531,0.155976
950,-0.193097,0.155324
951,-0.191708,0.155872
952,-0.192879,0.155453
953,-0.192514,0.156107
954,-0.192514,0.156107
955,-0.191838,0.156048
956,-0.191838,0.156048
957,-0.191873,0.156386
958,-0.190471,0.157581
959,-0.190471,0.157581
960,-0.19072,0.156961
961,-0.188075,0.157106
962,-0.188075,0.157106
963,-0.187908,0.158115
964,-0.187463,0.158065
965,-0.186811,0.157976
966,-0.186909,0.158297
967,-0.187272,0.158434
968,-0.187272,0.158434
969,-0.187627,0.158159
970,-0.188118,0.157905
971,-0.187406,0.158444
972,-0.190402,0.157052
973,-0.190466,0.156229
974,-0.19006,0.156277
975,-0.191493,0.156264
976,-0.191493,0.156264
977,-0.19177,0.155628
978,-0.192629,0.154842
979,-0.192602,0.154573
980,-0.192627,0.155492
981,-0.192483,0.154989
982,-0.19245,0.155546
983,-0.193408,0.154869
984,-0.191916,0.155991
985,-0.191916,0.155991
986,-0.191621,0.154989
987,-0.190833,0.156404
988,-0.192079,0.155476
989,-0.190762,0.156785
990,-0.187894,0.157821
991,-0.188667,0.157555
992,-0.188912,0.157846
993,-0.189536,0.157277
994,-0.190701,0.156142
995,-0.190159,0.156214
996,-0.190741,0.155944
997,-0.192122,0.156292
998,-0.192122,0.156292
999,-0.19247,0.155184
1000,-0.193082,0.155472
1001,-0.191614,0.156003
1002,-0.188856,0.157046
1003,-0.190505,0.157136
1004,-0.188801,0.156871
1005,-0.188221,0.157132
1006,-0.188221,0.157132
1007,-0.188221,0.157132
1008,-0.186785,0.158164
1009,-0.187205,0.1575
1010,-0.186617,0.157869
1011,-0.184954,0.157437
1012,-0.186191,0.158435
1013,-0.185576,0.158675
1014,-0.186877,0.156773
1015,-0.19092,0.155367
1016,-0.19092,0.155367
1017,-0.19092,0.155367
1018,-0.187484,0.156668
1019,-0.188307,0.157094
1020,-0.188307,0.157094
1021,-0.187049,0.158497
1022,-0.187049,0.158497
1023,-0.188342,0.157279
1024,-0.188048,0.157444
1025,-0.190264,0.156215
1026,-0.19025,0.156065
1027,-0.19314,0.153874
1028,-0.193795,0.154554
1029,-0.193795,0.154554
1030,-0.195545,0.154698
1031,-0.19526,0.153018
1032,-0.19526,0.153018
1033,-0.19526,0.153018
1034,-0.19526,0.153018
1035,-0.195473,0.153239
1036,-0.195405,0.1524
1037,-0.195174,0.152276
1038,-0.19287,0.154657
1039,-0.19287,0.154657
1040,-0.192941,0.155275
1041,-0.195649,0.153191
1042,-0.194169,0.154408
1043,-0.194169,0.154408
1044,-0.193994,0.155015
1045,-0.193994,0.155015
1046,-0.193994,0.155015
1047,-0.195323,0.153491
1048,-0.19414,0.154056
1049,-0.19414,0.154056
1050,-0.19414,0.154056
1051,-0.19414,0.154056
1052,-0.193155,0.155876
1053,-0.194069,0.154375
1054,-0.19492,0.154091
1055,-0.19492,0.154091
1056,-0.19492,0.154091
1057,-0.196043,0.153066
1058,-0.196043,0.153066
1059,-0.19566,0.153809
1060,-0.195648,0.152331
1061,-0.193985,0.152535
1062,-0.195052,0.152597
1063,-0.194313,0.154168
1064,-0.193923,0.15441
1065,-0.193923,0.15441
1066,-0.195614,0.153991
1067,-0.195614,0.153991
1068,-0.195614,0.153991
1069,-0.194977,0.154095
1070,-0.195229,0.153895
1071,-0.194812,0.153756
1072,-0.194812,0.153756
1073,-0.195944,0.152977
1074,-0.195529,0.152702
1075,-0.196519,0.153405
1076,-0.196519,0.153405
1077,-0.196519,0.153405
1078,-0.196519,0.153405
1079,-0.196543,0.153278
1080,-0.196543,0.153278
1081,-0.196903,0.152356
1082,-0.195452,0.153134
1083,-0.195376,0.152785
1084,-0.196051,0.152578
1085,-0.196051,0.152578
1086,-0.196051,0.152578
1087,-0.196051,0.152578
1088,-0.196651,0.151457
1089,-0.196651,0.151457
1090,-0.196651,0.151457
1091,-0.196651,0.151457
1092,-0.197018,0.152226
1093,-0.195464,0.153397
1094,-0.195464,0.153397
1095,-0.194432,0.154058
1096,-0.195377,0.153823
1097,-0.194423,0.153766
1098,-0.194283,0.152712
1099,-0.193968,0.15356
1100,-0.195315,0.153874
1101,-0.195315,0.153874
1102,-0.195189,0.153387
1103,-0.195189,0.153387
1104,-0.195189,0.153387
1105,-0.194553,0.152821
1106,-0.195785,0.153265
1107,-0.195785,0.153265
1108,-0.193455,0.154881
1109,-0.192496,0.155967
1110,-0.192496,0.155967
1111,-0.192885,0.154319
1112,-0.194853,0.153071
1113,-0.196403,0.152927
1114,-0.196403,0.152927
1115,-0.194515,0.153675
1116,-0.195112,0.153521
1117,-0.19568,0.154444
1118,-0.192658,0.154507
1119,-0.193118,0.154964
1120,-0.193118,0.154964
1121,-0.193304,0.15489
1122,-0.194751,0.153921
1123,-0.194751,0.153921
1124,-0.194751,0.153921
1125,-0.194574,0.1541
1126,-0.195776,0.15464
1127,-0.193916,0.154374
1128,-0.193418,0.155111
1129,-0.193418,0.155111
1130,-0.192152,0.155104
1131,-0.193335,0.155035
1132,-0.193335,0.155035
1133,-0.193657,0.154009
1134,-0.193657,0.154009
1135,-0.19137,0.155605
1136,-0.193676,0.154395
1137,-0.192037,0.153952
1138,-0.192037,0.153952
1139,-0.190624,0.15489
1140,-0.191523,0.15409
1141,-0.191523,0.15409
1142,-0.191523,0.15409
1143,-0.19196,0.154238
1144,-0.19196,0.154238
1145,-0.19196,0.154238
1146,-0.193882,0.154032
1147,-0.191542,0.15453
1148,-0.190489,0.15492
1149,-0.190489,0.15492
1150,-0.188085,0.156414
1151,-0.189298,0.156748
1152,-0.189066,0.156015
1153,-0.190339,0.155473
1154,-0.189821,0.155299
1155,-0.191689,0.154676
1156,-0.190344,0.15475
1157,-0.192235,0.155485
1158,-0.192909,0.154557
1159,-0.192961,0.15432
1160,-0.192961,0.15432
1161,-0.192961,0.15432
1162,-0.193046,0.153499
1163,-0.193046,0.153499
1164,-0.191225,0.15412
1165,-0.193552,0.154173
1166,-0.193552,0.154173
1167,-0.192771,0.154229
1168,-0.193778,0.153802
1169,-0.193974,0.153463
1170,-0.193974,0.153463
1171,-0.194655,0.153469
1172,-0.194655,0.153469
1173,-0.196948,0.152502
1174,-0.195682,0.153357
1175,-0.195025,0.153332
1176,-0.195025,0.153332
1177,-0.195619,0.153802
1178,-0.194323,0.154631
1179,-0.191847,0.155702
1180,-0.191847,0.155702
1181,-0.191847,0.155702
1182,-0.191847,0.155702
1183,-0.192189,0.155535
1184,-0.191567,0.155799
1185,-0.19251,0.155178
1186,-0.191807,0.156013
1187,-0.190645,0.156563
1188,-0.190645,0.156563
1189,-0.190827,0.157114
1190,-0.189891,0.156089
1191,-0.190286,0.156469
1192,-0.19002,0.156809
1193,-0.19002,0.156809
1194,-0.19002,0.156809
1195,-0.19002,0.156809
1196,-0.187022,0.157404
1197,-0.19012,0.155822
1198,-0.188074,0.156888
1199,-0.18896,0.15688
1200,-0.189447,0.157069
1201,-0.18894,0.156815
1202,-0.18894,0.156815
1203,-0.188752,0.15787
1204,-0.18915,0.157235
1205,-0.190309,0.156842
1206,-0.190963,0.156084
1207,-0.192218,0.156088
1208,-0.191611,0.155942
1209,-0.191611,0.155942
1210,-0.191611,0.155942
1211,-0.190046,0.156559
1212,-0.191464,0.155827
1213,-0.192981,0.15571
1214,-0.19317,0.155706
1215,-0.19317,0.155706
1216,-0.192574,0.155009
1217,-0.192574,0.155009
1218,-0.191165,0.15534
1219,-0.191347,0.154963
1220,-0.189343,0.156553
1221,-0.18905,0.156229
1222,-0.189203,0.156267
1223,-0.190862,0.157207
1224,-0.190862,0.157207
1225,-0.19009,0.156513
1226,-0.189799,0.156238
1227,-0.188551,0.156755
1228,-0.19035,0.156548
1229,-0.191892,0.15518
1230,-0.192721,0.154854
1231,-0.192721,0.154854
1232,-0.192721,0.154854
1233,-0.193131,0.155554
1234,-0.193131,0.155554
1235,-0.19433,0.15488
1236,-0.19433,0.15488
1237,-0.19433,0.15488
1238,-0.192746,0.156213
1239,-0.192371,0.156172
1240,-0.192047,0.155662
1241,-0.189937,0.157179
1242,-0.190921,0.156164
1243,-0.19081,0.156554
1244,-0.189311,0.157126
1245,-0.189311,0.157126
1246,-0.18944,0.156859
1247,-0.188774,0.157994
1248,-0.188774,0.157994
1249,-0.188774,0.157994
1250,-0.188774,0.157994
1251,-0.190506,0.156773
1252,-0.19099,0.157318
1253,-0.19246,0.156421
1254,-0.19246,0.156421
1255,-0.191622,0.156469
1256,-0.191622,0.156469
1257,-0.191256,0.156824
1258,-0.191256,0.156824
1259,-0.192275,0.156258
1260,-0.192275,0.156258
1261,-0.192263,0.156453
1262,-0.192263,0.156453
1263,-0.192263,0.156453
1264,-0.192241,0.156657
1265,-0.192519,0.156691
1266,-0.192519,0.156691
1267,-0.192255,0.156669
1268,-0.192351,0.156443
1269,-0.192965,0.156654
1270,-0.191921,0.156484
1271,-0.191921,0.156484
1272,-0.194015,0.154854
1273,-0.194015,0.154854
1274,-0.194015,0.154854
1275,-0.194015,0.154854
1276,-0.194015,0.154854
1277,-0.194015,0.154854
1278,-0.194019,0.155028
1279,-0.194019,0.155028
1280,-0.194019,0.155028
1281,-0.192709,0.156242
1282,-0.192709,0.156242
1283,-0.193763,0.155071
1284,-0.193974,0.155141
1285,-0.195524,0.154027
1286,-0.195524,0.154027
1287,-0.195412,0.154411
1288,-0.194443,0.154488
1289,-0.194614,0.154682
1290,-0.194921,0.153934
1291,-0.194921,0.153934
1292,-0.194443,0.153531
1293,-0.192944,0.155007
1294,-0.192649,0.154735
1295,-0.192649,0.154735
1296,-0.193693,0.154314
1297,-0.193106,0.155207
1298,-0.193227,0.156186
1299,-0.192882,0.156099
1300,-0.192882,0.156099
1301,-0.194465,0.154594
1302,-0.195699,0.154698
1303,-0.195699,0.154698
1304,-0.196896,0.153326
1305,-0.197309,0.15336
1306,-0.196457,0.153277
1307,-0.197652,0.152771
1308,-0.196859,0.152397
1309,-0.196589,0.152892
1310,-0.199129,0.152481
1311,-0.198523,0.153579
1312,-0.197842,0.153328
1313,-0.197731,0.153151
1314,-0.197731,0.153151
1315,-0.197731,0.153151
1316,-0.197731,0.153151
1317,-0.198443,0.152666
1318,-0.198443,0.152666
1319,-0.198668,0.152008
1320,-0.197337,0.151631
1321,-0.197993,0.151629
1322,-0.19767,0.153487
1323,-0.196264,0.153389
1324,-0.197106,0.151892
1325,-0.197106,0.151892
1326,-0.197379,0.152019
1327,-0.197379,0.152019
1328,-0.197979,0.15299
1329,-0.197785,0.151591
1330,-0.196831,0.152286
1331,-0.196831,0.152286
1332,-0.199067,0.150173
1333,-0.198272,0.152158
1334,-0.198385,0.151653
1335,-0.199287,0.151109
1336,-0.197548,0.152002
1337,-0.197399,0.152867
1338,-0.197399,0.152867
1339,-0.196097,0.153484
1340,-0.194186,0.153376
1341,-0.194186,0.153376
1342,-0.195012,0.153666
1343,-0.195916,0.153394
1344,-0.195885,0.153588
1345,-0.197536,0.153379
1346,-0.19717,0.153444
1347,-0.198304,0.152649
1348,-0.197665,0.151856
1349,-0.197725,0.151778
1350,-0.196624,0.152606
1351,-0.196624,0.152606
1352,-0.196624,0.152606
1353,-0.196624,0.152606
1354,-0.197192,0.152493
1355,-0.197192,0.152493
1356,-0.197192,0.152493
1357,-0.197843,0.153239
1358,-0.199497,0.151909
1359,-0.1993,0.152397
1360,-0.199101,0.151435
1361,-0.203474,0.148892
1362,-0.203474,0.148892
1363,-0.203474,0.148892
1364,-0.202169,0.148458
1365,-0.202334,0.14943
1366,-0.200472,0.149956
1367,-0.200176,0.150655
1368,-0.201958,0.150236
1369,-0.201958,0.150236
1370,-0.201568,0.15112
1371,-0.201568,0.15112
1372,-0.199081,0.151309
1373,-0.198137,0.151404
1374,-0.199202,0.150772
1375,-0.197669,0.152465
1376,-0.196699,0.152848
1377,-0.196699,0.152848
1378,-0.195514,0.153219
1379,-0.196074,0.154303
1380,-0.196221,0.153991
1381,-0.196522,0.152954
1382,-0.195719,0.152795
1383,-0.195719,0.152795
1384,-0.195567,0.153918
1385,-0.195567,0.153918
1386,-0.195567,0.153918
1387,-0.196896,0.153528
1388,-0.196677,0.154347
1389,-0.199425,0.152078
1390,-0.199425,0.152078
1391,-0.199425,0.152078
1392,-0.199425,0.152078
1393,-0.199425,0.152078
1394,-0.199491,0.152884
1395,-0.199047,0.153183
1396,-0.199047,0.153183
1397,-0.19799,0.153591
1398,-0.197954,0.153468
1399,-0.200379,0.151636
1400,-0.200379,0.151636
1401,-0.201364,0.150979
1402,-0.201364,0.150979
1403,-0.201398,0.150769
1404,-0.201398,0.150769
1405,-0.201398,0.150769
1406,-0.201395,0.150379
1407,-0.201395,0.150379
1408,-0.201395,0.150379
1409,-0.200814,0.150173
1410,-0.200814,0.150173
1411,-0.200974,0.150766
1412,-0.200974,0.150766
1413,-0.200974,0.150766
1414,-0.201601,0.150402
1415,-0.202073,0.149959
1416,-0.202073,0.149959
1417,-0.200939,0.151417
1418,-0.200578,0.152302
1419,-0.201036,0.15213
1420,-0.200185,0.152504
1421,-0.198179,0.152995
1422,-0.19877,0.152838
1423,-0.198288,0.153104
1424,-0.19837,0.153228
1425,-0.200946,0.152129
1426,-0.200946,0.152129
1427,-0.200946,0.152129
1428,-0.199182,0.152323
1429,-0.199182,0.152323
1430,-0.19928,0.153147
1431,-0.199509,0.152648
1432,-0.199509,0.152648
1433,-0.197652,0.152908
1434,-0.197652,0.152908
1435,-0.197715,0.153397
1436,-0.201019,0.151984
1437,-0.198941,0.152723
1438,-0.198801,0.153479
1439,-0.198801,0.153479
1440,-0.200594,0.151746
1441,-0.201336,0.151856
1442,-0.201336,0.151856
1443,-0.200553,0.151437
1444,-0.198907,0.152554
1445,-0.198194,0.152996
1446,-0.197758,0.153285
1447,-0.197218,0.153509
1448,-0.196342,0.15338
1449,-0.19749,0.153159
1450,-0.198538,0.153207
1451,-0.198724,0.152397
1452,-0.198724,0.152397
1453,-0.198724,0.152397
1454,-0.197511,0.153581
1455,-0.197582,0.153326
1456,-0.196655,0.153176
1457,-0.196963,0.152506
1458,-0.199097,0.151998
1459,-0.197629,0.152963
1460,-0.198391,0.153259
1461,-0.198391,0.153259
1462,-0.198251,0.152504
1463,-0.19814,0.153203
1464,-0.19814,0.153203
1465,-0.197839,0.152833
1466,-0.200045,0.151384
1467,-0.200898,0.151211
1468,-0.200898,0.151211
1469,-0.199795,0.152133
1470,-0.20028,0.151666
1471,-0.201262,0.150865
1472,-0.201262,0.150865
1473,-0.201262,0.150865
1474,-0.204576,0.149031
1475,-0.205572,0.147963
1476,-0.205782,0.148139
1477,-0.208159,0.146893
1478,-0.206636,0.147003
1479,-0.206983,0.146181
1480,-0.206983,0.146181
1481,-0.206983,0.146181
1482,-0.207678,0.146474
1483,-0.207723,0.146596
1484,-0.20683,0.147667
1485,-0.205678,0.147741
1486,-0.207809,0.146954
1487,-0.206882,0.147016
1488,-0.206882,0.147016
1489,-0.206786,0.147801
1490,-0.206786,0.147801
1491,-0.206786,0.147801
1492,-0.206786,0.147801
1493,-0.205701,0.148427
1494,-0.204524,0.149769
1495,-0.204969,0.148024
1496,-0.206027,0.148099
1497,-0.205357,0.14823
1498,-0.205357,0.14823
1499,-0.204511,0.149154
1500,-0.203483,0.151173
1501,-0.204986,0.149469
1502,-0.202206,0.150118
1503,-0.202206,0.150118
1504,-0.202206,0.150118
1505,-0.202206,0.150118
1506,-0.202838,0.150272
1507,-0.203505,0.149543
1508,-0.203505,0.149543
1509,-0.203505,0.149543
1510,-0.201478,0.150318
1511,-0.202341,0.150808
1512,-0.202035,0.150012
1513,-0.199816,0.151602
1514,-0.199816,0.151602
1515,-0.20219,0.150308
1516,-0.20171,0.150913
1517,-0.20171,0.150913
1518,-0.202612,0.150029
1519,-0.200979,0.150981
1520,-0.202301,0.151239
1521,-0.202031,0.151252
1522,-0.202828,0.150401
1523,-0.202828,0.150401
1524,-0.202828,0.150401
1525,-0.202035,0.150469
1526,-0.200818,0.151729
1527,-0.198595,0.152358
1528,-0.200478,0.152673
1529,-0.200478,0.152673
1530,-0.200478,0.152673
1531,-0.200478,0.152673
1532,-0.200478,0.152673
1533,-0.200478,0.152673
1534,-0.200478,0.152673
1535,-0.201464,0.15201
1536,-0.201464,0.15201
1537,-0.201464,0.15201
1538,-0.201464,0.15201
1539,-0.201464,0.15201
1540,-0.201464,0.15201
1541,-0.201464,0.15201
1542,-0.201464,0.15201
1543,-0.201464,0.15201
1544,-0.201032,0.1515
1545,-0.203983,0.150479
1546,-0.204035,0.150844
1547,-0.204035,0.150844
1548,-0.204035,0.150844
1549,-0.204006,0.151319
1550,-0.20207,0.151254
1551,-0.199863,0.1525
1552,-0.20144,0.151442
1553,-0.20144,0.151442
1554,-0.200886,0.151894
1555,-0.200886,0.151894
1556,-0.201362,0.151839
1557,-0.200556,0.151896
1558,-0.200556,0.151896
1559,-0.200556,0.151896
1560,-0.199598,0.151452
1561,-0.20108,0.151119
1562,-0.20108,0.151119
1563,-0.199495,0.15119
1564,-0.199495,0.15119
1565,-0.199495,0.15119
1566,-0.199184,0.151927
1567,-0.197616,0.152232
1568,-0.197616,0.152232
1569,-0.197616,0.152232
1570,-0.198748,0.152549
1571,-0.198684,0.153064
1572,-0.200644,0.151846
1573,-0.198948,0.151419
1574,-0.199295,0.151927
1575,-0.199259,0.150801
1576,-0.199259,0.150801
1577,-0.199259,0.150801
1578,-0.199984,0.15152
1579,-0.200715,0.150155
1580,-0.200715,0.150155
1581,-0.200715,0.150155
1582,-0.200715,0.150155
1583,-0.200715,0.150155
1584,-0.200715,0.150155
1585,-0.200715,0.150155
1586,-0.199861,0.151314
1587,-0.198404,0.151563
1588,-0.198832,0.152891
1589,-0.198832,0.152891
1590,-0.200725,0.151745
1591,-0.200725,0.151745
1592,-0.200324,0.151829
1593,-0.201946,0.150318
1594,-0.201946,0.150318
1595,-0.201398,0.150732
1596,-0.199616,0.151133
1597,-0.201027,0.151422
1598,-0.200596,0.151483
1599,-0.199992,0.151372
1600,-0.201716,0.151139
1601,-0.201716,0.151139
1602,-0.202623,0.149596
1603,-0.201772,0.150008
1604,-0.203799,0.150045
1605,-0.201687,0.150822
1606,-0.201687,0.150822
1607,-0.201687,0.150822
1608,-0.20318,0.149976
1609,-0.20318,0.149976
1610,-0.20318,0.149976
1611,-0.204189,0.148967
1612,-0.204189,0.148967
1613,-0.202867,0.149002
1614,-0.204126,0.148795
1615,-0.204126,0.148795
1616,-0.204179,0.149442
1617,-0.204179,0.149442
1618,-0.204036,0.15028
1619,-0.204036,0.15028
1620,-0.204036,0.15028
1621,-0.204036,0.15028
1622,-0.205792,0.150193
1623,-0.206682,0.149269
1624,-0.207915,0.147853
1625,-0.206432,0.148362
1626,-0.205908,0.148256
1627,-0.206154,0.148908
1628,-0.204943,0.150252
1629,-0.204943,0.150252
1630,-0.205858,0.149442
1631,-0.205858,0.149442
1632,-0.205858,0.149442
1633,-0.205858,0.149442
1634,-0.205858,0.149442
1635,-0.205858,0.149442
1636,-0.205858,0.149442
1637,-0.206614,0.149618
1638,-0.206472,0.148516
1639,-0.204508,0.148232
1640,-0.204508,0.148232
1641,-0.203554,0.149555
1642,-0.204717,0.149933
1643,-0.204717,0.149933
1644,-0.204717,0.149933
1645,-0.204717,0.149933
1646,-0.205201,0.150008
1647,-0.204242,0.150485
1648,-0.204242,0.150485
1649,-0.204451,0.149876
1650,-0.204308,0.150006
1651,-0.204308,0.150006
1652,-0.206861,0.149191
1653,-0.209254,0.147425
1654,-0.209026,0.147027
1655,-0.208395,0.147678
1656,-0.208395,0.147678
1657,-0.20674,0.148335
1658,-0.207524,0.148136
1659,-0.207838,0.147986
1660,-0.207004,0.147658
1661,-0.209444,0.146671
1662,-0.207675,0.147149
1663,-0.207821,0.146856
1664,-0.207301,0.148276
1665,-0.208219,0.147763
1666,-0.208219,0.147763
1667,-0.208219,0.147763
1668,-0.208219,0.147763
1669,-0.208195,0.146765
1670,-0.208367,0.146221
1671,-0.207941,0.147343
1672,-0.207941,0.147343
1673,-0.207098,0.147636
1674,-0.207098,0.147636
1675,-0.208838,0.146653
1676,-0.209469,0.146297
1677,-0.209469,0.146297
1678,-0.209469,0.146297
1679,-0.209164,0.146884
1680,-0.207505,0.147369
1681,-0.20794,0.147565
1682,-0.207118,0.148255
1683,-0.207518,0.14785
1684,-0.207921,0.147225
1685,-0.209043,0.147047
1686,-0.209043,0.147047
1687,-0.209422,0.146795
1688,-0.209489,0.146219
1689,-0.20997,0.146169
1690,-0.209582,0.146495
1691,-0.207394,0.147766
1692,-0.209416,0.146463
1693,-0.209416,0.146463
1694,-0.209086,0.147427
1695,-0.209086,0.147427
1696,-0.210107,0.145942
1697,-0.212364,0.145304
1698,-0.21055,0.146231
1699,-0.211528,0.145833
1700,-0.210168,0.146611
1701,-0.211335,0.145011
1702,-0.211362,0.146099
1703,-0.209579,0.146839
1704,-0.209579,0.146839
1705,-0.207833,0.147652
1706,-0.208473,0.147365
1707,-0.209514,0.14692
1708,-0.209722,0.146702
1709,-0.209722,0.146702
1710,-0.209082,0.147621
1711,-0.209912,0.147412
1712,-0.208627,0.146877
1713,-0.208627,0.146877
1714,-0.208627,0.146877
1715,-0.208627,0.146877
1716,-0.209586,0.145986
1717,-0.209586,0.145986
1718,-0.2098,0.145711
1719,-0.2098,0.145711
1720,-0.208872,0.146551
1721,-0.20938,0.14644
1722,-0.208585,0.147036
1723,-0.208585,0.147036
1724,-0.208919,0.146463
1725,-0.209258,0.146234
1726,-0.2081,0.146719
1727,-0.208186,0.146888
1728,-0.208186,0.146888
1729,-0.207471,0.146818
1730,-0.207026,0.148293
1731,-0.203073,0.149597
1732,-0.202523,0.150783
1733,-0.202523,0.150783
1734,-0.202936,0.15005
1735,-0.205073,0.149105
1736,-0.205073,0.149105
1737,-0.205638,0.148549
1738,-0.205638,0.148549
1739,-0.206724,0.147844
1740,-0.206724,0.147844
1741,-0.208659,0.147231
1742,-0.208659,0.147231
1743,-0.20939,0.146796
1744,-0.208857,0.146493
1745,-0.209182,0.146495
1746,-0.209764,0.146202
1747,-0.209764,0.146202
1748,-0.209764,0.146202
1749,-0.209764,0.146202
1750,-0.211983,0.145703
1751,-0.211983,0.145703
1752,-0.211983,0.145703
1753,-0.211983,0.145703
1754,-0.209683,0.146456
1755,-0.211049,0.147038
1756,-0.211049,0.147038
1757,-0.209497,0.146942
1758,-0.209414,0.147069
1759,-0.209414,0.147069
1760,-0.207806,0.147085
1761,-0.208001,0.147498
1762,-0.208001,0.147498
1763,-0.208001,0.147498
1764,-0.208039,0.147726
1765,-0.208773,0.14708
1766,-0.208048,0.146403
1767,-0.208048,0.146403
1768,-0.208048,0.146403
1769,-0.209018,0.146582
1770,-0.209018,0.146582
1771,-0.209043,0.146231
1772,-0.208947,0.146041
1773,-0.209736,0.146768
1774,-0.20889,0.14637
1775,-0.208251,0.147225
1776,-0.208251,0.147225
1777,-0.207487,0.148147
1778,-0.207487,0.148147
1779,-0.206008,0.149287
1780,-0.205664,0.148744
1781,-0.2055,0.149757
1782,-0.204939,0.150966
1783,-0.201826,0.151614
1784,-0.201826,0.151614
1785,-0.202135,0.151115
1786,-0.202135,0.151115
1787,-0.201627,0.152204
1788,-0.201627,0.152204
1789,-0.200372,0.151751
1790,-0.200634,0.15218
1791,-0.202069,0.150804
1792,-0.201315,0.151899
1793,-0.199707,0.152535
1794,-0.201539,0.151246
1795,-0.201539,0.151246
1796,-0.204683,0.149871
1797,-0.20465,0.149799
1798,-0.20465,0.149799
1799,-0.20465,0.149799
1800,-0.203501,0.150345
1801,-0.203501,0.150345
1802,-0.201994,0.150666
1803,-0.200991,0.151234
1804,-0.202045,0.151612
1805,-0.201998,0.152065
1806,-0.201045,0.1527
1807,-0.200468,0.153358
1808,-0.200383,0.15214
1809,-0.200383,0.15214
1810,-0.200383,0.15214
1811,-0.199094,0.152361
1812,-0.200667,0.151299
1813,-0.202579,0.150533
1814,-0.203098,0.149698
1815,-0.203614,0.149681
1816,-0.202831,0.14971
1817,-0.201509,0.151186
1818,-0.201509,0.151186
1819,-0.201509,0.151186
1820,-0.201206,0.150436
1821,-0.202972,0.149809
1822,-0.201627,0.15043
1823,-0.202883,0.150767
1824,-0.202883,0.150767
1825,-0.201499,0.150762
1826,-0.200752,0.151205
1827,-0.200971,0.15135
1828,-0.20029,0.151187
1829,-0.199774,0.151382
1830,-0.201035,0.150922
1831,-0.200291,0.151562
1832,-0.200572,0.150331
1833,-0.204051,0.149421
1834,-0.202141,0.150392
1835,-0.200997,0.150275
1836,-0.200418,0.150792
1837,-0.200418,0.150792
1838,-0.201691,0.149865
1839,-0.202344,0.150462
1840,-0.202344,0.150462
1841,-0.201864,0.150579
1842,-0.202429,0.150263
1843,-0.202429,0.150263
1844,-0.202429,0.150263
1845,-0.202429,0.150263
1846,-0.202429,0.150263
1847,-0.202429,0.150263
1848,-0.202429,0.150263
1849,-0.202381,0.150337
1850,-0.202381,0.150337
1851,-0.201249,0.150945
1852,-0.201249,0.150945
1853,-0.201249,0.150945
1854,-0.201249,0.150945
1855,-0.201249,0.150945
1856,-0.201249,0.150945
1857,-0.201249,0.150945
1858,-0.200703,0.1502
1859,-0.199738,0.151335
1860,-0.199438,0.151487
1861,-0.197198,0.152815
1862,-0.197198,0.152815
1863,-0.198392,0.152693
1864,-0.198179,0.152922
1865,-0.19968,0.151688
1866,-0.19968,0.151688
1867,-0.199105,0.151988
1868,-0.199105,0.151988
1869,-0.198783,0.152946
1870,-0.20115,0.150866
1871,-0.200354,0.15091
1872,-0.202121,0.150608
1873,-0.20176,0.150997
1874,-0.20176,0.150997
1875,-0.201905,0.150929
1876,-0.201905,0.150929
1877,-0.201262,0.150737
1878,-0.197446,0.1522
1879,-0.197446,0.1522
1880,-0.199874,0.151821
1881,-0.199874,0.151821
1882,-0.196954,0.152722
1883,-0.198286,0.152734
1884,-0.200186,0.151993
1885,-0.197825,0.153166
1886,-0.197055,0.153733
1887,-0.197613,0.153736
1888,-0.197613,0.153736
1889,-0.197801,0.153387
1890,-0.198535,0.152032
1891,-0.197362,0.152568
1892,-0.197362,0.152568
1893,-0.197362,0.152568
1894,-0.198342,0.151877
1895,-0.200386,0.151346
1896,-0.200386,0.151346
1897,-0.199607,0.152208
1898,-0.19851,0.152088
1899,-0.19851,0.152088
1900,-0.195403,0.15406
1901,-0.19627,0.154114
1902,-0.196891,0.152539
1903,-0.198556,0.151485
1904,-0.198556,0.151485
1905,-0.198556,0.151485
1906,-0.196768,0.152728
1907,-0.196768,0.152728
1908,-0.19696,0.152373
1909,-0.195763,0.153964
1910,-0.195763,0.153964
1911,-0.195763,0.153964
1912,-0.197725,0.152236
1913,-0.19873,0.151858
1914,-0.198972,0.151956
1915,-0.198972,0.151956
1916,-0.198082,0.153422
1917,-0.198115,0.152164
1918,-0.197161,0.153026
1919,-0.197161,0.153026
1920,-0.198031,0.153174
1921,-0.196215,0.153562
1922,-0.196993,0.154099
1923,-0.195524,0.153749
1924,-0.195524,0.153749
1925,-0.195524,0.153749
1926,-0.19682,0.153373
1927,-0.196933,0.153641
1928,-0.196711,0.15434
1929,-0.196711,0.15434
1930,-0.196711,0.15434
1931,-0.197211,0.153255
1932,-0.197211,0.153255
1933,-0.195818,0.153789
1934,-0.196152,0.153963
1935,-0.196152,0.153963
1936,-0.196875,0.153135
1937,-0.196875,0.153135
1938,-0.195425,0.153264
1939,-0.194878,0.154649
1940,-0.196409,0.153874
1941,-0.19762,0.153271
1942,-0.196562,0.153359
1943,-0.196956,0.152326
1944,-0.196915,0.15222
1945,-0.196201,0.153018
1946,-0.196201,0.153018
1947,-0.195345,0.153065
1948,-0.19462,0.152928
1949,-0.19462,0.152928
1950,-0.19462,0.152928
1951,-0.193161,0.15488
1952,-0.193191,0.154188
1953,-0.194209,0.153772
1954,-0.194762,0.15375
1955,-0.194762,0.15375
1956,-0.196943,0.152873
1957,-0.196943,0.152873
1958,-0.196558,0.152534
1959,-0.194511,0.153605
1960,-0.194414,0.153893
1961,-0.194414,0.153893
1962,-0.194414,0.153893
1963,-0.196339,0.153462
1964,-0.196417,0.152593
1965,-0.196039,0.152809
1966,-0.19579,0.152713
1967,-0.193652,0.155157
1968,-0.192591,0.156128
1969,-0.191596,0.155505
1970,-0.193942,0.154338
1971,-0.194577,0.154454
1972,-0.195822,0.153135
1973,-0.196479,0.153699
1974,-0.196479,0.153699
1975,-0.194621,0.155256
1976,-0.194297,0.154739
1977,-0.194949,0.154522
1978,-0.193263,0.154081
1979,-0.193702,0.154072
1980,-0.193992,0.154661
1981,-0.192898,0.15486
1982,-0.193295,0.154371
1983,-0.194345,0.154098
1984,-0.196284,0.152593
1985,-0.194307,0.153395
1986,-0.192473,0.15448
1987,-0.190867,0.15458
1988,-0.190867,0.15458
1989,-0.190867,0.15458
1990,-0.193811,0.154143
1991,-0.193577,0.153381
1992,-0.193577,0.153381
1993,-0.193577,0.153381
1994,-0.194836,0.153566
1995,-0.194836,0.153566
1996,-0.192585,0.153481
1997,-0.192277,0.15451
1998,-0.190012,0.15661
1999,-0.190269,0.155641
2000,-0.188804,0.156536
2001,-0.189745,0.15709
2002,-0.189745,0.15709
2003,-0.190855,0.15734
2004,-0.189381,0.156719
2005,-0.188873,0.157223
2006,-0.186116,0.158021
2007,-0.18575,0.158682
2008,-0.18575,0.158682
2009,-0.18575,0.158682
2010,-0.184706,0.158861
2011,-0.185333,0.158658
2012,-0.186025,0.159496
2013,-0.185934,0.158379
2014,-0.187544,0.156646
2015,-0.187544,0.156646
2016,-0.188607,0.157489
2017,-0.188607,0.157489
2018,-0.188607,0.157489
2019,-0.187318,0.157366
2020,-0.189534,0.156557
2021,-0.19028,0.156035
2022,-0.19028,0.156035
2023,-0.19028,0.156035
2024,-0.19028,0.156035
2025,-0.189601,0.156086
2026,-0.189307,0.15643
2027,-0.191608,0.154962
2028,-0.191608,0.154962
2029,-0.191608,0.154962
2030,-0.191608,0.154962
2031,-0.189281,0.156472
2032,-0.188557,0.15713
2033,-0.185767,0.157892
2034,-0.186522,0.15766
2035,-0.186063,0.15846
2036,-0.187312,0.157007
2037,-0.185803,0.157537
2038,-0.185803,0.157537
2039,-0.1872,0.157464
2040,-0.186739,0.157444
2041,-0.186007,0.158057
2042,-0.185943,0.158327
2043,-0.184978,0.15931
2044,-0.186109,0.158298
2045,-0.187222,0.157455
2046,-0.189636,0.156399
2047,-0.185684,0.157821
2048,-0.185684,0.157821
2049,-0.184765,0.157755
2050,-0.186864,0.157091
2051,-0.185967,0.157453
2052,-0.187795,0.157144
2053,-0.187795,0.157144
2054,-0.187814,0.157073
2055,-0.18855,0.156335
2056,-0.190084,0.15599
2057,-0.190084,0.15599
2058,-0.191981,0.154843
2059,-0.189407,0.154528
2060,-0.191167,0.155161
2061,-0.191167,0.155161
2062,-0.190221,0.155471
2063,-0.190721,0.155888
2064,-0.191831,0.154967
2065,-0.191831,0.154967
2066,-0.191831,0.154967
2067,-0.191169,0.15572
2068,-0.191169,0.15572
2069,-0.188209,0.157636
2070,-0.188209,0.157636
2071,-0.187002,0.157635
2072,-0.185634,0.158532
2073,-0.184455,0.15946
2074,-0.183589,0.159289
2075,-0.183543,0.159667
2076,-0.182289,0.159472
2077,-0.184699,0.158668
2078,-0.183135,0.159515
2079,-0.183135,0.159515
2080,-0.183133,0.159235
2081,-0.185522,0.157823
2082,-0.185522,0.157823
2083,-0.185522,0.157823
2084,-0.185522,0.157823
2085,-0.185522,0.157823
2086,-0.185466,0.158784
2087,-0.186615,0.15848
2088,-0.185855,0.157577
2089,-0.185855,0.157577
2090,-0.183715,0.158851
2091,-0.182943,0.159585
2092,-0.182943,0.159585
2093,-0.182943,0.159585
2094,-0.182462,0.160249
2095,-0.186294,0.158693
2096,-0.188465,0.157429
2097,-0.188242,0.157334
2098,-0.188538,0.156966
2099,-0.188538,0.156966
2100,-0.190153,0.156962
2101,-0.189142,0.156188
2102,-0.187175,0.157637
2103,-0.188227,0.157562
2104,-0.189501,0.156967
2105,-0.19095,0.155487
2106,-0.19095,0.155487
2107,-0.19095,0.155487
2108,-0.19254,0.154167
2109,-0.19254,0.154167
2110,-0.19254,0.154167
2111,-0.192725,0.153727
2112,-0.192725,0.153727
2113,-0.192725,0.153727
2114,-0.193243,0.153295
2115,-0.193624,0.153453
2116,-0.193828,0.153682
2117,-0.192575,0.155978
2118,-0.192575,0.155978
2119,-0.192575,0.155978
2120,-0.193054,0.154894
2121,-0.193054,0.154894
2122,-0.19285,0.154914
2123,-0.193896,0.155695
2124,-0.193896,0.155695
2125,-0.193896,0.155695
2126,-0.193896,0.155695
2127,-0.193819,0.154745
2128,-0.194018,0.154733
2129,-0.19666,0.152112
2130,-0.19541,0.153246
2131,-0.19541,0.153246
2132,-0.194482,0.1526
2133,-0.194482,0.1526
2134,-0.196028,0.153312
2135,-0.195818,0.152795
2136,-0.195267,0.153117
2137,-0.196209,0.154073
2138,-0.196209,0.154073
2139,-0.196101,0.153248
2140,-0.196131,0.153489
2141,-0.194952,0.154083
2142,-0.194952,0.154083
2143,-0.194952,0.154083
2144,-0.194952,0.154083
2145,-0.193681,0.153843
2146,-0.193681,0.153843
2147,-0.193681,0.153843
2148,-0.193621,0.154787
2149,-0.193701,0.153549
2150,-0.195209,0.153449
2151,-0.196737,0.153553
2152,-0.196737,0.153553
2153,-0.196159,0.152926
2154,-0.195655,0.153144
2155,-0.194964,0.153549
2156,-0.196528,0.152376
2157,-0.196492,0.152916
2158,-0.196492,0.152916
2159,-0.19511,0.153385
2160,-0.19562,0.152333
2161,-0.195746,0.15235
2162,-0.195036,0.153258
2163,-0.195036,0.153258
2164,-0.195036,0.153258
2165,-0.195036,0.153258
2166,-0.194275,0.153591
2167,-0.194705,0.153886
2168,-0.19318,0.154136
2169,-0.193478,0.153801
2170,-0.193478,0.153801
2171,-0.193478,0.153801
2172,-0.193383,0.15347
2173,-0.194659,0.153672
2174,-0.194659,0.153672
2175,-0.194448,0.153689
2176,-0.191886,0.156379
2177,-0.192127,0.155407
2178,-0.194025,0.153752
2179,-0.193966,0.153653
2180,-0.192585,0.15435
2181,-0.192175,0.154644
2182,-0.192175,0.154644
2183,-0.192875,0.154767
2184,-0.192486,0.154098
2185,-0.192062,0.155454
2186,-0.192062,0.155454
2187,-0.192062,0.155454
2188,-0.192062,0.155454
2189,-0.191959,0.156164
2190,-0.191261,0.154862
2191,-0.191636,0.155379
2192,-0.19282,0.154933
2193,-0.19294,0.154721
2194,-0.191275,0.156067
2195,-0.193927,0.155267
2196,-0.193927,0.155267
2197,-0.193933,0.154988
2198,-0.194331,0.154735
2199,-0.193048,0.154134
2200,-0.193048,0.154134
2201,-0.193051,0.154569
2202,-0.19263,0.155553
2203,-0.193887,0.154077
2204,-0.192438,0.155324
2205,-0.192734,0.155538
2206,-0.194361,0.154489
2207,-0.19434,0.154547
2208,-0.19434,0.154547
2209,-0.19456,0.154259
2210,-0.192571,0.155002
2211,-0.193217,0.154471
2212,-0.193217,0.154471
2213,-0.191802,0.154122
2214,-0.193212,0.153553
2215,-0.193943,0.153485
2216,-0.193943,0.153485
2217,-0.194279,0.1535
2218,-0.194279,0.1535
2219,-0.19422,0.153287
2220,-0.193974,0.154461
2221,-0.193974,0.154461
2222,-0.192698,0.155038
2223,-0.192698,0.155038
2224,-0.192812,0.154206
2225,-0.192812,0.154206
2226,-0.192143,0.155015
2227,-0.192143,0.155015
2228,-0.191856,0.154791
2229,-0.193375,0.154572
2230,-0.191826,0.154904
2231,-0.189883,0.155583
2232,-0.191082,0.155052
2233,-0.191082,0.155052
2234,-0.191297,0.155429
2235,-0.189269,0.157372
2236,-0.189425,0.156813
2237,-0.188495,0.157456
2238,-0.188705,0.156649
2239,-0.188722,0.157099
2240,-0.188567,0.157907
2241,-0.188567,0.157907
2242,-0.191005,0.15673
2243,-0.189994,0.156821
2244,-0.192337,0.155569
2245,-0.192337,0.155569
2246,-0.194254,0.154946
2247,-0.194254,0.154946
2248,-0.193796,0.155108
2249,-0.192823,0.155226
2250,-0.192888,0.155353
2251,-0.192097,0.155289
2252,-0.193437,0.154705
2253,-0.193437,0.154705
2254,-0.193437,0.154705
2255,-0.193437,0.154705
2256,-0.192693,0.154907
2257,-0.193476,0.154985
2258,-0.192948,0.155041
2259,-0.192218,0.156303
2260,-0.191826,0.156022
2261,-0.192051,0.155677
2262,-0.192051,0.155677
2263,-0.189988,0.156793
2264,-0.191248,0.155954
2265,-0.192268,0.155585
2266,-0.192268,0.155585
2267,-0.191308,0.156573
2268,-0.190294,0.157209
2269,-0.190294,0.157209
2270,-0.191491,0.156957
2271,-0.192909,0.156164
2272,-0.19027,0.157435
2273,-0.190898,0.156875
2274,-0.193702,0.155952
2275,-0.192528,0.15524
2276,-0.193065,0.15543
2277,-0.193023,0.154799
2278,-0.192749,0.154135
2279,-0.192326,0.155099
2280,-0.191113,0.155326
2281,-0.191144,0.155308
2282,-0.188767,0.156608
2283,-0.188767,0.156608
2284,-0.186754,0.157955
2285,-0.187396,0.158314
2286,-0.185622,0.158454
2287,-0.187701,0.156285
2288,-0.187701,0.156285
2289,-0.188044,0.156066
2290,-0.188044,0.156066
2291,-0.187154,0.157111
2292,-0.187316,0.158127
2293,-0.187316,0.158127
2294,-0.187316,0.158127
2295,-0.189822,0.156472
2296,-0.190051,0.155532
2297,-0.190051,0.155532
2298,-0.192201,0.154429
2299,-0.192201,0.154429
2300,-0.191568,0.155336
2301,-0.190788,0.156425
2302,-0.190788,0.156425
2303,-0.190782,0.155489
2304,-0.190019,0.156659
2305,-0.190019,0.156659
2306,-0.190608,0.15654
2307,-0.191194,0.156398
2308,-0.1908,0.156527
2309,-0.190749,0.156411
2310,-0.190749,0.156411
2311,-0.188311,0.157632
2312,-0.189095,0.157479
2313,-0.18848,0.157457
2314,-0.187401,0.158007
2315,-0.187043,0.157801
2316,-0.187502,0.157313
2317,-0.187598,0.156906
2318,-0.187204,0.157578
2319,-0.188651,0.156924
2320,-0.186257,0.158148
2321,-0.18782,0.158051
2322,-0.18782,0.158051
2323,-0.18782,0.158051
2324,-0.187973,0.15759
2325,-0.187973,0.15759
2326,-0.187285,0.158071
2327,-0.186225,0.159124
2328,-0.18855,0.157779
2329,-0.188164,0.158545
2330,-0.189158,0.157215
2331,-0.189158,0.157215
2332,-0.189158,0.157215
2333,-0.189154,0.157172
2334,-0.189161,0.156425
2335,-0.189978,0.156684
2336,-0.189994,0.156729
2337,-0.189994,0.156729
2338,-0.189994,0.156729
2339,-0.189664,0.156629
2340,-0.189664,0.156629
2341,-0.189664,0.156629
2342,-0.190053,0.157106
2343,-0.190578,0.15635
2344,-0.189929,0.156469
2345,-0.188935,0.157064
2346,-0.189956,0.156971
2347,-0.192078,0.155274
2348,-0.191978,0.155682
2349,-0.190462,0.156739
2350,-0.190462,0.156739
2351,-0.190462,0.156739
2352,-0.190462,0.156739
2353,-0.189263,0.156376
2354,-0.192118,0.155133
2355,-0.190434,0.156635
2356,-0.190434,0.156635
2357,-0.190434,0.156635
2358,-0.191399,0.15631
2359,-0.191048,0.156202
2360,-0.190983,0.155236
2361,-0.190983,0.155236
2362,-0.191218,0.155834
2363,-0.189919,0.15621
2364,-0.190053,0.155587
2365,-0.192775,0.155883
2366,-0.191551,0.155468
2367,-0.191858,0.155829
2368,-0.1936,0.154874
2369,-0.194725,0.154127
2370,-0.193652,0.155097
2371,-0.194256,0.153911
2372,-0.194256,0.153911
2373,-0.194337,0.153545
2374,-0.196884,0.152679
2375,-0.194961,0.153349
2376,-0.1949,0.153212
2377,-0.194867,0.153826
2378,-0.192479,0.15508
2379,-0.195248,0.15411
2380,-0.196113,0.153895
2381,-0.196113,0.153895
2382,-0.196419,0.153722
2383,-0.19616,0.15298
2384,-0.197302,0.152504
2385,-0.197302,0.152504
2386,-0.197302,0.152504
2387,-0.197097,0.153211
2388,-0.198307,0.152695
2389,-0.198307,0.152695
2390,-0.199449,0.152098
2391,-0.198297,0.152841
2392,-0.198297,0.152841
2393,-0.196525,0.152532
2394,-0.197961,0.151496
2395,-0.196134,0.152819
2396,-0.197505,0.152592
2397,-0.197505,0.152592
2398,-0.197505,0.152592
2399,-0.198486,0.152713
2400,-0.197453,0.152608
2401,-0.197453,0.152608
2402,-0.197453,0.152608
2403,-0.197708,0.15265
2404,-0.198061,0.152825
2405,-0.19744,0.152811
2406,-0.195727,0.153132
2407,-0.195727,0.153132
2408,-0.195153,0.152899
2409,-0.195153,0.152899
2410,-0.194895,0.152853
2411,-0.194895,0.152853
2412,-0.193897,0.154332
2413,-0.193966,0.153753
2414,-0.193661,0.154872
2415,-0.193661,0.154872
2416,-0.193473,0.153943
2417,-0.193765,0.154578
2418,-0.195552,0.153582
2419,-0.194013,0.15451
2420,-0.194737,0.153858
2421,-0.195845,0.153276
2422,-0.196619,0.15333
2423,-0.195538,0.153765
2424,-0.19723,0.152743
2425,-0.197625,0.152622
2426,-0.197625,0.152622
2427,-0.197672,0.152371
2428,-0.197672,0.152371
2429,-0.197644,0.152642
2430,-0.197644,0.152642
2431,-0.198938,0.151908
2432,-0.198938,0.151908
2433,-0.199491,0.151135
2434,-0.200565,0.149969
2435,-0.202317,0.149185
2436,-0.202473,0.149338
2437,-0.201968,0.149991
2438,-0.201968,0.149991
2439,-0.201945,0.149792
2440,-0.201945,0.149792
2441,-0.20035,0.150874
2442,-0.197796,0.152196
2443,-0.198518,0.152615
2444,-0.199043,0.152366
2445,-0.199388,0.152491
2446,-0.19807,0.152026
2447,-0.199876,0.152201
2448,-0.199729,0.152175
2449,-0.199729,0.152175
2450,-0.199729,0.152175
2451,-0.199729,0.152175
2452,-0.197418,0.15246
2453,-0.197662,0.152279
2454,-0.19758,0.152623
2455,-0.198246,0.151961
2456,-0.198246,0.151961
2457,-0.198246,0.151961
2458,-0.197391,0.151821
2459,-0.197806,0.153005
2460,-0.196458,0.153112
2461,-0.196458,0.153112
2462,-0.196897,0.152379
2463,-0.197304,0.151766
2464,-0.197434,0.152488
2465,-0.198243,0.151535
2466,-0.199834,0.151195
2467,-0.199834,0.151195
2468,-0.197711,0.151725
2469,-0.19818,0.151753
2470,-0.19818,0.151753
2471,-0.195829,0.151836
2472,-0.197288,0.151789
2473,-0.197029,0.152009
2474,-0.195405,0.152928
2475,-0.195661,0.153244
2476,-0.193388,0.15424
2477,-0.194836,0.153298
2478,-0.194836,0.153298
2479,-0.194836,0.153298
2480,-0.194836,0.153298
2481,-0.194836,0.153298
2482,-0.194836,0.153298
2483,-0.194529,0.153514
2484,-0.194529,0.153514
2485,-0.195555,0.153764
2486,-0.195555,0.153764
2487,-0.196054,0.153352
2488,-0.197271,0.15333
2489,-0.198036,0.152574
2490,-0.197433,0.152257
2491,-0.198994,0.151686
2492,-0.201403,0.150264
2493,-0.201403,0.150264
2494,-0.200433,0.150526
2495,-0.197918,0.152542
2496,-0.199689,0.151326
2497,-0.199689,0.151326
2498,-0.199689,0.151326
2499,-0.198757,0.15212
2500,-0.200669,0.150907
2501,-0.200669,0.150907
2502,-0.202032,0.150057
2503,-0.203956,0.149032
2504,-0.203956,0.149032
2505,-0.203956,0.149032
2506,-0.202014,0.149694
2507,-0.200434,0.150115
2508,-0.199587,0.150263
2509,-0.198906,0.152112
2510,-0.198558,0.151862
2511,-0.200473,0.151542
2512,-0.198807,0.151429
2513,-0.197261,0.152228
2514,-0.1976,0.152435
2515,-0.196967,0.152171
2516,-0.196967,0.152171
2517,-0.196574,0.153068
2518,-0.196113,0.15326
2519,-0.195211,0.152985
2520,-0.195211,0.152985
2521,-0.195528,0.153349
2522,-0.196658,0.154372
2523,-0.19526,0.15374
2524,-0.194356,0.154889
2525,-0.194359,0.155051
2526,-0.192871,0.155439
2527,-0.192871,0.155439
2528,-0.193406,0.154873
2529,-0.196654,0.15322
2530,-0.196654,0.15322
2531,-0.196654,0.15322
2532,-0.196654,0.15322
2533,-0.195938,0.15366
2534,-0.194291,0.154869
2535,-0.19445,0.154629
2536,-0.19445,0.154629
2537,-0.196534,0.154145
2538,-0.196069,0.152309
2539,-0.196069,0.152309
2540,-0.196069,0.152309
2541,-0.19733,0.152141
2542,-0.196814,0.152407
2543,-0.197499,0.15193
2544,-0.197499,0.15193
2545,-0.197346,0.15264
2546,-0.19728,0.152725
2547,-0.199205,0.151626
2548,-0.199433,0.151479
2549,-0.200627,0.150377
2550,-0.198369,0.150943
2551,-0.197471,0.151905
2552,-0.197184,0.152162
2553,-0.196239,0.152773
2554,-0.194433,0.154055
2555,-0.195503,0.154121
2556,-0.197873,0.152167
2557,-0.197747,0.15254
2558,-0.197671,0.151886
2559,-0.197671,0.151886
2560,-0.197671,0.151886
2561,-0.198047,0.152143
2562,-0.198047,0.152143
2563,-0.196745,0.152773
2564,-0.197504,0.152242
2565,-0.197879,0.151408
2566,-0.197528,0.151657
2567,-0.199115,0.151216
2568,-0.200419,0.150788
2569,-0.200419,0.150788
2570,-0.200599,0.150177
2571,-0.200599,0.150177
2572,-0.200599,0.150177
2573,-0.20052,0.150928
2574,-0.203682,0.148565
2575,-0.203933,0.148704
2576,-0.203313,0.148588
2577,-0.203313,0.148588
2578,-0.204932,0.149967
2579,-0.203871,0.149944
2580,-0.202624,0.14953
2581,-0.204886,0.148179
2582,-0.20712,0.148435
2583,-0.207388,0.147831
2584,-0.206887,0.148494
2585,-0.206887,0.148494
2586,-0.208017,0.146703
2587,-0.208017,0.146703
2588,-0.208017,0.146703
2589,-0.20769,0.147325
2590,-0.2065,0.147593
2591,-0.2065,0.147593
2592,-0.206744,0.148301
2593,-0.206184,0.148603
2594,-0.206341,0.149308
2595,-0.206341,0.149308
2596,-0.206481,0.148121
2597,-0.206481,0.148121
2598,-0.20734,0.147893
2599,-0.207706,0.147651
2600,-0.207706,0.147651
2601,-0.205799,0.14794
2602,-0.205019,0.147619
2603,-0.205019,0.147619
2604,-0.205141,0.148582
2605,-0.205141,0.148582
2606,-0.207252,0.146941
2607,-0.207252,0.146941
2608,-0.207252,0.146941
2609,-0.208352,0.146633
2610,-0.207171,0.147569
2611,-0.207377,0.147059
2612,-0.207377,0.147059
2613,-0.206524,0.146864
2614,-0.20737,0.147468
2615,-0.207764,0.146591
2616,-0.208775,0.146968
2617,-0.204857,0.149677
2618,-0.203278,0.149713
2619,-0.203278,0.149713
2620,-0.206023,0.148029
2621,-0.206023,0.148029
2622,-0.206289,0.147639
2623,-0.207841,0.147033
2624,-0.207841,0.147033
2625,-0.207841,0.147033
2626,-0.20718,0.147072
2627,-0.20718,0.147072
2628,-0.20718,0.147072
2629,-0.206658,0.14729
2630,-0.206658,0.14729
2631,-0.206658,0.14729
2632,-0.207539,0.147289
2633,-0.207005,0.14832
2634,-0.206722,0.147856
2635,-0.208207,0.147896
2636,-0.208207,0.147896
2637,-0.205332,0.148013
2638,-0.204786,0.149279
2639,-0.204786,0.149279
2640,-0.203865,0.149224
2641,-0.205172,0.147999
2642,-0.204761,0.147993
2643,-0.206698,0.147166
2644,-0.205761,0.146948
2645,-0.205761,0.146948
2646,-0.205761,0.146948
2647,-0.206576,0.147575
2648,-0.206576,0.147575
2649,-0.20643,0.147519
2650,-0.204264,0.148962
2651,-0.204896,0.148214
2652,-0.203284,0.148641
2653,-0.200858,0.150376
2654,-0.200858,0.150376
2655,-0.201233,0.150531
2656,-0.202453,0.149234
2657,-0.204381,0.148969
2658,-0.203224,0.149481
2659,-0.203224,0.149481
2660,-0.203224,0.149481
2661,-0.202798,0.149518
2662,-0.202798,0.149518
2663,-0.201888,0.149744
2664,-0.20187,0.149181
2665,-0.20187,0.149181
2666,-0.201144,0.15031
2667,-0.200428,0.151558
2668,-0.200428,0.151558
2669,-0.20189,0.1508
2670,-0.20189,0.1508
2671,-0.20189,0.1508
2672,-0.202404,0.150543
2673,-0.200671,0.150253
2674,-0.200671,0.150253
2675,-0.200671,0.150253
2676,-0.199988,0.150568
2677,-0.200062,0.151247
2678,-0.200062,0.151247
2679,-0.201324,0.14972
2680,-0.201324,0.14972
2681,-0.200962,0.150404
2682,-0.19959,0.151428
2683,-0.199289,0.150847
2684,-0.199857,0.151002
2685,-0.199857,0.151002
2686,-0.201287,0.150404
2687,-0.200743,0.151148
2688,-0.201286,0.151147
2689,-0.201286,0.151147
2690,-0.201286,0.151147
2691,-0.201286,0.151147
2692,-0.201286,0.151147
2693,-0.201286,0.151147
2694,-0.198567,0.150902
2695,-0.198567,0.150902
2696,-0.199601,0.151856
2697,-0.198485,0.15283
2698,-0.19802,0.153129
2699,-0.199185,0.15234
2700,-0.198912,0.151721
2701,-0.198912,0.151721
2702,-0.198912,0.151721
2703,-0.197829,0.15297
2704,-0.198453,0.152057
2705,-0.199419,0.15236
2706,-0.199419,0.15236
2707,-0.198574,0.15231
2708,-0.20045,0.150848
2709,-0.200366,0.150417
2710,-0.200366,0.150417
2711,-0.200305,0.150444
2712,-0.200305,0.150444
2713,-0.198831,0.150608
2714,-0.198021,0.15286
2715,-0.198021,0.15286
2716,-0.198021,0.15286
2717,-0.199391,0.152502
2718,-0.197874,0.152898
2719,-0.197874,0.152898
2720,-0.197874,0.152898
2721,-0.197874,0.152898
2722,-0.195374,0.153535
2723,-0.194046,0.153579
2724,-0.194046,0.153579
2725,-0.194046,0.153579
2726,-0.194046,0.153579
2727,-0.194781,0.154143
2728,-0.194781,0.154143
2729,-0.194368,0.153978
2730,-0.195421,0.152971
2731,-0.195421,0.152971
2732,-0.195657,0.154195
2733,-0.195889,0.153063
2734,-0.195889,0.153063
2735,-0.196779,0.152276
2736,-0.195027,0.152829
2737,-0.195238,0.152615
2738,-0.195541,0.152001
2739,-0.195011,0.153517
2740,-0.195984,0.153294
2741,-0.197681,0.153211
2742,-0.195573,0.153425
2743,-0.195753,0.154134
2744,-0.192743,0.154669
2745,-0.191381,0.155483
2746,-0.191381,0.155483
2747,-0.191381,0.155483
2748,-0.191066,0.156341
2749,-0.192275,0.155021
2750,-0.192903,0.154936
2751,-0.19035,0.155362
2752,-0.19035,0.155362
2753,-0.19035,0.155362
2754,-0.190865,0.155744
2755,-0.189229,0.156345
2756,-0.190611,0.156105
2757,-0.190611,0.156105
2758,-0.190766,0.155718
2759,-0.190766,0.155718
2760,-0.190766,0.155718
2761,-0.190766,0.155718
2762,-0.190785,0.155913
2763,-0.190785,0.155913
2764,-0.190785,0.155913
2765,-0.190785,0.155913
2766,-0.190785,0.155913
2767,-0.189655,0.155992
2768,-0.191372,0.155671
2769,-0.191372,0.155671
2770,-0.190833,0.156295
2771,-0.191091,0.156234
2772,-0.192783,0.155375
2773,-0.192783,0.155375
2774,-0.192281,0.155201
2775,-0.192281,0.155201
2776,-0.190733,0.155628
2777,-0.190733,0.155628
2778,-0.190733,0.155628
2779,-0.192526,0.154361
2780,-0.191629,0.155063
2781,-0.191629,0.155063
2782,-0.192472,0.154959
2783,-0.192472,0.154959
2784,-0.191668,0.154439
2785,-0.190628,0.155454
2786,-0.191474,0.156077
2787,-0.192477,0.155295
2788,-0.193516,0.153697
2789,-0.193516,0.153697
2790,-0.193202,0.154016
2791,-0.193825,0.153876
2792,-0.193825,0.153876
2793,-0.19474,0.154263
2794,-0.196424,0.153708
2795,-0.196695,0.15314
2796,-0.196986,0.152373
2797,-0.198713,0.151208
2798,-0.198713,0.151208
2799,-0.198227,0.151688
2800,-0.198227,0.151688
2801,-0.199565,0.150715
2802,-0.199621,0.150913
2803,-0.198097,0.151015
2804,-0.200477,0.15003
2805,-0.197936,0.150966
2806,-0.198707,0.150477
2807,-0.198707,0.150477
2808,-0.195335,0.151906
2809,-0.196226,0.151826
2810,-0.19706,0.151449
2811,-0.19597,0.15179
2812,-0.197698,0.151039
2813,-0.197153,0.150989
2814,-0.197613,0.15115
2815,-0.198746,0.150592
2816,-0.198746,0.150592
2817,-0.198005,0.150805
2818,-0.198956,0.150148
2819,-0.198956,0.150148
2820,-0.197235,0.151467
2821,-0.197235,0.151467
2822,-0.198654,0.150905
2823,-0.198654,0.150905
2824,-0.196275,0.151855
2825,-0.196403,0.151992
2826,-0.197138,0.152323
2827,-0.19634,0.152282
2828,-0.195395,0.152794
2829,-0.196376,0.152701
2830,-0.194657,0.153535
2831,-0.193711,0.154109
2832,-0.193711,0.154109
2833,-0.19559,0.153518
2834,-0.19559,0.153518
2835,-0.1941,0.154303
2836,-0.1947,0.153298
2837,-0.194938,0.153515
2838,-0.194544,0.154242
2839,-0.194544,0.154242
2840,-0.194544,0.154242
2841,-0.192594,0.155091
2842,-0.192861,0.155477
2843,-0.192562,0.155324
2844,-0.192562,0.155324
2845,-0.192562,0.155324
2846,-0.190135,0.155848
2847,-0.189872,0.156491
2848,-0.189872,0.156491
2849,-0.189872,0.156491
2850,-0.191749,0.155586
2851,-0.191953,0.155126
2852,-0.192594,0.155496
2853,-0.192594,0.155496
2854,-0.192594,0.155496
2855,-0.191767,0.155879
2856,-0.192844,0.155794
2857,-0.193104,0.155312
2858,-0.192737,0.155243
2859,-0.192737,0.155243
2860,-0.192398,0.155535
2861,-0.192398,0.155535
2862,-0.191488,0.155067
2863,-0.190092,0.155797
2864,-0.190092,0.155797
2865,-0.190092,0.155797
2866,-0.188911,0.156334
2867,-0.190632,0.15495
2868,-0.190632,0.15495
2869,-0.190632,0.15495
2870,-0.190913,0.155217
2871,-0.190913,0.155217
2872,-0.190913,0.155217
2873,-0.193431,0.15359
2874,-0.192652,0.154084
2875,-0.193961,0.153549
2876,-0.192531,0.154507
2877,-0.190917,0.154254
2878,-0.191732,0.15441
2879,-0.193473,0.154469
2880,-0.193473,0.154469
2881,-0.193473,0.154469
2882,-0.192104,0.155244
2883,-0.192247,0.154111
2884,-0.194224,0.154055
2885,-0.194224,0.154055
2886,-0.192718,0.153587
2887,-0.193477,0.153677
2888,-0.193477,0.153677
2889,-0.194847,0.153736
2890,-0.194858,0.15401
2891,-0.191223,0.15513
2892,-0.191223,0.15513
2893,-0.191223,0.15513
2894,-0.191925,0.154954
2895,-0.191925,0.154954
2896,-0.191977,0.154683
2897,-0.191977,0.154683
2898,-0.189832,0.156052
2899,-0.189042,0.156412
2900,-0.19128,0.15533
2901,-0.190393,0.156047
2902,-0.189513,0.156207
2903,-0.188484,0.156535
2904,-0.188484,0.156535
2905,-0.188484,0.156535
2906,-0.190768,0.155359
2907,-0.189738,0.154865
2908,-0.191349,0.15406
2909,-0.192248,0.154337
2910,-0.192647,0.153861
2911,-0.192647,0.153861
2912,-0.193651,0.153134
2913,-0.193651,0.153134
2914,-0.190304,0.155051
2915,-0.192077,0.154337
2916,-0.193458,0.154056
2917,-0.193458,0.154056
2918,-0.191844,0.154508
2919,-0.192603,0.154513
2920,-0.192256,0.155018
2921,-0.192256,0.155018
2922,-0.192043,0.154736
2923,-0.187541,0.157247
2924,-0.189142,0.156965
2925,-0.188367,0.156777
2926,-0.188285,0.156164
2927,-0.188755,0.157675
2928,-0.188755,0.157675
2929,-0.188755,0.157675
2930,-0.188755,0.157675
2931,-0.188755,0.157675
2932,-0.189282,0.156631
2933,-0.189282,0.156631
2934,-0.190379,0.157601
2935,-0.19021,0.157419
2936,-0.19021,0.157419
2937,-0.188464,0.15708
2938,-0.188567,0.157752
2939,-0.188016,0.157762
2940,-0.188016,0.157762
2941,-0.18839,0.157041
2942,-0.187187,0.157989
2943,-0.186605,0.158303
2944,-0.185493,0.15816
2945,-0.18661,0.158615
2946,-0.188265,0.157776
2947,-0.188205,0.157258
2948,-0.188205,0.157258
2949,-0.188205,0.157258
2950,-0.187739,0.157043
2951,-0.187738,0.156697
2952,-0.188352,0.15796
2953,-0.188352,0.15796
2954,-0.188352,0.15796
2955,-0.187879,0.156749
2956,-0.188314,0.155528
2957,-0.188314,0.155528
2958,-0.188314,0.155528
2959,-0.188314,0.155528
2960,-0.187347,0.156424
2961,-0.189389,0.155748
2962,-0.187615,0.156301
2963,-0.188796,0.156266
2964,-0.188097,0.156221
2965,-0.18837,0.156778
2966,-0.186493,0.158188
2967,-0.184993,0.158271
2968,-0.184993,0.158271
2969,-0.186603,0.156919
2970,-0.186564,0.157658
2971,-0.188214,0.156288
2972,-0.188214,0.156288
2973,-0.188214,0.156288
2974,-0.188002,0.156415
2975,-0.187779,0.15621
2976,-0.185554,0.156371
2977,-0.184865,0.157129
2978,-0.184865,0.157129
2979,-0.187478,0.156828
2980,-0.189085,0.155702
2981,-0.188905,0.155687
2982,-0.188462,0.155696
2983,-0.188079,0.156513
2984,-0.190245,0.155382
2985,-0.188302,0.155762
2986,-0.188302,0.155762
2987,-0.187831,0.156552
2988,-0.186149,0.158282
2989,-0.188583,0.155873
2990,-0.188378,0.155894
2991,-0.188378,0.155894
2992,-0.188378,0.155894
2993,-0.188862,0.156624
2994,-0.188177,0.156057
2995,-0.188177,0.156057
2996,-0.187765,0.156341
2997,-0.188236,0.15693
2998,-0.188171,0.155879
2999,-0.188171,0.155879
3000,-0.188959,0.15604
3001,-0.188179,0.157727
3002,-0.188179,0.157727
3003,-0.188179,0.157727
3004,-0.188179,0.157727
3005,-0.186705,0.157807
3006,-0.185644,0.158209
3007,-0.185065,0.158219
3008,-0.186256,0.157312
3009,-0.186256,0.157312
3010,-0.186256,0.157312
3011,-0.187018,0.15712
3012,-0.187018,0.15712
3013,-0.187018,0.15712
3014,-0.187018,0.15712
3015,-0.186968,0.15728
3016,-0.186968,0.15728
3017,-0.187994,0.157199
3018,-0.188198,0.156444
3019,-0.189635,0.155613
3020,-0.18758,0.15605
3021,-0.18758,0.15605
3022,-0.187229,0.156638
3023,-0.187229,0.156638
3024,-0.188233,0.155736
3025,-0.188233,0.155736
3026,-0.185557,0.156908
3027,-0.184463,0.158511
3028,-0.186949,0.158328
3029,-0.185272,0.159397
3030,-0.185106,0.157613
3031,-0.183918,0.159423
3032,-0.185664,0.15745
3033,-0.185664,0.15745
3034,-0.185109,0.157112
3035,-0.185384,0.158465
3036,-0.183515,0.159193
3037,-0.183515,0.159193
3038,-0.183093,0.159273
3039,-0.182903,0.15941
3040,-0.181732,0.160282
3041,-0.182669,0.160318
3042,-0.185337,0.158576
3043,-0.185887,0.158735
3044,-0.185413,0.159563
3045,-0.185413,0.159563
3046,-0.185413,0.159563
3047,-0.185413,0.159563
3048,-0.185413,0.159563
3049,-0.184874,0.159396
3050,-0.187259,0.157106
3051,-0.187928,0.157305
3052,-0.187814,0.157507
3053,-0.186675,0.158188
3054,-0.186884,0.158433
3055,-0.186884,0.158433
3056,-0.187275,0.158277
3057,-0.185628,0.15831
3058,-0.185628,0.15831
3059,-0.185628,0.15831
3060,-0.185628,0.15831
3061,-0.184778,0.159191
3062,-0.185175,0.158115
3063,-0.186319,0.15776
3064,-0.186319,0.15776
3065,-0.186319,0.15776
3066,-0.186319,0.15776
3067,-0.186812,0.157427
3068,-0.187535,0.157508
3069,-0.186369,0.157963
3070,-0.18812,0.156688
3071,-0.191054,0.155649
3072,-0.191054,0.155649
3073,-0.191366,0.15614
3074,-0.191366,0.15614
3075,-0.191002,0.155886
3076,-0.190199,0.156021
3077,-0.190518,0.155766
3078,-0.192844,0.154568
3079,-0.191682,0.156467
3080,-0.192308,0.154993
3081,-0.191355,0.154888
3082,-0.191355,0.154888
3083,-0.189958,0.155476
3084,-0.189958,0.155476
3085,-0.189545,0.15524
3086,-0.189545,0.15524
3087,-0.191536,0.154766
3088,-0.191536,0.154766
3089,-0.190619,0.155903
3090,-0.190974,0.155344
3091,-0.191392,0.154713
3092,-0.191392,0.154713
3093,-0.191392,0.154713
3094,-0.191392,0.154713
3095,-0.190718,0.155246
3096,-0.189981,0.156221
3097,-0.189981,0.156059
3098,-0.190902,0.15563
3099,-0.190902,0.15563
3100,-0.189548,0.155752
3101,-0.190641,0.156231
3102,-0.190641,0.156231
3103,-0.190641,0.156231
3104,-0.189991,0.156306
3105,-0.189212,0.15689
3106,-0.189212,0.15689
3107,-0.189244,0.15698
3108,-0.189244,0.15698
3109,-0.186425,0.158902
3110,-0.18588,0.158497
3111,-0.185064,0.15931
3112,-0.184519,0.159287
3113,-0.184519,0.159287
3114,-0.184519,0.159287
3115,-0.186507,0.158401
3116,-0.184986,0.158482
3117,-0.184431,0.159763
3118,-0.184158,0.158841
3119,-0.183569,0.159598
3120,-0.185646,0.157787
3121,-0.185646,0.157787
3122,-0.187693,0.157503
3123,-0.187693,0.157503
3124,-0.186922,0.157758
3125,-0.186524,0.157618
3126,-0.186524,0.157618
3127,-0.186413,0.157578
3128,-0.186413,0.157578
3129,-0.187182,0.157443
3130,-0.186502,0.158015
3131,-0.186569,0.158127
3132,-0.186569,0.158127
3133,-0.186569,0.158127
3134,-0.186569,0.158127
3135,-0.186394,0.15874
3136,-0.186394,0.15874
3137,-0.186279,0.158074
3138,-0.186421,0.15876
3139,-0.186421,0.15876
3140,-0.185716,0.159703
3141,-0.186396,0.15922
3142,-0.186396,0.15922
3143,-0.186396,0.15922
3144,-0.186396,0.15922
3145,-0.186396,0.15922
3146,-0.186396,0.15922
3147,-0.186719,0.159393
3148,-0.186719,0.159393
3149,-0.186763,0.157859
3150,-0.188018,0.158452
3151,-0.188924,0.157487
3152,-0.188924,0.157487
3153,-0.188924,0.157487
3154,-0.188924,0.157487
3155,-0.190297,0.156982
3156,-0.188003,0.157801
3157,-0.188003,0.157801
3158,-0.188783,0.157912
3159,-0.188783,0.157912
3160,-0.188783,0.157912
3161,-0.187107,0.158007
3162,-0.188745,0.157631
3163,-0.188745,0.157631
3164,-0.190352,0.15735
3165,-0.190352,0.15735
3166,-0.190352,0.15735
3167,-0.190352,0.15735
3168,-0.190352,0.15735
3169,-0.189231,0.157382
3170,-0.189231,0.157382
3171,-0.189231,0.157382
3172,-0.189231,0.157382
3173,-0.190913,0.156936
3174,-0.190195,0.157586
3175,-0.189999,0.157388
3176,-0.189999,0.157388
3177,-0.188186,0.159056
3178,-0.191186,0.157676
3179,-0.191186,0.157676
3180,-0.191739,0.156722
3181,-0.192987,0.155911
3182,-0.191962,0.155665
3183,-0.192932,0.15608
3184,-0.192932,0.15608
3185,-0.193902,0.154517
3186,-0.193524,0.155494
3187,-0.193524,0.155494
3188,-0.193524,0.155494
3189,-0.192214,0.155727
3190,-0.192214,0.155727
3191,-0.19406,0.15464
3192,-0.194291,0.153389
3193,-0.194884,0.15341
3194,-0.197419,0.152568
3195,-0.198587,0.151159
3196,-0.196013,0.152474
3197,-0.196013,0.152474
3198,-0.196013,0.152474
3199,-0.196376,0.153186
3200,-0.196275,0.151912
3201,-0.195182,0.153361
3202,-0.195791,0.153759
3203,-0.195791,0.153759
3204,-0.194981,0.153883
3205,-0.194263,0.153761
3206,-0.19604,0.153725
3207,-0.196468,0.153272
3208,-0.196365,0.153102
3209,-0.198269,0.153092
3210,-0.197544,0.153249
3211,-0.196794,0.153696
3212,-0.196586,0.152795
3213,-0.198765,0.151946
3214,-0.198765,0.151946
3215,-0.198765,0.151946
3216,-0.199972,0.151755
3217,-0.199972,0.151755
3218,-0.198305,0.151576
3219,-0.197447,0.152802
3220,-0.197447,0.152802
3221,-0.19655,0.15245
3222,-0.197446,0.151848
3223,-0.194788,0.153292
3224,-0.195252,0.152899
3225,-0.195252,0.152899
3226,-0.195252,0.152899
3227,-0.197535,0.153456
3228,-0.195635,0.153302
3229,-0.195703,0.154649
3230,-0.196774,0.154078
3231,-0.197437,0.153667
3232,-0.196322,0.153803
3233,-0.196322,0.153803
3234,-0.196322,0.153803
3235,-0.196637,0.154107
3236,-0.196637,0.154107
3237,-0.197034,0.153903
3238,-0.197323,0.152336
3239,-0.197094,0.154032
3240,-0.195857,0.15387
3241,-0.195857,0.15387
3242,-0.195242,0.154691
3243,-0.192578,0.15533
3244,-0.192578,0.15533
3245,-0.193225,0.155556
3246,-0.193225,0.155556
3247,-0.193225,0.155556
3248,-0.192901,0.155973
3249,-0.193027,0.156248
3250,-0.194823,0.155267
3251,-0.194823,0.155267
3252,-0.195444,0.155416
3253,-0.194395,0.155732
3254,-0.194395,0.155732
3255,-0.194395,0.155732
3256,-0.195764,0.154937
3257,-0.196326,0.153914
3258,-0.196326,0.153914
3259,-0.196326,0.153914
3260,-0.197973,0.153893
3261,-0.196291,0.153326
3262,-0.196291,0.153326
3263,-0.1964,0.15302
3264,-0.1964,0.15302
3265,-0.197922,0.152695
3266,-0.196716,0.153585
3267,-0.196689,0.152478
3268,-0.197043,0.152217
3269,-0.197906,0.152251
3270,-0.198063,0.151658
3271,-0.199276,0.152839
3272,-0.198442,0.152117
3273,-0.19657,0.152724
3274,-0.19657,0.152724
3275,-0.196406,0.152806
3276,-0.194384,0.153687
3277,-0.194766,0.153988
3278,-0.196448,0.153757
3279,-0.196448,0.153757
3280,-0.194709,0.153515
3281,-0.194709,0.153515
3282,-0.195435,0.152679
3283,-0.195435,0.152679
3284,-0.195435,0.152679
3285,-0.195435,0.152679
3286,-0.194159,0.153738
3287,-0.194159,0.153738
3288,-0.194963,0.154177
3289,-0.195406,0.154274
3290,-0.195406,0.154274
3291,-0.193443,0.154674
3292,-0.193138,0.155122
3293,-0.193053,0.155681
3294,-0.194563,0.15374
3295,-0.194563,0.15374
3296,-0.195586,0.155364
3297,-0.195586,0.155364
3298,-0.195586,0.155364
3299,-0.194519,0.155067
3300,-0.194519,0.155067
3301,-0.194027,0.154626
3302,-0.190935,0.156263
3303,-0.190044,0.156328
3304,-0.191566,0.155974
3305,-0.193523,0.156064
3306,-0.194404,0.155351
3307,-0.192021,0.155085
3308,-0.193442,0.154838
3309,-0.193442,0.154838
3310,-0.193523,0.154452
3311,-0.193523,0.154452
3312,-0.193537,0.154552
3313,-0.192696,0.155542
3314,-0.194337,0.154762
3315,-0.193012,0.154249
3316,-0.193012,0.154249
3317,-0.195358,0.153103
3318,-0.196708,0.152728
3319,-0.196657,0.152217
3320,-0.198421,0.151347
3321,-0.19704,0.151924
3322,-0.197337,0.152104
3323,-0.197337,0.152104
3324,-0.197479,0.151949
3325,-0.197479,0.151949
3326,-0.197479,0.151949
3327,-0.197479,0.151949
3328,-0.198662,0.151785
3329,-0.200039,0.151557
3330,-0.200039,0.151557
3331,-0.198325,0.151369
3332,-0.198325,0.151369
3333,-0.199184,0.151671
3334,-0.199292,0.151743
3335,-0.19926,0.151637
3336,-0.197342,0.151592
3337,-0.197342,0.151592
3338,-0.197816,0.15189
3339,-0.195806,0.152882
3340,-0.197178,0.152105
3341,-0.195794,0.153076
3342,-0.196776,0.151846
3343,-0.200514,0.150903
3344,-0.198771,0.152003
3345,-0.198432,0.15241
3346,-0.198717,0.152131
3347,-0.198717,0.152131
3348,-0.198717,0.152131
3349,-0.198717,0.152131
3350,-0.198717,0.152131
3351,-0.198123,0.152899
3352,-0.198392,0.152181
3353,-0.197755,0.152423
3354,-0.19836,0.151462
3355,-0.199589,0.150979
3356,-0.199589,0.150979
3357,-0.200376,0.150656
3358,-0.200843,0.150719
3359,-0.200843,0.150719
3360,-0.200843,0.150719
3361,-0.200843,0.150719
3362,-0.200843,0.150719
3363,-0.200843,0.150719
3364,-0.200508,0.150232
3365,-0.200176,0.15028
3366,-0.198161,0.152019
3367,-0.197595,0.152295
3368,-0.197595,0.152295
3369,-0.196973,0.15244
3370,-0.196736,0.152842
3371,-0.196165,0.152806
3372,-0.196165,0.152806
3373,-0.193759,0.155152
3374,-0.195543,0.153855
3375,-0.195543,0.153855
3376,-0.196952,0.153277
3377,-0.196952,0.153277
3378,-0.198497,0.15296
3379,-0.196159,0.152663
3380,-0.196159,0.152663
3381,-0.196159,0.152663
3382,-0.196159,0.152663
3383,-0.196159,0.152663
3384,-0.196159,0.152663
3385,-0.197105,0.152632
3386,-0.197654,0.151629
3387,-0.196018,0.15414
3388,-0.196429,0.153772
3389,-0.198121,0.15364
3390,-0.198121,0.15364
3391,-0.196951,0.153019
3392,-0.196951,0.153019
3393,-0.197819,0.153295
3394,-0.197819,0.153295
3395,-0.195808,0.153184
3396,-0.195808,0.153184
3397,-0.195808,0.153184
3398,-0.195808,0.153184
3399,-0.194968,0.153125
3400,-0.194968,0.153125
3401,-0.19527,0.15272
3402,-0.196229,0.153116
3403,-0.194147,0.154277
3404,-0.194147,0.154277
3405,-0.19242,0.154514
3406,-0.193244,0.155141
3407,-0.189858,0.156282
3408,-0.192781,0.155765
3409,-0.190902,0.155414
3410,-0.190314,0.156091
3411,-0.189604,0.156965
3412,-0.189604,0.156965
3413,-0.190386,0.156636
3414,-0.191017,0.156354
3415,-0.191038,0.156086
3416,-0.189257,0.157233
3417,-0.190385,0.156107
3418,-0.191032,0.155689
3419,-0.188878,0.157014
3420,-0.188878,0.157014
3421,-0.188561,0.156683
3422,-0.188561,0.156683
3423,-0.188561,0.156683
3424,-0.188808,0.157186
3425,-0.189683,0.155986
3426,-0.189683,0.155986
3427,-0.190043,0.156955
3428,-0.190043,0.156955
3429,-0.189931,0.156071
3430,-0.189931,0.156071
3431,-0.190314,0.155855
3432,-0.191837,0.155764
3433,-0.19113,0.155503
3434,-0.190167,0.15621
3435,-0.192153,0.15513
3436,-0.192308,0.155751
3437,-0.192308,0.155751
3438,-0.190232,0.156414
3439,-0.190232,0.156414
3440,-0.190256,0.156543
3441,-0.190651,0.15654
3442,-0.188709,0.157349
3443,-0.188709,0.157349
3444,-0.19021,0.157186
3445,-0.187731,0.158791
3446,-0.188145,0.158516
3447,-0.191609,0.156258
3448,-0.191609,0.156258
3449,-0.191609,0.156258
3450,-0.188802,0.157725
3451,-0.188802,0.157725
3452,-0.188802,0.157725
3453,-0.188597,0.157645
3454,-0.188812,0.157287
3455,-0.188003,0.157461
3456,-0.188003,0.157461
3457,-0.188003,0.157461
3458,-0.188494,0.157369
3459,-0.189867,0.157789
3460,-0.189867,0.157789
3461,-0.189242,0.156619
3462,-0.189242,0.156619
3463,-0.189242,0.156619
3464,-0.188857,0.157217
3465,-0.188076,0.158316
3466,-0.188076,0.158316
3467,-0.188075,0.157152
3468,-0.188419,0.157644
3469,-0.188612,0.158239
3470,-0.186937,0.157918
3471,-0.188311,0.15785
3472,-0.188311,0.15785
3473,-0.188311,0.15785
3474,-0.189496,0.156429
3475,-0.188763,0.158024
3476,-0.18676,0.157913
3477,-0.189449,0.157322
3478,-0.189449,0.157322
3479,-0.188929,0.15784
3480,-0.189495,0.157168
3481,-0.189495,0.157168
3482,-0.189863,0.157282
3483,-0.189863,0.157282
3484,-0.189863,0.157282
3485,-0.190835,0.156432
3486,-0.190442,0.156519
3487,-0.193542,0.154811
3488,-0.193542,0.154811
3489,-0.195231,0.154084
3490,-0.196236,0.152007
3491,-0.196236,0.152007
3492,-0.196236,0.152007
3493,-0.196653,0.153049
3494,-0.195388,0.153518
3495,-0.195388,0.153518
3496,-0.195806,0.153722
3497,-0.195806,0.153722
3498,-0.195506,0.153767
3499,-0.194548,0.154436
3500,-0.195246,0.152864
3501,-0.196263,0.152481
3502,-0.196263,0.152481
3503,-0.196812,0.152475
3504,-0.196812,0.152475
3505,-0.196812,0.152475
3506,-0.196812,0.152475
3507,-0.194435,0.153615
3508,-0.192964,0.154831
3509,-0.192964,0.154831
3510,-0.194778,0.154757
3511,-0.19708,0.152906
3512,-0.197027,0.153111
3513,-0.197027,0.153111
3514,-0.197027,0.153111
3515,-0.195741,0.153165
3516,-0.195741,0.153165
3517,-0.196619,0.152249
3518,-0.197851,0.15182
3519,-0.198558,0.152099
3520,-0.198558,0.152099
3521,-0.196713,0.151939
3522,-0.198347,0.151517
3523,-0.195779,0.153083
3524,-0.195812,0.154174
3525,-0.195812,0.154174
3526,-0.195812,0.154174
3527,-0.197015,0.152273
3528,-0.197015,0.152273
3529,-0.196307,0.15338
3530,-0.195629,0.153047
3531,-0.195629,0.153047
3532,-0.195056,0.154122
3533,-0.195056,0.154122
3534,-0.195056,0.154122
3535,-0.195056,0.154122
3536,-0.197185,0.153012
3537,-0.197711,0.152496
3538,-0.197856,0.151769
3539,-0.197856,0.151769
3540,-0.197966,0.152065
3541,-0.196666,0.152367
3542,-0.196681,0.152573
3543,-0.196681,0.152573
3544,-0.196681,0.152573
3545,-0.197139,0.15273
3546,-0.197139,0.15273
3547,-0.198483,0.151952
3548,-0.198483,0.151952
3549,-0.197156,0.152922
3550,-0.196708,0.152788
3551,-0.197201,0.152775
3552,-0.197201,0.152775
3553,-0.19848,0.151659
3554,-0.199882,0.151308
3555,-0.19872,0.151948
3556,-0.200126,0.151299
3557,-0.200126,0.151299
3558,-0.199803,0.15101
3559,-0.197523,0.152748
3560,-0.197761,0.151567
3561,-0.197761,0.151567
3562,-0.198121,0.150755
3563,-0.19754,0.151938
3564,-0.19754,0.151938
3565,-0.19754,0.151938
3566,-0.197947,0.151619
3567,-0.198261,0.151883
3568,-0.197864,0.152189
3569,-0.198675,0.151771
3570,-0.198511,0.151626
3571,-0.197612,0.152346
3572,-0.195481,0.15272
3573,-0.198526,0.152519
3574,-0.199393,0.151512
3575,-0.197422,0.152259
3576,-0.197422,0.152259
3577,-0.19834,0.152436
3578,-0.19834,0.152436
3579,-0.198413,0.151378
3580,-0.198413,0.151378
3581,-0.197671,0.152428
3582,-0.198461,0.151675
3583,-0.198461,0.151675
3584,-0.198461,0.151675
3585,-0.199043,0.152334
3586,-0.198724,0.151174
3587,-0.196032,0.152971
3588,-0.196458,0.152405
3589,-0.196369,0.152163
3590,-0.196948,0.152109
3591,-0.196599,0.151588
3592,-0.197762,0.15157
3593,-0.196028,0.152583
3594,-0.195682,0.152289
3595,-0.195741,0.152594
3596,-0.195741,0.152594
3597,-0.196018,0.153172
3598,-0.194644,0.15422
3599,-0.194644,0.15422
3600,-0.19543,0.153533
3601,-0.19543,0.153533
3602,-0.19543,0.153533
3603,-0.193512,0.154293
3604,-0.195318,0.152227
3605,-0.196181,0.152104
3606,-0.195625,0.153381
3607,-0.194879,0.153482
3608,-0.194879,0.153482
3609,-0.194879,0.153482
3610,-0.194879,0.153482
3611,-0.193297,0.153932
3612,-0.194361,0.15287
3613,-0.195047,0.153088
3614,-0.195047,0.153088
3615,-0.195047,0.153088
3616,-0.194462,0.153907
3617,-0.194563,0.154021
3618,-0.194697,0.153349
3619,-0.194697,0.153349
3620,-0.19519,0.153254
3621,-0.19519,0.153254
3622,-0.194211,0.152777
3623,-0.193596,0.153674
3624,-0.192679,0.154097
3625,-0.192679,0.154097
3626,-0.192612,0.154465
3627,-0.191966,0.155303
3628,-0.191882,0.155496
3629,-0.191179,0.156625
3630,-0.191179,0.156625
3631,-0.190587,0.156204
3632,-0.188096,0.156843
3633,-0.190791,0.1559
3634,-0.190791,0.1559
3635,-0.190081,0.156477
3636,-0.190889,0.156192
3637,-0.190889,0.156192
3638,-0.193201,0.155145
3639,-0.192006,0.156003
3640,-0.192006,0.156003
3641,-0.192006,0.156003
3642,-0.192006,0.156003
3643,-0.190468,0.156428
3644,-0.189731,0.156888
3645,-0.188292,0.15749
3646,-0.190154,0.15549
3647,-0.193233,0.154766
3648,-0.193233,0.154766
3649,-0.19451,0.154338
3650,-0.192606,0.154871
3651,-0.191281,0.156254
3652,-0.191281,0.156254
3653,-0.191758,0.155796
3654,-0.191758,0.155796
3655,-0.192959,0.155568
3656,-0.19603,0.154298
3657,-0.195429,0.154818
3658,-0.194002,0.154784
3659,-0.193856,0.154552
3660,-0.193249,0.154587
3661,-0.192387,0.155823
3662,-0.192649,0.155629
3663,-0.191957,0.156061
3664,-0.191127,0.156477
3665,-0.189503,0.1564
3666,-0.189503,0.1564
3667,-0.189306,0.156029
3668,-0.189306,0.156029
3669,-0.189272,0.156315
3670,-0.187574,0.157134
3671,-0.189646,0.15679
3672,-0.189432,0.156352
3673,-0.190508,0.157258
3674,-0.190508,0.157258
3675,-0.187518,0.15707
3676,-0.189032,0.157075
3677,-0.186313,0.158814
3678,-0.187514,0.158072
3679,-0.187514,0.158072
3680,-0.187514,0.158072
3681,-0.187514,0.158072
3682,-0.187688,0.158847
3683,-0.186388,0.158103
3684,-0.186654,0.158333
3685,-0.187948,0.157879
3686,-0.187695,0.157298
3687,-0.188664,0.156869
3688,-0.187401,0.15747
3689,-0.187401,0.15747
3690,-0.188982,0.157394
3691,-0.187822,0.156793
3692,-0.186702,0.156906
3693,-0.187417,0.156869
3694,-0.188389,0.157878
3695,-0.188389,0.157878
3696,-0.186507,0.15748
3697,-0.188625,0.157093
3698,-0.18772,0.156912
3699,-0.18772,0.156912
3700,-0.189333,0.156504
3701,-0.187138,0.157739
3702,-0.187969,0.156021
3703,-0.188812,0.15547
3704,-0.188812,0.15547
3705,-0.188812,0.15547
3706,-0.188827,0.156395
3707,-0.189451,0.15638
3708,-0.189264,0.156157
3709,-0.187741,0.156889
3710,-0.187702,0.157493
3711,-0.189202,0.156674
3712,-0.187657,0.157914
3713,-0.18784,0.157902
3714,-0.187592,0.157305
3715,-0.190572,0.155621
3716,-0.189991,0.155543
3717,-0.189991,0.155543
3718,-0.191277,0.154399
3719,-0.190999,0.154236
3720,-0.191668,0.154145
3721,-0.190066,0.154973
3722,-0.191632,0.153901
3723,-0.192277,0.154516
3724,-0.192277,0.154516
3725,-0.191724,0.154152
3726,-0.190463,0.154926
3727,-0.190896,0.154097
3728,-0.190896,0.154097
3729,-0.190896,0.154097
3730,-0.190896,0.154097
3731,-0.190896,0.154097
3732,-0.190896,0.154097
3733,-0.190896,0.154097
3734,-0.189588,0.155194
3735,-0.189588,0.155194
3736,-0.191036,0.154601
3737,-0.191036,0.154601
3738,-0.191036,0.154601
3739,-0.193224,0.154282
3740,-0.193224,0.154282
3741,-0.19155,0.154739
3742,-0.189966,0.155418
3743,-0.189606,0.156906
3744,-0.189759,0.156467
3745,-0.189985,0.156118
3746,-0.190839,0.156032
3747,-0.189632,0.156676
3748,-0.189331,0.156215
3749,-0.189331,0.156215
3750,-0.191619,0.154961
3751,-0.191619,0.154961
3752,-0.191619,0.154961
3753,-0.190716,0.155
3754,-0.190716,0.155
3755,-0.190953,0.155253
3756,-0.188269,0.155974
3757,-0.186708,0.156946
3758,-0.186708,0.156946
3759,-0.185883,0.157881
3760,-0.185523,0.157618
3761,-0.185523,0.157618
3762,-0.18559,0.157078
3763,-0.18559,0.157078
3764,-0.186124,0.156723
3765,-0.185787,0.158273
3766,-0.18641,0.156365
3767,-0.183494,0.157866
3768,-0.183585,0.158883
3769,-0.183371,0.15954
3770,-0.182354,0.159814
3771,-0.182423,0.160355
3772,-0.183231,0.160287
3773,-0.184395,0.159213
3774,-0.184395,0.159213
3775,-0.184395,0.159213
3776,-0.185341,0.158152
3777,-0.186364,0.157742
3778,-0.185104,0.158095
3779,-0.186886,0.157745
3780,-0.186886,0.157745
3781,-0.186886,0.157745
3782,-0.186886,0.157745
3783,-0.186886,0.157745
3784,-0.186886,0.157745
3785,-0.185715,0.158351
3786,-0.185715,0.158351
3787,-0.185546,0.158312
3788,-0.184644,0.159325
3789,-0.185545,0.159411
3790,-0.184402,0.160287
3791,-0.185532,0.158498
3792,-0.184223,0.160064
3793,-0.18489,0.159066
3794,-0.183971,0.159782
3795,-0.183907,0.160426
3796,-0.184997,0.159937
3797,-0.184997,0.159937
3798,-0.185402,0.158883
3799,-0.187505,0.157582
3800,-0.187731,0.158256
3801,-0.187731,0.158256
3802,-0.187997,0.157899
3803,-0.187997,0.157899
3804,-0.187997,0.157899
3805,-0.188877,0.157237
3806,-0.190051,0.156333
3807,-0.190887,0.155974
3808,-0.190733,0.156181
3809,-0.19125,0.155347
3810,-0.190595,0.156453
3811,-0.190595,0.156453
3812,-0.191132,0.155618
3813,-0.191132,0.155618
3814,-0.191132,0.155618
3815,-0.193014,0.154998
3816,-0.192482,0.156238
3817,-0.192482,0.156238
3818,-0.191454,0.156019
3819,-0.191454,0.156019
3820,-0.18983,0.157387
3821,-0.190509,0.157273
3822,-0.190877,0.156171
3823,-0.191183,0.155169
3824,-0.190935,0.155581
3825,-0.18962,0.156307
3826,-0.189531,0.156022
3827,-0.190246,0.155794
3828,-0.190246,0.155794
3829,-0.191245,0.156343
3830,-0.191245,0.156343
3831,-0.191245,0.156343
3832,-0.191245,0.156343
3833,-0.191245,0.156343
3834,-0.189643,0.156086
3835,-0.191823,0.156026
3836,-0.189269,0.156892
3837,-0.188248,0.157326
3838,-0.188248,0.157326
3839,-0.188248,0.157326
3840,-0.189222,0.157082
3841,-0.189222,0.157082
3842,-0.190119,0.157051
3843,-0.191231,0.155545
3844,-0.192943,0.154436
3845,-0.191682,0.154627
3846,-0.191453,0.15525
3847,-0.190497,0.156576
3848,-0.187633,0.157457
3849,-0.187633,0.157457
3850,-0.188083,0.156611
3851,-0.189925,0.155591
3852,-0.190991,0.155438
3853,-0.19187,0.154484
3854,-0.192377,0.154777
3855,-0.192638,0.153632
3856,-0.192638,0.153632
3857,-0.193243,0.153793
3858,-0.192615,0.15443
3859,-0.194038,0.153325
3860,-0.196036,0.152185
3861,-0.196036,0.152185
3862,-0.196036,0.152185
3863,-0.196949,0.152685
3864,-0.195267,0.153253
3865,-0.195267,0.153253
3866,-0.197749,0.151697
3867,-0.197749,0.151697
3868,-0.197749,0.151697
3869,-0.197749,0.151697
3870,-0.197749,0.151697
3871,-0.196858,0.152268
3872,-0.196858,0.152268
3873,-0.199264,0.151244
3874,-0.199264,0.151244
3875,-0.197816,0.15243
3876,-0.199267,0.151501
3877,-0.19919,0.152324
3878,-0.198298,0.152006
3879,-0.198169,0.152477
3880,-0.196847,0.153226
3881,-0.197327,0.152785
3882,-0.197327,0.152785
3883,-0.197327,0.152785
3884,-0.197712,0.152994
3885,-0.197712,0.152994
3886,-0.196375,0.153212
3887,-0.194018,0.154399
3888,-0.194104,0.154049
3889,-0.194104,0.154049
3890,-0.194104,0.154049
3891,-0.194104,0.154049
3892,-0.194104,0.154049
3893,-0.193748,0.154568
3894,-0.193748,0.154568
3895,-0.193222,0.154859
3896,-0.193222,0.154859
3897,-0.192664,0.155026
3898,-0.190832,0.156132
3899,-0.191001,0.155534
3900,-0.191001,0.155534
3901,-0.192506,0.155059
3902,-0.192506,0.155059
3903,-0.191865,0.155972
3904,-0.189255,0.158052
3905,-0.189255,0.158052
3906,-0.190856,0.157571
3907,-0.190418,0.157049
3908,-0.18916,0.157885
3909,-0.18916,0.157885
3910,-0.18916,0.157885
3911,-0.190026,0.156706
3912,-0.191741,0.157033
3913,-0.191741,0.157033
3914,-0.191741,0.157033
3915,-0.19105,0.155954
3916,-0.190668,0.156213
3917,-0.191176,0.156389
3918,-0.192132,0.155204
3919,-0.193149,0.154742
3920,-0.190376,0.155713
3921,-0.191805,0.155472
3922,-0.19031,0.156687
3923,-0.19031,0.156687
3924,-0.19031,0.156687
3925,-0.188433,0.156406
3926,-0.188433,0.156406
3927,-0.190461,0.156248
3928,-0.190461,0.156248
3929,-0.188685,0.157501
3930,-0.188365,0.157396
3931,-0.187978,0.157809
3932,-0.189585,0.157523
3933,-0.189585,0.157523
3934,-0.19042,0.156676
3935,-0.19042,0.156676
3936,-0.191758,0.156323
3937,-0.191758,0.156323
3938,-0.190246,0.157166
3939,-0.190246,0.157166
3940,-0.188653,0.156987
3941,-0.189616,0.157392
3942,-0.186976,0.15815
3943,-0.188169,0.157175
3944,-0.188169,0.157175
3945,-0.189074,0.157421
3946,-0.189074,0.157421
3947,-0.188801,0.157286
3948,-0.18798,0.157992
3949,-0.18798,0.157992
3950,-0.18798,0.157992
3951,-0.188198,0.157733
3952,-0.187066,0.158167
3953,-0.188719,0.157196
3954,-0.189159,0.156723
3955,-0.189159,0.156723
3956,-0.188217,0.157975
3957,-0.187861,0.158226
3958,-0.188316,0.158831
3959,-0.187515,0.158464
3960,-0.187515,0.158464
3961,-0.185475,0.159536
3962,-0.185475,0.159536
3963,-0.186156,0.158273
3964,-0.186789,0.157982
3965,-0.186996,0.157121
3966,-0.186214,0.158242
3967,-0.187777,0.157771
3968,-0.188418,0.157662
3969,-0.187851,0.15823
3970,-0.187851,0.15823
3971,-0.187802,0.158641
3972,-0.18872,0.157677
3973,-0.18872,0.157677
3974,-0.18872,0.157677
3975,-0.187798,0.158714
3976,-0.18763,0.157952
3977,-0.188704,0.156069
3978,-0.187768,0.157338
3979,-0.188142,0.1573
3980,-0.188321,0.158304
3981,-0.185299,0.158827
3982,-0.18606,0.158547
3983,-0.187921,0.158291
3984,-0.186777,0.158252
3985,-0.18724,0.15696
3986,-0.185677,0.15777
3987,-0.185677,0.15777
3988,-0.185932,0.157794
3989,-0.187965,0.15724
3990,-0.188012,0.158021
3991,-0.187914,0.158042
3992,-0.185593,0.158821
3993,-0.187081,0.158214
3994,-0.187295,0.158129
3995,-0.18741,0.158437
3996,-0.18741,0.158437
3997,-0.187634,0.157981
3998,-0.186912,0.158808
3999,-0.186912,0.158808
4000,-0.186912,0.158808
4001,-0.187596,0.157878
4002,-0.188149,0.156567
4003,-0.188149,0.156567
4004,-0.188483,0.156514
4005,-0.188156,0.157655
4006,-0.188156,0.157655
4007,-0.18666,0.158313
4008,-0.186883,0.159453
4009,-0.184353,0.160023
4010,-0.184097,0.159366
4011,-0.185622,0.158578
4012,-0.187444,0.158263
4013,-0.187444,0.158263
4014,-0.185389,0.159039
4015,-0.185795,0.159408
4016,-0.186321,0.158533
4017,-0.18721,0.159132
4018,-0.188941,0.157455
4019,-0.188941,0.157455
4020,-0.190183,0.156832
4021,-0.190183,0.156832
4022,-0.186994,0.157181
4023,-0.187345,0.157977
4024,-0.188106,0.157775
4025,-0.187784,0.157906
4026,-0.187784,0.157906
4027,-0.187784,0.157906
4028,-0.186587,0.157504
4029,-0.185963,0.158347
4030,-0.185493,0.158672
4031,-0.185312,0.158308
4032,-0.184176,0.158682
4033,-0.184176,0.158682
4034,-0.184176,0.158682
4035,-0.184864,0.159039
4036,-0.184864,0.159039
4037,-0.185892,0.158194
4038,-0.186019,0.158388
4039,-0.186019,0.158388
4040,-0.186019,0.158388
4041,-0.187669,0.157479
4042,-0.187669,0.157479
4043,-0.187276,0.156414
4044,-0.187276,0.156414
4045,-0.187276,0.156414
4046,-0.18835,0.156519
4047,-0.18835,0.156519
4048,-0.185596,0.157889
4049,-0.188731,0.156955
4050,-0.188368,0.157217
4051,-0.188494,0.155953
4052,-0.188494,0.155953
4053,-0.188494,0.155953
4054,-0.188494,0.155953
4055,-0.187962,0.157614
4056,-0.188751,0.156347
4057,-0.1895,0.156018
4058,-0.188691,0.156406
4059,-0.190713,0.155805
4060,-0.190713,0.155805
4061,-0.189663,0.156372
4062,-0.189951,0.156466
4063,-0.191251,0.156609
4064,-0.192985,0.155291
4065,-0.19279,0.154951
4066,-0.190489,0.155457
4067,-0.192902,0.154858
4068,-0.192902,0.154858
4069,-0.190834,0.15631
4070,-0.190906,0.155462
4071,-0.190906,0.155462
4072,-0.190658,0.156516
4073,-0.190907,0.156894
4074,-0.190907,0.156894
4075,-0.190907,0.156894
4076,-0.191439,0.155851
4077,-0.18914,0.158
4078,-0.191214,0.157147
4079,-0.191849,0.156224
4080,-0.190442,0.156249
4081,-0.190442,0.156249
4082,-0.189568,0.157022
4083,-0.187992,0.157134
4084,-0.189064,0.157636
4085,-0.190689,0.156701
4086,-0.190689,0.156701
4087,-0.190339,0.156014
4088,-0.190063,0.156608
4089,-0.190063,0.156608
4090,-0.193815,0.154833
4091,-0.193815,0.154833
4092,-0.191955,0.15589
4093,-0.191955,0.15589
4094,-0.191497,0.157035
4095,-0.191497,0.157035
4096,-0.191894,0.157195
4097,-0.191655,0.155449
4098,-0.192587,0.155733
4099,-0.192587,0.155733
4100,-0.192587,0.155733
4101,-0.193547,0.156384
4102,-0.193547,0.156384
4103,-0.192636,0.155495
4104,-0.192636,0.155495
4105,-0.192547,0.154892
4106,-0.194836,0.154093
4107,-0.193598,0.15314
4108,-0.191452,0.156298
4109,-0.192967,0.155037
4110,-0.192967,0.155037
4111,-0.1926,0.155368
4112,-0.1926,0.155368
4113,-0.1926,0.155368
4114,-0.189941,0.15664
4115,-0.187995,0.158
4116,-0.187995,0.158
4117,-0.187995,0.158
4118,-0.187995,0.158
4119,-0.187995,0.158
4120,-0.190928,0.156806
4121,-0.192245,0.156674
4122,-0.189897,0.15782
4123,-0.191197,0.156722
4124,-0.193373,0.155434
4125,-0.193373,0.155434
4126,-0.193373,0.155434
4127,-0.190786,0.155544
4128,-0.191917,0.156207
4129,-0.19303,0.155273
4130,-0.19303,0.155273
4131,-0.194728,0.153366
4132,-0.194642,0.15466
4133,-0.194481,0.154675
4134,-0.193572,0.154976
4135,-0.194077,0.153908
4136,-0.194077,0.153908
4137,-0.195374,0.15425
4138,-0.193903,0.154046
4139,-0.19616,0.152854
4140,-0.19616,0.152854
4141,-0.195154,0.153214
4142,-0.194179,0.153319
4143,-0.19251,0.15487
4144,-0.194426,0.154713
4145,-0.194195,0.155039
4146,-0.193323,0.155133
4147,-0.192567,0.155513
4148,-0.192063,0.155355
4149,-0.195933,0.15473
4150,-0.194072,0.155391
4151,-0.194072,0.155391
4152,-0.194072,0.155391
4153,-0.194313,0.155093
4154,-0.194313,0.155093
4155,-0.195418,0.153335
4156,-0.195418,0.153335
4157,-0.194908,0.153585
4158,-0.194908,0.153585
4159,-0.194336,0.153667
4160,-0.19351,0.154488
4161,-0.193544,0.155015
4162,-0.193493,0.154556
4163,-0.193493,0.154556
4164,-0.193337,0.155476
4165,-0.196481,0.153255
4166,-0.196139,0.153198
4167,-0.196776,0.152707
4168,-0.195516,0.153059
4169,-0.194313,0.154314
4170,-0.196044,0.153507
4171,-0.196044,0.153507
4172,-0.193892,0.154677
4173,-0.193892,0.154677
4174,-0.196003,0.153511
4175,-0.196026,0.15285
4176,-0.196026,0.15285
4177,-0.197136,0.152943
4178,-0.196811,0.151885
4179,-0.195726,0.153739
4180,-0.195726,0.153739
4181,-0.195726,0.153739
4182,-0.195044,0.152492
4183,-0.196044,0.15306
4184,-0.196044,0.15306
4185,-0.197871,0.152291
4186,-0.197871,0.152291
4187,-0.197871,0.152291
4188,-0.195056,0.153129
4189,-0.194992,0.152461
4190,-0.195411,0.154107
4191,-0.195255,0.153801
4192,-0.196157,0.153857
4193,-0.196067,0.152825
4194,-0.198374,0.152365
4195,-0.196691,0.152828
4196,-0.196691,0.152828
4197,-0.196691,0.152828
4198,-0.196167,0.153575
4199,-0.196167,0.153575
4200,-0.195937,0.153157
4201,-0.198013,0.15287
4202,-0.197038,0.153315
4203,-0.198029,0.154617
4204,-0.197924,0.154511
4205,-0.197135,0.154021
4206,-0.197135,0.154021
4207,-0.196276,0.154355
4208,-0.196276,0.154355
4209,-0.194978,0.154908
4210,-0.193069,0.154649
4211,-0.194316,0.154779
4212,-0.195253,0.153575
4213,-0.194743,0.154198
4214,-0.192443,0.153974
4215,-0.192443,0.153974
4216,-0.192641,0.15596
4217,-0.194651,0.152934
4218,-0.194651,0.152934
4219,-0.194566,0.152869
4220,-0.193984,0.153069
4221,-0.195608,0.152729
4222,-0.194715,0.153249
4223,-0.19485,0.153222
4224,-0.194175,0.15347
4225,-0.194175,0.15347
4226,-0.194175,0.15347
4227,-0.195023,0.154057
4228,-0.197082,0.153211
4229,-0.197082,0.153211
4230,-0.197082,0.153211
4231,-0.196591,0.153622
4232,-0.193951,0.153981
4233,-0.194019,0.153259
4234,-0.195556,0.15358
4235,-0.193705,0.154107
4236,-0.193705,0.154107
4237,-0.193705,0.154107
4238,-0.193705,0.154107
4239,-0.193705,0.154107
4240,-0.194065,0.153877
4241,-0.193312,0.15372
4242,-0.192514,0.154427
4243,-0.192402,0.15555
4244,-0.192402,0.15555
4245,-0.192402,0.15555
4246,-0.190583,0.156
4247,-0.19325,0.154663
4248,-0.191654,0.155022
4249,-0.194016,0.154252
4250,-0.191692,0.15615
4251,-0.191692,0.15615
4252,-0.192882,0.157163
4253,-0.192213,0.155605
4254,-0.192213,0.155605
4255,-0.193715,0.15549
4256,-0.192216,0.156259
4257,-0.193184,0.154906
4258,-0.193567,0.155576
4259,-0.192536,0.154918
4260,-0.192332,0.153932
4261,-0.194009,0.153704
4262,-0.194009,0.153704
4263,-0.193248,0.153767
4264,-0.193565,0.153874
4265,-0.193565,0.153874
4266,-0.193887,0.154099
4267,-0.19321,0.154035
4268,-0.192656,0.153776
4269,-0.190589,0.155145
4270,-0.192615,0.154532
4271,-0.192106,0.154553
4272,-0.193958,0.153673
4273,-0.192311,0.154376
4274,-0.192311,0.154376
4275,-0.192476,0.154267
4276,-0.194225,0.154297
4277,-0.194225,0.154297
4278,-0.193392,0.155225
4279,-0.18922,0.156756
4280,-0.189995,0.156228
4281,-0.18949,0.157149
4282,-0.188356,0.157238
4283,-0.188641,0.157247
4284,-0.18842,0.157014
4285,-0.18842,0.157014
4286,-0.18842,0.157014
4287,-0.18758,0.158323
4288,-0.189708,0.157314
4289,-0.19126,0.156646
4290,-0.19126,0.156646
4291,-0.190253,0.157223
4292,-0.189734,0.156789
4293,-0.188302,0.157508
4294,-0.188302,0.157508
4295,-0.189057,0.157276
4296,-0.189057,0.157276
4297,-0.190038,0.157863
4298,-0.190038,0.157863
4299,-0.188391,0.157815
4300,-0.188391,0.157815
4301,-0.188826,0.158602
4302,-0.188826,0.158602
4303,-0.189327,0.158062
4304,-0.190203,0.158159
4305,-0.189258,0.157365
4306,-0.189258,0.157365
4307,-0.186796,0.157235
4308,-0.188752,0.157527
4309,-0.191643,0.156065
4310,-0.192544,0.155743
4311,-0.192339,0.154254
4312,-0.193829,0.153825
4313,-0.193829,0.153825
4314,-0.193829,0.153825
4315,-0.193978,0.152885
4316,-0.193978,0.152885
4317,-0.1946,0.153588
4318,-0.1946,0.153588
4319,-0.191974,0.15479
4320,-0.191974,0.15479
4321,-0.192808,0.154161
4322,-0.193465,0.15386
4323,-0.191823,0.155146
4324,-0.191823,0.155146
4325,-0.193088,0.153905
4326,-0.191329,0.154627
4327,-0.191329,0.154627
4328,-0.191329,0.154627
4329,-0.192,0.154571
4330,-0.19282,0.153957
4331,-0.191981,0.154795
4332,-0.191271,0.154829
4333,-0.190176,0.155155
4334,-0.189079,0.155055
4335,-0.190096,0.155706
4336,-0.190511,0.155936
4337,-0.190511,0.155936
4338,-0.190547,0.155563
4339,-0.190234,0.156465
4340,-0.189693,0.156927
4341,-0.187846,0.157993
4342,-0.188011,0.157474
4343,-0.18866,0.157975
4344,-0.186247,0.158103
4345,-0.185735,0.15814
4346,-0.185848,0.158202
4347,-0.186951,0.158253
4348,-0.186193,0.157951
4349,-0.187955,0.157798
4350,-0.187793,0.158358
4351,-0.187793,0.158358
4352,-0.186035,0.159361
4353,-0.185923,0.158615
4354,-0.185114,0.160398
4355,-0.183021,0.160385
4356,-0.184679,0.160201
4357,-0.184716,0.160155
4358,-0.184634,0.16013
4359,-0.182046,0.159967
4360,-0.183809,0.159343
4361,-0.183809,0.159343
4362,-0.183705,0.159528
4363,-0.182638,0.160538
4364,-0.182638,0.160538
4365,-0.182638,0.160538
4366,-0.182638,0.160538
4367,-0.181761,0.160303
4368,-0.182238,0.161028
4369,-0.181645,0.162413
4370,-0.179939,0.161828
4371,-0.179939,0.161828
4372,-0.179939,0.161828
4373,-0.180307,0.16237
4374,-0.180307,0.16237
4375,-0.180494,0.161676
4376,-0.181059,0.161389
4377,-0.182124,0.160836
4378,-0.181462,0.161584
4379,-0.183891,0.160559
4380,-0.183161,0.160849
4381,-0.183138,0.159532
4382,-0.184754,0.159024
4383,-0.185882,0.158567
4384,-0.184384,0.158179
4385,-0.185301,0.157911
4386,-0.185301,0.157911
4387,-0.184151,0.158468
4388,-0.183714,0.158928
4389,-0.182208,0.15965
4390,-0.182789,0.159676
4391,-0.182789,0.159676
4392,-0.182789,0.159676
4393,-0.182789,0.159676
4394,-0.182789,0.159676
4395,-0.183412,0.159156
4396,-0.183412,0.159156
4397,-0.183412,0.159156
4398,-0.183125,0.159641
4399,-0.184053,0.159617
4400,-0.184648,0.15893
4401,-0.184648,0.15893
4402,-0.184648,0.15893
4403,-0.183484,0.159509
4404,-0.186052,0.15883
4405,-0.18493,0.15813
4406,-0.186348,0.156939
4407,-0.186348,0.156939
4408,-0.186348,0.156939
4409,-0.183661,0.158813
4410,-0.183661,0.158813
4411,-0.183686,0.159134
4412,-0.184597,0.159417
4413,-0.18612,0.158572
4414,-0.18521,0.158665
4415,-0.185771,0.157828
4416,-0.188163,0.156889
4417,-0.186874,0.15702
4418,-0.187017,0.157794
4419,-0.187453,0.157424
4420,-0.187005,0.157934
4421,-0.188024,0.15706
4422,-0.189998,0.156825
4423,-0.188069,0.157134
4424,-0.188069,0.157134
4425,-0.188069,0.157134
4426,-0.188069,0.157134
4427,-0.187624,0.157162
4428,-0.186983,0.158458
4429,-0.188814,0.157294
4430,-0.187785,0.156704
4431,-0.188334,0.156643
4432,-0.187603,0.157417
4433,-0.187603,0.157417
4434,-0.188317,0.156652
4435,-0.188317,0.156652
4436,-0.188582,0.156566
4437,-0.188679,0.157203
4438,-0.187489,0.156267
4439,-0.187921,0.157237
4440,-0.187992,0.15705
4441,-0.186715,0.157516
4442,-0.186715,0.157516
4443,-0.186952,0.158442
4444,-0.185567,0.157843
4445,-0.184812,0.157027
4446,-0.185041,0.15762
4447,-0.182895,0.159065
4448,-0.183713,0.158725
4449,-0.185599,0.156799
4450,-0.184961,0.157639
4451,-0.187142,0.15712
4452,-0.185796,0.157943
4453,-0.187766,0.157437
4454,-0.186874,0.157507
4455,-0.190893,0.156161
4456,-0.190893,0.156161
4457,-0.190893,0.156161
4458,-0.189366,0.156298
4459,-0.189366,0.156298
4460,-0.189998,0.156542
4461,-0.19013,0.156136
4462,-0.188268,0.15735
4463,-0.188268,0.15735
4464,-0.188542,0.157267
4465,-0.188692,0.157153
4466,-0.18826,0.156837
4467,-0.187728,0.1571
4468,-0.187648,0.157166
4469,-0.187648,0.157166
4470,-0.188666,0.156072
4471,-0.189445,0.156204
4472,-0.190085,0.155956
4473,-0.190311,0.156142
4474,-0.190311,0.156142
4475,-0.189329,0.156912
4476,-0.189329,0.156912
4477,-0.190146,0.156413
4478,-0.19033,0.15641
4479,-0.19033,0.15641
4480,-0.188701,0.156191
4481,-0.187858,0.15721
4482,-0.186651,0.157069
4483,-0.187037,0.157654
4484,-0.187037,0.157654
4485,-0.183403,0.159293
4486,-0.18516,0.158751
4487,-0.186048,0.158401
4488,-0.186939,0.157647
4489,-0.186251,0.158115
4490,-0.186251,0.158115
4491,-0.186251,0.158115
4492,-0.186251,0.158115
4493,-0.185912,0.15864
4494,-0.187999,0.157184
4495,-0.186517,0.157593
4496,-0.186517,0.157593
4497,-0.186517,0.157593
4498,-0.186517,0.157593
4499,-0.186543,0.158259
4500,-0.186543,0.158259
4501,-0.185396,0.158444
4502,-0.184772,0.15827
4503,-0.184772,0.15827
4504,-0.184772,0.15827
4505,-0.186189,0.158733
4506,-0.186189,0.158733
4507,-0.186189,0.158733
4508,-0.188033,0.157662
4509,-0.187428,0.158863
4510,-0.190497,0.156352
4511,-0.189777,0.156477
4512,-0.191688,0.154961
4513,-0.191688,0.154961
4514,-0.189943,0.156629
4515,-0.189943,0.156629
4516,-0.189175,0.156774
4517,-0.188932,0.157613
4518,-0.188932,0.157613
4519,-0.187838,0.158079
4520,-0.18636,0.158201
4521,-0.185058,0.159597
4522,-0.187563,0.158301
4523,-0.186759,0.157949
4524,-0.186759,0.157949
4525,-0.188745,0.157158
4526,-0.189137,0.157202
4527,-0.189137,0.157202
4528,-0.187851,0.157087
4529,-0.188578,0.157449
4530,-0.188578,0.157449
4531,-0.189713,0.156186
4532,-0.190583,0.156344
4533,-0.189983,0.155483
4534,-0.191326,0.155043
4535,-0.191326,0.155043
4536,-0.192666,0.154757
4537,-0.19372,0.154374
4538,-0.192916,0.154299
4539,-0.191643,0.155285
4540,-0.191643,0.155285
4541,-0.191643,0.155285
4542,-0.191347,0.156025
4543,-0.192713,0.155024
4544,-0.192487,0.154733
4545,-0.189673,0.155769
4546,-0.190209,0.154967
4547,-0.188132,0.156734
4548,-0.188132,0.156734
4549,-0.189639,0.156477
4550,-0.189639,0.156477
4551,-0.188122,0.156921
4552,-0.188122,0.156921
4553,-0.186736,0.158135
4554,-0.187056,0.158378
4555,-0.187355,0.157472
4556,-0.187355,0.157472
4557,-0.187971,0.157402
4558,-0.187971,0.157402
4559,-0.187971,0.157402
4560,-0.188118,0.15757
4561,-0.186886,0.158717
4562,-0.184829,0.159006
4563,-0.186374,0.158817
4564,-0.187235,0.158037
4565,-0.18562,0.158266
4566,-0.18562,0.158266
4567,-0.18769,0.157495
4568,-0.186576,0.157249
4569,-0.187122,0.157253
4570,-0.189283,0.156999
4571,-0.189134,0.156927
4572,-0.188506,0.156497
4573,-0.189116,0.156476
4574,-0.187992,0.157153
4575,-0.187992,0.157153
4576,-0.188993,0.156911
4577,-0.189852,0.156423
4578,-0.190221,0.156358
4579,-0.191309,0.155219
4580,-0.191081,0.155442
4581,-0.192238,0.15527
4582,-0.193409,0.154179
4583,-0.191951,0.155166
4584,-0.191951,0.155166
4585,-0.190211,0.156283
4586,-0.189435,0.155738
4587,-0.189358,0.156853
4588,-0.189358,0.156853
4589,-0.189358,0.156853
4590,-0.189358,0.156853
4591,-0.189358,0.156853
4592,-0.189069,0.156314
4593,-0.189069,0.156314
4594,-0.189203,0.156904
4595,-0.191644,0.154657
4596,-0.191644,0.154657
4597,-0.191125,0.15584
4598,-0.191125,0.15584
4599,-0.190965,0.155997
4600,-0.190229,0.156796
4601,-0.190229,0.156796
4602,-0.190123,0.156438
4603,-0.192581,0.153977
4604,-0.191448,0.154609
4605,-0.193838,0.153826
4606,-0.19253,0.154713
4607,-0.190296,0.155838
4608,-0.190296,0.155838
4609,-0.190588,0.154979
4610,-0.191031,0.155425
4611,-0.193495,0.154374
4612,-0.193495,0.154374
4613,-0.191722,0.155702
4614,-0.192408,0.154995
4615,-0.190646,0.156022
4616,-0.191092,0.155799
4617,-0.191092,0.155799
4618,-0.191428,0.156082
4619,-0.191428,0.156082
4620,-0.19329,0.15474
4621,-0.19329,0.15474
4622,-0.194322,0.15418
4623,-0.194322,0.15418
4624,-0.196151,0.152717
4625,-0.196117,0.153049
4626,-0.194824,0.152711
4627,-0.194824,0.152711
4628,-0.194537,0.153572
4629,-0.193318,0.154515
4630,-0.191432,0.155364
4631,-0.191664,0.15462
4632,-0.191664,0.15462
4633,-0.191582,0.155565
4634,-0.190237,0.156392
4635,-0.189476,0.156504
4636,-0.188328,0.156388
4637,-0.190352,0.155588
4638,-0.190352,0.155588
4639,-0.190352,0.155588
4640,-0.190352,0.155588
4641,-0.190352,0.155588
4642,-0.190142,0.156059
4643,-0.189991,0.155232
4644,-0.188236,0.156396
4645,-0.188236,0.156396
4646,-0.190047,0.155594
4647,-0.188264,0.156804
4648,-0.188264,0.156804
4649,-0.187823,0.157335
4650,-0.185533,0.158277
4651,-0.18715,0.157827
4652,-0.187772,0.157084
4653,-0.187369,0.158066
4654,-0.187369,0.158066
4655,-0.187513,0.15842
4656,-0.189812,0.156914
4657,-0.187808,0.156905
4658,-0.18754,0.157312
4659,-0.18812,0.157848
4660,-0.188847,0.157404
4661,-0.188288,0.156561
4662,-0.188288,0.156561
4663,-0.189151,0.156771
4664,-0.18914,0.156971
4665,-0.190813,0.156737
4666,-0.192373,0.156345
4667,-0.191499,0.155797
4668,-0.191499,0.155797
4669,-0.191805,0.155756
4670,-0.192733,0.154774
4671,-0.192733,0.154774
4672,-0.192733,0.154774
4673,-0.192733,0.154774
4674,-0.192733,0.154774
4675,-0.190693,0.156424
4676,-0.193638,0.155216
4677,-0.193638,0.155216
4678,-0.193638,0.155216
4679,-0.193638,0.155216
4680,-0.19067,0.155734
4681,-0.190007,0.155946
4682,-0.190007,0.155946
4683,-0.189631,0.155971
4684,-0.189631,0.155971
4685,-0.189631,0.155971
4686,-0.18975,0.155898
4687,-0.18975,0.155898
4688,-0.18999,0.155806
4689,-0.18999,0.155806
4690,-0.18999,0.155806
4691,-0.18999,0.155806
4692,-0.189942,0.155796
4693,-0.189106,0.15573
4694,-0.189275,0.156968
4695,-0.189275,0.156968
4696,-0.190782,0.156476
4697,-0.190782,0.156476
4698,-0.190782,0.156476
4699,-0.190782,0.156476
4700,-0.189045,0.157282
4701,-0.189045,0.157282
4702,-0.190853,0.15587
4703,-0.190853,0.15587
4704,-0.19179,0.155022
4705,-0.191894,0.155169
4706,-0.191894,0.155169
4707,-0.191894,0.155169
4708,-0.191988,0.154395
4709,-0.194578,0.153413
4710,-0.193182,0.154312
4711,-0.193795,0.155034
4712,-0.193795,0.155034
4713,-0.195373,0.153438
4714,-0.193279,0.154125
4715,-0.19261,0.155082
4716,-0.193684,0.153483
4717,-0.192176,0.154414
4718,-0.192176,0.154414
4719,-0.192542,0.154506
4720,-0.192406,0.15455
4721,-0.192304,0.154963
4722,-0.192304,0.154963
4723,-0.191837,0.154956
4724,-0.193973,0.154581
4725,-0.190771,0.155941
4726,-0.19062,0.155522
4727,-0.190441,0.155216
4728,-0.188275,0.156782
4729,-0.188275,0.156782
4730,-0.187793,0.15738
4731,-0.189551,0.156721
4732,-0.189551,0.156721
4733,-0.189551,0.156721
4734,-0.186465,0.158307
4735,-0.187055,0.158342
4736,-0.18766,0.157522
4737,-0.186643,0.157416
4738,-0.186643,0.157416
4739,-0.185055,0.158274
4740,-0.186519,0.158195
4741,-0.186104,0.158191
4742,-0.186104,0.158191
4743,-0.186104,0.158191
4744,-0.186104,0.158191
4745,-0.183648,0.159349
4746,-0.185744,0.158854
4747,-0.185744,0.158854
4748,-0.186574,0.158078
4749,-0.186781,0.157846
4750,-0.188335,0.1572
4751,-0.184895,0.158785
4752,-0.185737,0.15862
4753,-0.185802,0.15941
4754,-0.185802,0.15941
4755,-0.185802,0.15941
4756,-0.184803,0.158979
4757,-0.184803,0.158979
4758,-0.182708,0.159297
4759,-0.184152,0.159172
4760,-0.182468,0.160301
4761,-0.183468,0.15988
4762,-0.183468,0.15988
4763,-0.18401,0.158922
4764,-0.184145,0.16012
4765,-0.18506,0.159238
4766,-0.18506,0.159238
4767,-0.184615,0.159148
4768,-0.182868,0.159804
4769,-0.183155,0.159701
4770,-0.183155,0.159701
4771,-0.182926,0.160006
4772,-0.184942,0.159179
4773,-0.18343,0.160136
4774,-0.185285,0.158108
4775,-0.185285,0.158108
4776,-0.185116,0.157845
4777,-0.187186,0.156924
4778,-0.187186,0.156924
4779,-0.186974,0.157677
4780,-0.186912,0.158097
4781,-0.185641,0.157654
4782,-0.186467,0.15925
4783,-0.186467,0.15925
4784,-0.18574,0.158109
4785,-0.185852,0.158891
4786,-0.185423,0.158286
4787,-0.185172,0.158057
4788,-0.187734,0.156857
4789,-0.187582,0.157163
4790,-0.187224,0.158055
4791,-0.186456,0.158275
4792,-0.186456,0.158275
4793,-0.186326,0.15813
4794,-0.187113,0.158304
4795,-0.186297,0.15778
4796,-0.185547,0.158735
4797,-0.185547,0.158735
4798,-0.186552,0.158905
4799,-0.186552,0.158905
4800,-0.186552,0.158905
4801,-0.186552,0.158905
4802,-0.186633,0.158754
4803,-0.186314,0.157609
4804,-0.186314,0.157609
4805,-0.183975,0.159188
4806,-0.1846,0.159372
4807,-0.1846,0.159372
4808,-0.184839,0.158703
4809,-0.184839,0.158703
4810,-0.184511,0.159046
4811,-0.183787,0.159171
4812,-0.183787,0.159171
4813,-0.184109,0.159692
4814,-0.181839,0.159441
4815,-0.181714,0.160882
4816,-0.182923,0.16023
4817,-0.184329,0.160165
4818,-0.184329,0.160165
4819,-0.184427,0.160681
4820,-0.184011,0.160572
4821,-0.18544,0.159086
4822,-0.183154,0.160711
4823,-0.183154,0.160711
4824,-0.183545,0.16055
4825,-0.183545,0.16055
4826,-0.181883,0.160445
4827,-0.181883,0.160445
4828,-0.182239,0.159314
4829,-0.182239,0.159314
4830,-0.182041,0.160093
4831,-0.181646,0.159853
4832,-0.184876,0.159376
4833,-0.183579,0.159631
4834,-0.184449,0.15735
4835,-0.184151,0.158758
4836,-0.184585,0.158099
4837,-0.184909,0.157806
4838,-0.185539,0.1575
4839,-0.18565,0.157908
4840,-0.18565,0.157908
4841,-0.1871,0.156425
4842,-0.1888,0.155276
4843,-0.1888,0.155276
4844,-0.1888,0.155276
4845,-0.188843,0.15583
4846,-0.187441,0.156806
4847,-0.188043,0.156509
4848,-0.188043,0.156509
4849,-0.188043,0.156509
4850,-0.18873,0.157132
4851,-0.18873,0.157132
4852,-0.187379,0.157737
4853,-0.187909,0.156996
4854,-0.187909,0.156996
4855,-0.187909,0.156996
4856,-0.187658,0.157237
4857,-0.186697,0.158457
4858,-0.18765,0.157954
4859,-0.186622,0.158696
4860,-0.186622,0.158696
4861,-0.186622,0.158696
4862,-0.187528,0.158286
4863,-0.186973,0.158777
4864,-0.188396,0.156987
4865,-0.188353,0.157078
4866,-0.188817,0.156197
4867,-0.189328,0.155804
4868,-0.191533,0.155174
4869,-0.189349,0.155238
4870,-0.192215,0.1558
4871,-0.192215,0.1558
4872,-0.189512,0.156387
4873,-0.189512,0.156387
4874,-0.191568,0.155899
4875,-0.191568,0.155899
4876,-0.193566,0.155873
4877,-0.195645,0.154036
4878,-0.195542,0.153381
4879,-0.195542,0.153381
4880,-0.194322,0.153702
4881,-0.193906,0.154375
4882,-0.193849,0.154149
4883,-0.193391,0.154307
4884,-0.187937,0.156434
4885,-0.186722,0.157324
4886,-0.18877,0.157398
4887,-0.18877,0.157398
4888,-0.188403,0.156842
4889,-0.188714,0.156809
4890,-0.188659,0.157542
4891,-0.188553,0.157583
4892,-0.188553,0.157583
4893,-0.188553,0.157583
4894,-0.188553,0.157583
4895,-0.188553,0.157583
4896,-0.188253,0.158461
4897,-0.188253,0.158461
4898,-0.187965,0.1585
4899,-0.187365,0.159103
4900,-0.187365,0.159103
4901,-0.187365,0.159103
4902,-0.187365,0.159103
4903,-0.185535,0.158482
4904,-0.189001,0.158372
4905,-0.188354,0.158665
4906,-0.186798,0.158925
4907,-0.186798,0.158925
4908,-0.187253,0.159016
4909,-0.186931,0.158238
4910,-0.188321,0.158594
4911,-0.188321,0.158594
4912,-0.188238,0.157727
4913,-0.189058,0.157597
4914,-0.188797,0.157844
4915,-0.190109,0.156563
4916,-0.189528,0.156665
4917,-0.190872,0.156704
4918,-0.19081,0.156735
4919,-0.189938,0.156488
4920,-0.189717,0.156777
4921,-0.189452,0.156245
4922,-0.189214,0.156649
4923,-0.189214,0.156649
4924,-0.189262,0.15707
4925,-0.189262,0.15707
4926,-0.189796,0.156744
4927,-0.191213,0.15615
4928,-0.190165,0.156131
4929,-0.190165,0.156131
4930,-0.191414,0.155364
4931,-0.189812,0.155953
4932,-0.189812,0.155953
4933,-0.189201,0.156607
4934,-0.189201,0.156607
4935,-0.189201,0.156607
4936,-0.190607,0.1556
4937,-0.188534,0.156854
4938,-0.187135,0.156896
4939,-0.186987,0.156673
4940,-0.190431,0.155391
4941,-0.188755,0.156144
4942,-0.187926,0.15744
4943,-0.186808,0.157644
4944,-0.187563,0.156975
4945,-0.187563,0.156975
4946,-0.186141,0.157575
4947,-0.186788,0.157388
4948,-0.187523,0.15733
4949,-0.189403,0.157577
4950,-0.189559,0.155355
4951,-0.189559,0.155355
4952,-0.189559,0.155355
4953,-0.188092,0.156878
4954,-0.189054,0.156484
4955,-0.189054,0.156484
4956,-0.189054,0.156484
4957,-0.189618,0.156285
4958,-0.188916,0.157934
4959,-0.188672,0.157819
4960,-0.188672,0.157819
4961,-0.187934,0.157515
4962,-0.188401,0.157926
4963,-0.188401,0.157926
4964,-0.188401,0.157926
4965,-0.188401,0.157926
4966,-0.188426,0.156749
4967,-0.188426,0.156749
4968,-0.188426,0.156749
4969,-0.189761,0.15622
4970,-0.190007,0.156475
4971,-0.190007,0.156475
4972,-0.190206,0.156643
4973,-0.18965,0.155916
4974,-0.190328,0.155686
4975,-0.186843,0.156988
4976,-0.187619,0.157234
4977,-0.187619,0.157234
4978,-0.187619,0.157234
4979,-0.187619,0.157234
4980,-0.188055,0.157418
4981,-0.188055,0.157418
4982,-0.187987,0.157638
4983,-0.190784,0.156132
4984,-0.193087,0.15644
4985,-0.192704,0.155499
4986,-0.191621,0.155532
4987,-0.193231,0.153996
4988,-0.191023,0.15553
4989,-0.190384,0.155925
4990,-0.190381,0.155856
4991,-0.191836,0.155995
4992,-0.192022,0.155659
4993,-0.192932,0.154981
4994,-0.194765,0.154254
4995,-0.193115,0.154418
4996,-0.193115,0.154418
4997,-0.192175,0.155817
4998,-0.192354,0.155434
4999,-0.191575,0.154694
5000,-0.192309,0.154614
5001,-0.192309,0.154614
5002,-0.193197,0.154402
5003,-0.194205,0.15366
5004,-0.194205,0.15366
5005,-0.194205,0.15366
5006,-0.193903,0.154149
5007,-0.193168,0.154409
5008,-0.194117,0.153694
5009,-0.194652,0.154029
5010,-0.193441,0.155187
5011,-0.193235,0.154253
5012,-0.193056,0.154374
5013,-0.193056,0.154374
5014,-0.192673,0.154742
5015,-0.193516,0.153216
5016,-0.191634,0.153999
5017,-0.192433,0.154384
5018,-0.192743,0.153883
5019,-0.192446,0.154505
5020,-0.193071,0.15335
5021,-0.194019,0.154676
5022,-0.193843,0.154311
5023,-0.193086,0.155444
5024,-0.19331,0.154094
5025,-0.19331,0.154094
5026,-0.19331,0.154094
5027,-0.19352,0.154798
5028,-0.19471,0.153749
5029,-0.19471,0.153749
5030,-0.19471,0.153749
5031,-0.193944,0.154842
5032,-0.192851,0.155795
5033,-0.193095,0.154739
5034,-0.193021,0.154941
5035,-0.190935,0.155202
5036,-0.190935,0.155202
5037,-0.192441,0.155183
5038,-0.192441,0.155183
5039,-0.19306,0.15504
5040,-0.19306,0.15504
5041,-0.192266,0.155132
5042,-0.192312,0.154857
5043,-0.192528,0.15509
5044,-0.192528,0.15509
5045,-0.192528,0.15509
5046,-0.190094,0.155675
5047,-0.190094,0.155675
5048,-0.190094,0.155675
5049,-0.188652,0.155828
5050,-0.188652,0.155828
5051,-0.189074,0.156301
5052,-0.190312,0.156175
5053,-0.189653,0.15755
5054,-0.18824,0.1585
5055,-0.189237,0.1576
5056,-0.191825,0.156168
5057,-0.189042,0.156901
5058,-0.189042,0.156901
5059,-0.189042,0.156901
5060,-0.189042,0.156901
5061,-0.187738,0.157589
5062,-0.186255,0.15839
5063,-0.186831,0.158515
5064,-0.186831,0.158515
5065,-0.186758,0.158205
5066,-0.186758,0.158205
5067,-0.186758,0.158205
5068,-0.186758,0.158205
5069,-0.187402,0.15818
5070,-0.187297,0.158297
5071,-0.18684,0.158027
5072,-0.188183,0.157308
5073,-0.188295,0.156368
5074,-0.188295,0.156368
5075,-0.189212,0.156002
5076,-0.190264,0.155651
5077,-0.190264,0.155651
5078,-0.190264,0.155651
5079,-0.190596,0.156102
5080,-0.190938,0.156297
5081,-0.192889,0.15499
5082,-0.192889,0.15499
5083,-0.191412,0.155103
5084,-0.190795,0.155323
5085,-0.191959,0.155147
5086,-0.192008,0.155337
5087,-0.192008,0.155337
5088,-0.192008,0.155337
5089,-0.192008,0.155337
5090,-0.192651,0.155039
5091,-0.191719,0.15527
5092,-0.190585,0.156565
5093,-0.190585,0.156565
5094,-0.190562,0.155754
5095,-0.19064,0.155187
5096,-0.192352,0.154636
5097,-0.193436,0.153885
5098,-0.195312,0.153236
5099,-0.194592,0.154275
5100,-0.194955,0.153267
5101,-0.194505,0.154116
5102,-0.194575,0.153925
5103,-0.194575,0.153925
5104,-0.193358,0.154576
5105,-0.192368,0.155028
5106,-0.192394,0.154797
5107,-0.192441,0.153788
5108,-0.192441,0.153788
5109,-0.190897,0.155713
5110,-0.190518,0.156271
5111,-0.190028,0.15745
5112,-0.18935,0.157391
5113,-0.189055,0.156961
5114,-0.189756,0.155619
5115,-0.189687,0.156089
5116,-0.192542,0.154139
5117,-0.192542,0.154139
5118,-0.19482,0.153919
5119,-0.19482,0.153919
5120,-0.194659,0.153981
5121,-0.194118,0.154115
5122,-0.194118,0.154115
5123,-0.19265,0.154812
5124,-0.19383,0.154073
5125,-0.196308,0.153421
5126,-0.196308,0.153421
5127,-0.194705,0.154444
5128,-0.195391,0.154927
5129,-0.194569,0.154429
5130,-0.194569,0.154429
5131,-0.1936,0.154931
5132,-0.193215,0.154903
5133,-0.193215,0.154903
5134,-0.193215,0.154903
5135,-0.193794,0.154492
5136,-0.1937,0.154567
5137,-0.191963,0.154682
5138,-0.19397,0.155362
5139,-0.196995,0.153197
5140,-0.197062,0.153606
5141,-0.196827,0.153273
5142,-0.199967,0.151882
5143,-0.198629,0.151595
5144,-0.198629,0.151595
5145,-0.198629,0.151595
5146,-0.198629,0.151595
5147,-0.196978,0.152726
5148,-0.196978,0.152726
5149,-0.197668,0.152187
5150,-0.200442,0.150676
5151,-0.200442,0.150676
5152,-0.200002,0.151656
5153,-0.200002,0.151656
5154,-0.19924,0.151925
5155,-0.198345,0.151835
5156,-0.198286,0.152481
5157,-0.19768,0.153281
5158,-0.196303,0.153883
5159,-0.196922,0.153673
5160,-0.196922,0.153673
5161,-0.196922,0.153673
5162,-0.196656,0.15402
5163,-0.198162,0.153438
5164,-0.198162,0.153438
5165,-0.196715,0.153354
5166,-0.196434,0.152709
5167,-0.195771,0.15267
5168,-0.195771,0.15267
5169,-0.195771,0.15267
5170,-0.197714,0.152851
5171,-0.197127,0.152928
5172,-0.195154,0.153504
5173,-0.194387,0.154797
5174,-0.194728,0.154494
5175,-0.194728,0.154494
5176,-0.19482,0.154419
5177,-0.195627,0.154388
5178,-0.196277,0.153419
5179,-0.195529,0.153508
5180,-0.195529,0.153508
5181,-0.197887,0.15256
5182,-0.198725,0.151376
5183,-0.19656,0.15255
5184,-0.195231,0.153567
5185,-0.195231,0.153567
5186,-0.195231,0.153567
5187,-0.195366,0.153899
5188,-0.194373,0.153767
5189,-0.194373,0.153767
5190,-0.194234,0.153626
5191,-0.191807,0.155543
5192,-0.191223,0.155687
5193,-0.188957,0.156851
5194,-0.187985,0.157177
5195,-0.189139,0.155766
5196,-0.189175,0.156933
5197,-0.188502,0.156754
5198,-0.188502,0.156754
5199,-0.188502,0.156754
5200,-0.18637,0.157891
5201,-0.18637,0.157891
5202,-0.188448,0.157428
5203,-0.188448,0.157428
5204,-0.188448,0.157428
5205,-0.187115,0.158059
5206,-0.187635,0.156881
5207,-0.187635,0.156881
5208,-0.187812,0.157035
5209,-0.187535,0.157254
5210,-0.188083,0.157444
5211,-0.188198,0.158898
5212,-0.190599,0.1583
5213,-0.188851,0.15713
5214,-0.188851,0.15713
5215,-0.188432,0.157091
5216,-0.188432,0.157091
5217,-0.188432,0.157091
5218,-0.188723,0.157099
5219,-0.18745,0.157042
5220,-0.189949,0.156442
5221,-0.187136,0.156751
5222,-0.188501,0.156289
5223,-0.186517,0.157593
5224,-0.186949,0.157279
5225,-0.187828,0.156028
5226,-0.187828,0.156028
5227,-0.187632,0.156136
5228,-0.187632,0.156136
5229,-0.18813,0.156579
5230,-0.18813,0.156579
5231,-0.185902,0.157813
5232,-0.185902,0.157813
5233,-0.185902,0.157813
5234,-0.185902,0.157813
5235,-0.185902,0.157813
5236,-0.18494,0.158313
5237,-0.184454,0.158832
5238,-0.182749,0.159612
5239,-0.182339,0.160176
5240,-0.182356,0.159925
5241,-0.182821,0.160167
5242,-0.184699,0.159224
5243,-0.185967,0.158462
5244,-0.184504,0.158461
5245,-0.183396,0.159065
5246,-0.183396,0.159065
5247,-0.185434,0.158153
5248,-0.186453,0.15717
5249,-0.185216,0.157267
5250,-0.186257,0.156995
5251,-0.187362,0.156997
5252,-0.188705,0.156772
5253,-0.188892,0.157199
5254,-0.187945,0.156973
5255,-0.187945,0.156973
5256,-0.188168,0.1572
5257,-0.187435,0.156955
5258,-0.187435,0.156955
5259,-0.188833,0.156505
5260,-0.188833,0.156505
5261,-0.189008,0.156833
5262,-0.188518,0.15706
5263,-0.185813,0.157908
5264,-0.18513,0.158826
5265,-0.18513,0.158826
5266,-0.185549,0.15924
5267,-0.185049,0.15908
5268,-0.183941,0.158998
5269,-0.184893,0.157561
5270,-0.184893,0.157561
5271,-0.185923,0.157692
5272,-0.184723,0.15913
5273,-0.184916,0.158476
5274,-0.185093,0.159023
5275,-0.185093,0.159023
5276,-0.187084,0.158661
5277,-0.187569,0.158429
5278,-0.187569,0.158429
5279,-0.186346,0.157587
5280,-0.185281,0.157934
5281,-0.186679,0.156407
5282,-0.184584,0.157878
5283,-0.185253,0.158251
5284,-0.184238,0.158974
5285,-0.184238,0.158974
5286,-0.184898,0.159442
5287,-0.184898,0.159442
5288,-0.182992,0.159589
5289,-0.181996,0.160975
5290,-0.182532,0.160753
5291,-0.18239,0.160373
5292,-0.18141,0.16132
5293,-0.18141,0.16132
5294,-0.183472,0.159672
5295,-0.180923,0.161511
5296,-0.184254,0.159654
5297,-0.185692,0.158654
5298,-0.185692,0.158654
5299,-0.183835,0.159024
5300,-0.184035,0.159236
5301,-0.186077,0.159363
5302,-0.186077,0.159363
5303,-0.183098,0.160188
5304,-0.183098,0.160188
5305,-0.181555,0.160299
5306,-0.185258,0.159856
5307,-0.185258,0.159856
5308,-0.183551,0.159794
5309,-0.183674,0.16047
5310,-0.183674,0.16047
5311,-0.183506,0.160147
5312,-0.182036,0.160796
5313,-0.184234,0.159387
5314,-0.18445,0.159325
5315,-0.184533,0.159737
5316,-0.185235,0.159886
5317,-0.185235,0.159886
5318,-0.185235,0.159886
5319,-0.184412,0.160233
5320,-0.185384,0.159516
5321,-0.185635,0.160185
5322,-0.185046,0.159353
5323,-0.186813,0.1586
5324,-0.187207,0.159171
5325,-0.186291,0.158958
5326,-0.186291,0.158958
5327,-0.18435,0.159984
5328,-0.182188,0.160036
5329,-0.18282,0.16063
5330,-0.183051,0.16013
5331,-0.182996,0.160085
5332,-0.182659,0.160722
5333,-0.183894,0.159647
5334,-0.184777,0.158877
5335,-0.184022,0.158339
5336,-0.184022,0.158339
5337,-0.184136,0.159322
5338,-0.183602,0.15974
5339,-0.184835,0.158908
5340,-0.184057,0.159167
5341,-0.186288,0.158587
5342,-0.18714,0.158396
5343,-0.186307,0.159673
5344,-0.186874,0.158537
5345,-0.186874,0.158537
5346,-0.186802,0.158656
5347,-0.186802,0.158656
5348,-0.186802,0.158656
5349,-0.188433,0.158145
5350,-0.190297,0.156925
5351,-0.190309,0.157558
5352,-0.189941,0.157674
5353,-0.190355,0.157929
5354,-0.190787,0.156745
5355,-0.192525,0.156544
5356,-0.192136,0.155558
5357,-0.192136,0.155558
5358,-0.190757,0.156075
5359,-0.190897,0.155747
5360,-0.190897,0.155747
5361,-0.190914,0.155733
5362,-0.190914,0.155733
5363,-0.189582,0.15586
5364,-0.189879,0.155898
5365,-0.189879,0.155898
5366,-0.189879,0.155898
5367,-0.189879,0.155898
5368,-0.189494,0.157324
5369,-0.190975,0.156629
5370,-0.190656,0.156446
5371,-0.191975,0.155742
5372,-0.192268,0.155275
5373,-0.191851,0.155794
5374,-0.192371,0.156005
5375,-0.190242,0.156705
5376,-0.192027,0.156069
5377,-0.189891,0.156371
5378,-0.189925,0.155794
5379,-0.191016,0.156698
5380,-0.188526,0.157601
5381,-0.190877,0.156534
5382,-0.190852,0.156166
5383,-0.191441,0.155623
5384,-0.191441,0.155623
5385,-0.193022,0.155485
5386,-0.192122,0.155456
5387,-0.192122,0.155456
5388,-0.191033,0.155309
5389,-0.191033,0.155309
5390,-0.191456,0.154402
5391,-0.191155,0.154889
5392,-0.189775,0.155935
5393,-0.189775,0.155935
5394,-0.189775,0.155935
5395,-0.19218,0.155146
5396,-0.19218,0.155146
5397,-0.193004,0.154349
5398,-0.193183,0.155049
5399,-0.193183,0.155049
5400,-0.194255,0.15379
5401,-0.195335,0.153695
5402,-0.195007,0.15339
5403,-0.195185,0.153409
5404,-0.196632,0.152773
5405,-0.196632,0.152773
5406,-0.196632,0.152773
5407,-0.195959,0.15344
5408,-0.196918,0.153167
5409,-0.196918,0.153167
5410,-0.195752,0.153778
5411,-0.195582,0.153514
5412,-0.196613,0.153086
5413,-0.193232,0.154064
5414,-0.196226,0.152535
5415,-0.196226,0.152535
5416,-0.196226,0.152535
5417,-0.196226,0.152535
5418,-0.196226,0.152535
5419,-0.196226,0.152535
5420,-0.196121,0.152455
5421,-0.194697,0.153487
5422,-0.193737,0.154058
5423,-0.196325,0.152904
5424,-0.195645,0.153388
5425,-0.195812,0.153875
5426,-0.196819,0.153285
5427,-0.195457,0.153185
5428,-0.194645,0.1541
5429,-0.194508,0.153451
5430,-0.194508,0.153451
5431,-0.191439,0.155276
5432,-0.191095,0.156008
5433,-0.189037,0.156894
5434,-0.189442,0.156923
5435,-0.190329,0.156133
5436,-0.192371,0.154971
5437,-0.191091,0.155854
5438,-0.189301,0.155864
5439,-0.189301,0.155864
5440,-0.18861,0.156191
5441,-0.18861,0.156191
5442,-0.189939,0.155514
5443,-0.190534,0.156036
5444,-0.190534,0.156036
5445,-0.190534,0.156036
5446,-0.190971,0.155489
5447,-0.190971,0.155489
5448,-0.190971,0.155489
5449,-0.189757,0.155978
5450,-0.189757,0.155978
5451,-0.191785,0.155794
5452,-0.192155,0.155846
5453,-0.19203,0.154912
5454,-0.192017,0.154186
5455,-0.192017,0.154186
5456,-0.193565,0.154447
5457,-0.191079,0.155918
5458,-0.191012,0.155829
5459,-0.191942,0.155592
5460,-0.190857,0.156278
5461,-0.190347,0.156279
5462,-0.190341,0.155879
5463,-0.190341,0.155879
5464,-0.190802,0.155162
5465,-0.191366,0.155751
5466,-0.191366,0.155751
5467,-0.191366,0.155751
5468,-0.190816,0.156141
5469,-0.191746,0.155394
5470,-0.192143,0.155628
5471,-0.190431,0.155805
5472,-0.190431,0.155805
5473,-0.190431,0.155805
5474,-0.190431,0.155805
5475,-0.189965,0.156387
5476,-0.189965,0.156387
5477,-0.18946,0.156402
5478,-0.18946,0.156402
5479,-0.190433,0.155826
5480,-0.191606,0.15518
5481,-0.191606,0.15518
5482,-0.190579,0.156422
5483,-0.190343,0.156566
5484,-0.190231,0.156793
5485,-0.191359,0.156121
5486,-0.191359,0.156121
5487,-0.191359,0.156121
5488,-0.190796,0.155497
5489,-0.188696,0.156137
5490,-0.188696,0.156137
5491,-0.187997,0.15679
5492,-0.18764,0.157107
5493,-0.18764,0.157107
5494,-0.188515,0.156461
5495,-0.187079,0.157406
5496,-0.185876,0.15839
5497,-0.185876,0.15839
5498,-0.186055,0.157611
5499,-0.187032,0.158398
5500,-0.187032,0.158398
5501,-0.187032,0.158398
5502,-0.188691,0.156405
5503,-0.190315,0.156615
5504,-0.1908,0.156939
5505,-0.190926,0.156614
5506,-0.191152,0.1558
5507,-0.191468,0.156695
5508,-0.189957,0.157462
5509,-0.189957,0.157462
5510,-0.19119,0.156906
5511,-0.19119,0.156906
5512,-0.19119,0.156906
5513,-0.19119,0.156906
5514,-0.19119,0.156906
5515,-0.190903,0.156186
5516,-0.190903,0.156186
5517,-0.188156,0.157276
5518,-0.190252,0.156442
5519,-0.191683,0.155759
5520,-0.189253,0.156754
5521,-0.188831,0.156207
5522,-0.189444,0.156463
5523,-0.190333,0.156113
5524,-0.190946,0.155586
5525,-0.190956,0.155359
5526,-0.190956,0.155359
5527,-0.190563,0.156206
5528,-0.188848,0.157425
5529,-0.189764,0.156511
5530,-0.189764,0.156511
5531,-0.189764,0.156511
5532,-0.188619,0.156309
5533,-0.186895,0.157236
5534,-0.186487,0.157515
5535,-0.186487,0.157515
5536,-0.187534,0.15658
5537,-0.186841,0.157135
5538,-0.186841,0.157135
5539,-0.18645,0.157935
5540,-0.18645,0.157935
5541,-0.185561,0.157784
5542,-0.185154,0.158305
5543,-0.186357,0.158095
5544,-0.186357,0.158095
5545,-0.186357,0.158095
5546,-0.188887,0.156547
5547,-0.190148,0.156002
5548,-0.189459,0.155561
5549,-0.191302,0.154961
5550,-0.191302,0.154961
5551,-0.191302,0.154961
5552,-0.191302,0.154961
5553,-0.188667,0.156081
5554,-0.188359,0.156532
5555,-0.188483,0.155876
5556,-0.18997,0.155721
5557,-0.190456,0.155089
5558,-0.190456,0.155089
5559,-0.190613,0.154808
5560,-0.189776,0.155798
5561,-0.190936,0.155059
5562,-0.191893,0.15412
5563,-0.194132,0.152299
5564,-0.194132,0.152299
5565,-0.194132,0.152299
5566,-0.196211,0.151706
5567,-0.194157,0.151186
5568,-0.194297,0.15169
5569,-0.193097,0.151491
5570,-0.194791,0.150913
5571,-0.195666,0.151255
5572,-0.195666,0.151255
5573,-0.195666,0.151255
5574,-0.195666,0.151255
5575,-0.195666,0.151255
5576,-0.195666,0.151255
5577,-0.191816,0.153515
5578,-0.192459,0.153488
5579,-0.192221,0.154043
5580,-0.192088,0.154416
5581,-0.192088,0.154416
5582,-0.192271,0.155327
5583,-0.189809,0.155615
5584,-0.189926,0.155926
5585,-0.188065,0.155887
5586,-0.188065,0.155887
5587,-0.188065,0.155887
5588,-0.188065,0.155887
5589,-0.189429,0.155744
5590,-0.189429,0.155744
5591,-0.188476,0.155568
5592,-0.188476,0.155568
5593,-0.189118,0.155976
5594,-0.189423,0.156342
5595,-0.188334,0.155762
5596,-0.188743,0.155991
5597,-0.188743,0.155991
5598,-0.187907,0.156589
5599,-0.188397,0.157722
5600,-0.185719,0.157375
5601,-0.187502,0.157089
5602,-0.185136,0.157877
5603,-0.186154,0.157227
5604,-0.186911,0.15767
5605,-0.186194,0.157168
5606,-0.186347,0.157671
5607,-0.186347,0.157671
5608,-0.187419,0.157028
5609,-0.188657,0.156019
5610,-0.188962,0.156647
5611,-0.190832,0.155222
5612,-0.190832,0.155222
5613,-0.190849,0.15523
5614,-0.189874,0.154622
5615,-0.191687,0.15509
5616,-0.189914,0.154781
5617,-0.192728,0.153491
5618,-0.192143,0.153908
5619,-0.193733,0.152658
5620,-0.193733,0.152658
5621,-0.194961,0.152252
5622,-0.194961,0.152252
5623,-0.194961,0.152252
5624,-0.194961,0.152252
5625,-0.194961,0.152252
5626,-0.194715,0.153639
5627,-0.194343,0.153222
5628,-0.194343,0.153222
5629,-0.194343,0.153222
5630,-0.194343,0.153222
5631,-0.194343,0.153222
5632,-0.194343,0.153222
5633,-0.192365,0.153958
5634,-0.192852,0.154105
5635,-0.194078,0.153909
5636,-0.194078,0.153909
5637,-0.19191,0.155346
5638,-0.191457,0.155673
5639,-0.191457,0.155673
5640,-0.19007,0.155794
5641,-0.19155,0.155281
5642,-0.193489,0.153899
5643,-0.193561,0.153327
5644,-0.193207,0.153778
5645,-0.192502,0.153434
5646,-0.192502,0.153434
5647,-0.192502,0.153434
5648,-0.192128,0.153833
5649,-0.193386,0.152931
5650,-0.192669,0.1529
5651,-0.18963,0.154332
5652,-0.189637,0.154538
5653,-0.188067,0.156357
5654,-0.188489,0.156138
5655,-0.190774,0.155461
5656,-0.190303,0.15528
5657,-0.192175,0.154509
5658,-0.193686,0.153949
5659,-0.193686,0.153949
5660,-0.193686,0.153949
5661,-0.194475,0.154544
5662,-0.193292,0.154273
5663,-0.192447,0.154948
5664,-0.192569,0.154018
5665,-0.192569,0.154018
5666,-0.192569,0.154018
5667,-0.192569,0.154018
5668,-0.192569,0.154018
5669,-0.192569,0.154018
5670,-0.190155,0.155353
5671,-0.190889,0.154711
5672,-0.191425,0.154731
5673,-0.191924,0.155536
5674,-0.193295,0.154745
5675,-0.192158,0.154197
5676,-0.192158,0.154197
5677,-0.190989,0.154834
5678,-0.190989,0.154834
5679,-0.192356,0.153913
5680,-0.192356,0.153913
5681,-0.192356,0.153913
5682,-0.18991,0.156061
5683,-0.188681,0.155888
5684,-0.189815,0.155226
5685,-0.188721,0.156249
5686,-0.188757,0.156558
5687,-0.188757,0.156558
5688,-0.189042,0.156615
5689,-0.189787,0.156339
5690,-0.189327,0.156886
5691,-0.188727,0.157043
5692,-0.188376,0.157289
5693,-0.188228,0.156881
5694,-0.188228,0.156881
5695,-0.189333,0.156808
5696,-0.187912,0.157171
5697,-0.187912,0.157171
5698,-0.187912,0.157171
5699,-0.188528,0.157157
5700,-0.189746,0.15658
5701,-0.189434,0.156386
5702,-0.191972,0.156419
5703,-0.191972,0.156419
5704,-0.190092,0.156191
5705,-0.190092,0.156191
5706,-0.189918,0.156802
5707,-0.189918,0.156802
5708,-0.190518,0.156499
5709,-0.190518,0.156499
5710,-0.190498,0.156943
5711,-0.190498,0.156943
5712,-0.189961,0.157197
5713,-0.189299,0.156697
5714,-0.19002,0.156329
5715,-0.18989,0.155762
5716,-0.18989,0.155762
5717,-0.18989,0.155762
5718,-0.189494,0.156177
5719,-0.188716,0.156923
5720,-0.188716,0.156923
5721,-0.188716,0.156923
5722,-0.189068,0.156276
5723,-0.188558,0.155618
5724,-0.188558,0.155618
5725,-0.188561,0.156848
5726,-0.188129,0.158015
5727,-0.187232,0.157845
5728,-0.188345,0.157447
5729,-0.188345,0.157447
5730,-0.190288,0.156201
5731,-0.191125,0.156917
5732,-0.189496,0.157519
5733,-0.189496,0.157519
5734,-0.189403,0.158362
5735,-0.188106,0.157798
5736,-0.189238,0.156855
5737,-0.189238,0.156855
5738,-0.187524,0.157673
5739,-0.188647,0.157077
5740,-0.188476,0.156137
5741,-0.188476,0.156137
5742,-0.188476,0.156137
5743,-0.187878,0.157495
5744,-0.187878,0.157495
5745,-0.187878,0.157495
5746,-0.188548,0.157106
5747,-0.188548,0.157106
5748,-0.188548,0.157106
5749,-0.18746,0.157776
5750,-0.189524,0.157334
5751,-0.19178,0.156052
5752,-0.192166,0.155536
5753,-0.192391,0.154654
5754,-0.192391,0.154654
5755,-0.192391,0.154654
5756,-0.192391,0.154654
5757,-0.193106,0.154691
5758,-0.193106,0.154691
5759,-0.193106,0.154691
5760,-0.193106,0.154691
5761,-0.193106,0.154691
5762,-0.192359,0.154911
5763,-0.192837,0.155379
5764,-0.191506,0.155211
5765,-0.193319,0.155509
5766,-0.192986,0.15416
5767,-0.194733,0.153882
5768,-0.19454,0.153263
5769,-0.194612,0.153682
5770,-0.194366,0.154215
5771,-0.196134,0.153471
5772,-0.195819,0.153181
5773,-0.19504,0.153998
5774,-0.19504,0.153998
5775,-0.194339,0.153715
5776,-0.193457,0.154162
5777,-0.19176,0.155233
5778,-0.192743,0.154197
5779,-0.192121,0.155568
5780,-0.191855,0.154365
5781,-0.193232,0.154892
5782,-0.193232,0.154892
5783,-0.191971,0.154105
5784,-0.192198,0.154465
5785,-0.192249,0.154844
5786,-0.191147,0.155654
5787,-0.191147,0.155654
5788,-0.192056,0.154453
5789,-0.193792,0.154395
5790,-0.193792,0.154395
5791,-0.193792,0.154395
5792,-0.193792,0.154395
5793,-0.193673,0.154849
5794,-0.193673,0.154849
5795,-0.193623,0.154613
5796,-0.190997,0.15429
5797,-0.191093,0.154896
5798,-0.191093,0.154896
5799,-0.190547,0.155028
5800,-0.189593,0.155773
5801,-0.189593,0.155773
5802,-0.189827,0.156014
5803,-0.188772,0.15663
5804,-0.188772,0.15663
5805,-0.188772,0.15663
5806,-0.189287,0.156008
5807,-0.189287,0.156008
5808,-0.188015,0.156194
5809,-0.188015,0.156194
5810,-0.188015,0.156194
5811,-0.188015,0.156194
5812,-0.189374,0.155606
5813,-0.189694,0.15593
5814,-0.187867,0.156447
5815,-0.18706,0.156845
5816,-0.186183,0.158889
5817,-0.18598,0.158159
5818,-0.185408,0.158864
5819,-0.184798,0.159687
5820,-0.185506,0.158977
5821,-0.185506,0.158977
5822,-0.182731,0.160016
5823,-0.18312,0.160407
5824,-0.182237,0.16048
5825,-0.183611,0.159198
5826,-0.183611,0.159198
5827,-0.183782,0.158727
5828,-0.185448,0.157531
5829,-0.183531,0.158523
5830,-0.184559,0.158656
5831,-0.184511,0.158701
5832,-0.18424,0.159517
5833,-0.18424,0.159517
5834,-0.183005,0.159726
5835,-0.184555,0.159064
5836,-0.183624,0.158442
5837,-0.185184,0.158717
5838,-0.185184,0.158717
5839,-0.184077,0.159419
5840,-0.184814,0.15836
5841,-0.184058,0.158635
5842,-0.184058,0.158635
5843,-0.185038,0.15812
5844,-0.185746,0.157666
5845,-0.185519,0.157486
5846,-0.185519,0.157486
5847,-0.185927,0.157364
5848,-0.183602,0.158536
5849,-0.18409,0.158114
5850,-0.18409,0.158114
5851,-0.184016,0.158715
5852,-0.185279,0.158341
5853,-0.185279,0.158341
5854,-0.184745,0.159003
5855,-0.184745,0.159003
5856,-0.183409,0.159853
5857,-0.183409,0.159853
5858,-0.184286,0.160587
5859,-0.184286,0.160587
5860,-0.185078,0.159692
5861,-0.185078,0.159692
5862,-0.185078,0.159692
5863,-0.185253,0.158935
5864,-0.186643,0.157895
5865,-0.186643,0.157895
5866,-0.183413,0.159231
5867,-0.185113,0.158381
5868,-0.186035,0.158056
5869,-0.185987,0.157979
5870,-0.185256,0.157985
5871,-0.185256,0.157985
5872,-0.185256,0.157985
5873,-0.186362,0.157798
5874,-0.186362,0.157798
5875,-0.18827,0.157994
5876,-0.190263,0.156443
5877,-0.189441,0.156632
5878,-0.189165,0.155595
5879,-0.189165,0.155595
5880,-0.188882,0.156319
5881,-0.18973,0.15691
5882,-0.18925,0.156674
5883,-0.190347,0.157082
5884,-0.190347,0.157082
5885,-0.190643,0.156665
5886,-0.189889,0.156716
5887,-0.189889,0.156716
5888,-0.190171,0.156718
5889,-0.190171,0.156718
5890,-0.189399,0.157555
5891,-0.188902,0.15736
5892,-0.188902,0.15736
5893,-0.187964,0.156762
5894,-0.189166,0.156715
5895,-0.187086,0.158254
5896,-0.187056,0.157305
5897,-0.187056,0.157305
5898,-0.187505,0.157038
5899,-0.187505,0.157038
5900,-0.187505,0.157038
5901,-0.188572,0.157093
5902,-0.187407,0.157877
5903,-0.186022,0.157608
5904,-0.186022,0.157608
5905,-0.186624,0.158435
5906,-0.188758,0.156301
5907,-0.188639,0.15628
5908,-0.189746,0.155324
5909,-0.186778,0.15694
5910,-0.186778,0.15694
5911,-0.186778,0.15694
5912,-0.189064,0.156813
5913,-0.187595,0.157094
5914,-0.188222,0.157455
5915,-0.187847,0.157857
5916,-0.187325,0.157311
5917,-0.189027,0.156021
5918,-0.189027,0.156021
5919,-0.189027,0.156021
5920,-0.188616,0.156045
5921,-0.189432,0.156076
5922,-0.190046,0.156589
5923,-0.190046,0.156589
5924,-0.19154,0.155773
5925,-0.191353,0.155972
5926,-0.191024,0.156124
5927,-0.191301,0.155685
5928,-0.19251,0.154874
5929,-0.19251,0.154874
5930,-0.193183,0.154349
5931,-0.192769,0.155035
5932,-0.191952,0.154659
5933,-0.192247,0.154554
5934,-0.192247,0.153987
5935,-0.194473,0.153492
5936,-0.192723,0.15364
5937,-0.192346,0.154046
5938,-0.192148,0.155078
5939,-0.192413,0.15483
5940,-0.191271,0.155923
5941,-0.190002,0.155477
5942,-0.188329,0.156788
5943,-0.189441,0.156402
5944,-0.189441,0.156402
5945,-0.187743,0.157317
5946,-0.187743,0.157317
5947,-0.189473,0.156782
5948,-0.189549,0.156598
5949,-0.189549,0.156598
5950,-0.190854,0.156093
5951,-0.191431,0.155485
5952,-0.191431,0.155485
5953,-0.191651,0.154802
5954,-0.19051,0.154641
5955,-0.19051,0.154641
5956,-0.190436,0.155664
5957,-0.190436,0.155664
5958,-0.190436,0.155664
5959,-0.191242,0.15562
5960,-0.189221,0.156303
5961,-0.189221,0.156303
5962,-0.189221,0.156303
5963,-0.188667,0.156642
5964,-0.188667,0.156642
5965,-0.187025,0.156456
5966,-0.187025,0.156456
5967,-0.187795,0.156992
5968,-0.189081,0.156498
5969,-0.189081,0.156498
5970,-0.189519,0.15592
5971,-0.190147,0.155871
5972,-0.190116,0.156708
5973,-0.190116,0.156708
5974,-0.190116,0.156708
5975,-0.188625,0.157457
5976,-0.189025,0.157473
5977,-0.187307,0.157083
5978,-0.187307,0.157083
5979,-0.187307,0.157083
5980,-0.18777,0.157597
5981,-0.18777,0.157597
5982,-0.187779,0.157604
5983,-0.187931,0.157639
5984,-0.186811,0.157368
5985,-0.18868,0.156779
5986,-0.18868,0.156779
5987,-0.187377,0.156566
5988,-0.188684,0.156179
5989,-0.188684,0.156179
5990,-0.188684,0.156179
5991,-0.189271,0.15617
5992,-0.187285,0.156482
5993,-0.187614,0.156666
5994,-0.186327,0.157532
5995,-0.186867,0.15718
5996,-0.188474,0.157058
5997,-0.188474,0.157058
5998,-0.186843,0.15796
5999,-0.186843,0.15796
6000,-0.186061,0.157922
6001,-0.186061,0.157922
6002,-0.186148,0.157842
6003,-0.186148,0.157842
6004,-0.186148,0.157842
6005,-0.186148,0.157842
6006,-0.186148,0.157842
6007,-0.186148,0.157842
6008,-0.187336,0.158871
6009,-0.187336,0.158871
6010,-0.187336,0.158871
6011,-0.187454,0.15821
6012,-0.187454,0.15821
6013,-0.187677,0.158618
6014,-0.187223,0.158558
6015,-0.187223,0.158558
6016,-0.186015,0.15938
6017,-0.186015,0.15938
6018,-0.185456,0.159559
6019,-0.185456,0.159559
6020,-0.185456,0.159559
6021,-0.183758,0.158908
6022,-0.183758,0.158908
6023,-0.186133,0.158274
6024,-0.186133,0.158274
6025,-0.187907,0.156926
6026,-0.188873,0.157172
6027,-0.186775,0.157729
6028,-0.189061,0.157484
6029,-0.189061,0.157484
6030,-0.185652,0.158511
6031,-0.185652,0.158511
6032,-0.18713,0.157684
6033,-0.186162,0.158075
6034,-0.187242,0.158054
6035,-0.184482,0.159184
6036,-0.186416,0.157654
6037,-0.184486,0.159272
6038,-0.184486,0.159272
6039,-0.184486,0.159272
6040,-0.185387,0.159223
6041,-0.186132,0.158603
6042,-0.186132,0.158603
6043,-0.186298,0.158624
6044,-0.186298,0.158624
6045,-0.187733,0.158519
6046,-0.187733,0.158519
6047,-0.186457,0.158486
6048,-0.186457,0.158486
6049,-0.187982,0.157606
6050,-0.189616,0.156231
6051,-0.189616,0.156231
6052,-0.189616,0.156231
6053,-0.1905,0.15525
6054,-0.193679,0.154277
6055,-0.192772,0.155193
6056,-0.192772,0.155193
6057,-0.193052,0.154518
6058,-0.193052,0.154518
6059,-0.193191,0.154198
6060,-0.19088,0.155158
6061,-0.190915,0.156162
6062,-0.192698,0.15572
6063,-0.192698,0.15572
6064,-0.190679,0.155602
6065,-0.190679,0.155602
6066,-0.189938,0.156928
6067,-0.189406,0.157123
6068,-0.18799,0.157309
6069,-0.188796,0.15701
6070,-0.187131,0.157364
6071,-0.187131,0.157364
6072,-0.188281,0.157456
6073,-0.185976,0.158365
6074,-0.186999,0.158613
6075,-0.187535,0.157359
6076,-0.187535,0.157359
6077,-0.188499,0.156132
6078,-0.190087,0.154983
6079,-0.191645,0.155744
6080,-0.191645,0.155744
6081,-0.191924,0.155379
6082,-0.191924,0.155379
6083,-0.193319,0.15458
6084,-0.193319,0.15458
6085,-0.193547,0.154601
6086,-0.193547,0.154601
6087,-0.195653,0.152635
6088,-0.1959,0.153141
6089,-0.1959,0.153141
6090,-0.1959,0.153141
6091,-0.1959,0.153141
6092,-0.195917,0.151682
6093,-0.196858,0.151716
6094,-0.196858,0.151716
6095,-0.195455,0.152168
6096,-0.195431,0.151894
6097,-0.194806,0.152579
6098,-0.196019,0.152547
6099,-0.196019,0.152547
6100,-0.195192,0.153897
6101,-0.195192,0.153897
6102,-0.194405,0.153763
6103,-0.194731,0.154382
6104,-0.194555,0.153465
6105,-0.194555,0.153465
6106,-0.196118,0.152665
6107,-0.197014,0.152517
6108,-0.196666,0.152788
6109,-0.198223,0.152134
6110,-0.19695,0.153601
6111,-0.19426,0.154619
6112,-0.194819,0.154067
6113,-0.194932,0.154104
6114,-0.194341,0.15461
6115,-0.193152,0.153872
6116,-0.193152,0.153872
6117,-0.190673,0.154997
6118,-0.190673,0.154997
6119,-0.190973,0.15579
6120,-0.190973,0.15579
6121,-0.192005,0.154854
6122,-0.192005,0.154854
6123,-0.192005,0.154854
6124,-0.192005,0.154854
6125,-0.192099,0.154849
6126,-0.191791,0.15538
6127,-0.191791,0.15538
6128,-0.191791,0.15538
6129,-0.193491,0.154444
6130,-0.193491,0.154444
6131,-0.193491,0.154444
6132,-0.190997,0.155355
6133,-0.192052,0.154607
6134,-0.193672,0.154959
6135,-0.191963,0.1552
6136,-0.190905,0.155543
6137,-0.190905,0.155543
6138,-0.191198,0.156037
6139,-0.189212,0.156567
6140,-0.189934,0.156086
6141,-0.189116,0.157193
6142,-0.190781,0.15649
6143,-0.190478,0.156325
6144,-0.193115,0.155688
6145,-0.194261,0.154684
6146,-0.193812,0.154711
6147,-0.193812,0.154711
6148,-0.195216,0.153936
6149,-0.194164,0.154594
6150,-0.194164,0.154594
6151,-0.192563,0.154847
6152,-0.194821,0.155174
6153,-0.195281,0.154781
6154,-0.194742,0.154578
6155,-0.196921,0.153209
6156,-0.196921,0.153209
6157,-0.19638,0.152719
6158,-0.196021,0.152986
6159,-0.194574,0.153983
6160,-0.19578,0.154034
6161,-0.193048,0.155556
6162,-0.192597,0.155126
6163,-0.193645,0.154912
6164,-0.194065,0.154256
6165,-0.194065,0.154256
6166,-0.194065,0.154256
6167,-0.194326,0.153862
6168,-0.19478,0.153981
6169,-0.193546,0.153899
6170,-0.193546,0.153899
6171,-0.193962,0.154392
6172,-0.193962,0.154392
6173,-0.195353,0.154522
6174,-0.197379,0.153508
6175,-0.197379,0.153508
6176,-0.197379,0.153508
6177,-0.197601,0.153369
6178,-0.197262,0.153493
6179,-0.197262,0.153493
6180,-0.196573,0.153895
6181,-0.198075,0.153194
6182,-0.198075,0.153194
6183,-0.198075,0.153194
6184,-0.1993,0.15234
6185,-0.1993,0.15234
6186,-0.199567,0.152898
6187,-0.19841,0.152278
6188,-0.19841,0.152278
6189,-0.19841,0.152278
6190,-0.19841,0.152278
6191,-0.19841,0.152278
6192,-0.199444,0.152468
6193,-0.199444,0.152468
6194,-0.199444,0.152468
6195,-0.197901,0.151909
6196,-0.197901,0.151909
6197,-0.197901,0.151909
6198,-0.195256,0.153383
6199,-0.197209,0.152691
6200,-0.197389,0.153331
6201,-0.196726,0.15317
6202,-0.197822,0.152204
6203,-0.196658,0.153567
6204,-0.196658,0.153567
6205,-0.196658,0.153567
6206,-0.193955,0.15518
6207,-0.195759,0.154709
6208,-0.194513,0.1548
6209,-0.19482,0.154268
6210,-0.197909,0.152911
6211,-0.196099,0.153671
6212,-0.195637,0.154499
6213,-0.193239,0.155558
6214,-0.194808,0.154684
6215,-0.194808,0.154684
6216,-0.195407,0.153691
6217,-0.194033,0.154263
6218,-0.195889,0.154233
6219,-0.195526,0.154017
6220,-0.195526,0.154017
6221,-0.195053,0.155281
6222,-0.196703,0.154148
6223,-0.194475,0.153936
6224,-0.194475,0.153936
6225,-0.194475,0.153936
6226,-0.197378,0.152812
6227,-0.197614,0.152123
6228,-0.197614,0.152123
6229,-0.196695,0.152462
6230,-0.19864,0.151046
6231,-0.198755,0.151703
6232,-0.198755,0.151703
6233,-0.198755,0.151703
6234,-0.199924,0.151055
6235,-0.199924,0.151055
6236,-0.199567,0.150601
6237,-0.199488,0.151519
6238,-0.199488,0.151519
6239,-0.198057,0.151519
6240,-0.200667,0.150678
6241,-0.199084,0.151908
6242,-0.198248,0.152507
6243,-0.198248,0.152507
6244,-0.198711,0.151983
6245,-0.198268,0.152229
6246,-0.198268,0.152229
6247,-0.198268,0.152229
6248,-0.198183,0.152472
6249,-0.197204,0.153145
6250,-0.198887,0.152216
6251,-0.199745,0.152068
6252,-0.199557,0.152515
6253,-0.197132,0.152579
6254,-0.197135,0.153869
6255,-0.197135,0.153869
6256,-0.197135,0.153869
6257,-0.196408,0.15428
6258,-0.195295,0.154405
6259,-0.1957,0.15393
6260,-0.1957,0.15393
6261,-0.196988,0.153313
6262,-0.198706,0.15288
6263,-0.197396,0.154001
6264,-0.196853,0.153647
6265,-0.198367,0.152597
6266,-0.196855,0.153641
6267,-0.195842,0.15462
6268,-0.194002,0.154546
6269,-0.192411,0.155372
6270,-0.192411,0.155372
6271,-0.192411,0.155372
6272,-0.193402,0.154459
6273,-0.1936,0.155283
6274,-0.195854,0.153814
6275,-0.195397,0.153017
6276,-0.195397,0.153017
6277,-0.195397,0.153017
6278,-0.195397,0.153017
6279,-0.195397,0.153017
6280,-0.195397,0.153017
6281,-0.195397,0.153017
6282,-0.194587,0.153426
6283,-0.194587,0.153426
6284,-0.19645,0.152823
6285,-0.198158,0.153125
6286,-0.196987,0.152701
6287,-0.19529,0.153491
6288,-0.19676,0.152665
6289,-0.196389,0.152614
6290,-0.196751,0.152242
6291,-0.196751,0.152242
6292,-0.196751,0.152242
6293,-0.197377,0.152336
6294,-0.195722,0.153155
6295,-0.198618,0.152398
6296,-0.197914,0.152267
6297,-0.197914,0.152267
6298,-0.19656,0.153575
6299,-0.19656,0.153575
6300,-0.195267,0.153875
6301,-0.191039,0.155767
6302,-0.191039,0.155767
6303,-0.19319,0.155563
6304,-0.192058,0.155194
6305,-0.192058,0.155194
6306,-0.192058,0.155194
6307,-0.192363,0.154757
6308,-0.193738,0.154459
6309,-0.193947,0.153786
6310,-0.193947,0.153786
6311,-0.193947,0.153786
6312,-0.195603,0.153794
6313,-0.196195,0.153478
6314,-0.195779,0.155278
6315,-0.196189,0.154591
6316,-0.194643,0.155312
6317,-0.194926,0.154754
6318,-0.194926,0.154754
6319,-0.195652,0.153685
6320,-0.195652,0.153685
6321,-0.195652,0.153685
6322,-0.19536,0.154047
6323,-0.195037,0.154497
6324,-0.195037,0.154497
6325,-0.195037,0.154497
6326,-0.196121,0.154418
6327,-0.19741,0.152797
6328,-0.19741,0.152797
6329,-0.198283,0.151795
6330,-0.198494,0.151715
6331,-0.197679,0.151976
6332,-0.197679,0.151976
6333,-0.197679,0.151976
6334,-0.197879,0.151828
6335,-0.19934,0.151655
6336,-0.199695,0.151619
6337,-0.199695,0.151619
6338,-0.20013,0.151159
6339,-0.199262,0.151516
6340,-0.199262,0.151516
6341,-0.200234,0.151516
6342,-0.201407,0.151203
6343,-0.198344,0.1522
6344,-0.199373,0.152068
6345,-0.197599,0.152703
6346,-0.197599,0.152703
6347,-0.200214,0.151326
6348,-0.200214,0.151326
6349,-0.200214,0.151326
6350,-0.200214,0.151326
6351,-0.19891,0.152493
6352,-0.19891,0.152493
6353,-0.200584,0.151394
6354,-0.201694,0.151096
6355,-0.199673,0.152132
6356,-0.199224,0.152438
6357,-0.200705,0.151523
6358,-0.200705,0.151523
6359,-0.200015,0.151385
6360,-0.19936,0.151167
6361,-0.19936,0.151167
6362,-0.19936,0.151167
6363,-0.198695,0.151672
6364,-0.199991,0.151227
6365,-0.199991,0.151227
6366,-0.199991,0.151227
6367,-0.199177,0.151275
6368,-0.200411,0.150482
6369,-0.199774,0.151014
6370,-0.199413,0.152128
6371,-0.198961,0.152586
6372,-0.198961,0.152586
6373,-0.199259,0.151833
6374,-0.200245,0.151617
6375,-0.199694,0.151705
6376,-0.199329,0.152
6377,-0.197606,0.152659
6378,-0.19895,0.151797
6379,-0.19895,0.151797
6380,-0.198943,0.151913
6381,-0.201141,0.150953
6382,-0.200985,0.150817
6383,-0.201385,0.149347
6384,-0.201385,0.149347
6385,-0.202678,0.149424
6386,-0.201132,0.150678
6387,-0.201723,0.149317
6388,-0.202414,0.149691
6389,-0.203192,0.148607
6390,-0.201674,0.149445
6391,-0.199137,0.150532
6392,-0.198696,0.151692
6393,-0.198696,0.151692
6394,-0.198816,0.150943
6395,-0.19913,0.150896
6396,-0.19913,0.150896
6397,-0.19913,0.150896
6398,-0.19913,0.150896
6399,-0.197552,0.1521
6400,-0.198055,0.152455
6401,-0.195556,0.15259
6402,-0.195022,0.154174
6403,-0.196791,0.153606
6404,-0.196103,0.154174
6405,-0.196103,0.154174
6406,-0.193288,0.155114
6407,-0.193288,0.155114
6408,-0.192964,0.155515
6409,-0.192907,0.1552
6410,-0.192907,0.1552
6411,-0.191024,0.156862
6412,-0.191024,0.156862
6413,-0.191467,0.155778
6414,-0.191231,0.15583
6415,-0.191231,0.15583
6416,-0.190381,0.156298
6417,-0.190003,0.156455
6418,-0.189353,0.156078
6419,-0.189062,0.156394
6420,-0.188984,0.156647
6421,-0.188984,0.156647
6422,-0.188984,0.156647
6423,-0.187199,0.158074
6424,-0.188286,0.157664
6425,-0.188837,0.157634
6426,-0.18845,0.156814
6427,-0.189003,0.157026
6428,-0.189003,0.157026
6429,-0.188172,0.156756
6430,-0.188763,0.15695
6431,-0.188039,0.157264
6432,-0.189101,0.156737
6433,-0.189101,0.156737
6434,-0.188284,0.155886
6435,-0.189305,0.15652
6436,-0.188938,0.156556
6437,-0.188649,0.157928
6438,-0.18845,0.155901
6439,-0.189205,0.155279
6440,-0.189205,0.155279
6441,-0.188938,0.155806
6442,-0.188938,0.155806
6443,-0.189992,0.155621
6444,-0.190398,0.155244
6445,-0.191243,0.156673
6446,-0.191466,0.155542
6447,-0.191466,0.155542
6448,-0.188302,0.157121
6449,-0.189768,0.155716
6450,-0.189768,0.155716
6451,-0.189011,0.155491
6452,-0.188423,0.156101
6453,-0.188161,0.156558
6454,-0.187094,0.157664
6455,-0.188722,0.156656
6456,-0.188722,0.156656
6457,-0.187488,0.156072
6458,-0.187488,0.156072
6459,-0.187488,0.156072
6460,-0.188583,0.156182
6461,-0.188583,0.156182
6462,-0.188583,0.156182
6463,-0.18872,0.1564
6464,-0.188174,0.156741
6465,-0.190624,0.15557
6466,-0.190624,0.15557
6467,-0.190624,0.15557
6468,-0.186811,0.158022
6469,-0.186811,0.158022
6470,-0.187444,0.157586
6471,-0.187329,0.157447
6472,-0.187728,0.158054
6473,-0.188943,0.157079
6474,-0.188307,0.156634
6475,-0.189929,0.157
6476,-0.189007,0.156281
6477,-0.189007,0.156281
6478,-0.187959,0.156441
6479,-0.187959,0.156441
6480,-0.187959,0.156441
6481,-0.187959,0.156441
6482,-0.186917,0.157283
6483,-0.186219,0.15689
6484,-0.186219,0.15689
6485,-0.186278,0.157145
6486,-0.188093,0.15632
6487,-0.188182,0.156305
6488,-0.187692,0.156734
6489,-0.187692,0.156734
6490,-0.187692,0.156734
6491,-0.187635,0.158158
6492,-0.186558,0.157953
6493,-0.185918,0.157985
6494,-0.187246,0.157151
6495,-0.18865,0.156882
6496,-0.189482,0.156993
6497,-0.187657,0.157454
6498,-0.187132,0.157851
6499,-0.186232,0.158228
6500,-0.186232,0.158228
6501,-0.186314,0.159356
6502,-0.186633,0.159143
6503,-0.186633,0.159143
6504,-0.186633,0.159143
6505,-0.185166,0.159422
6506,-0.185166,0.159422
6507,-0.187437,0.158505
6508,-0.187437,0.158505
6509,-0.187277,0.158656
6510,-0.186259,0.158992
6511,-0.186259,0.158992
6512,-0.186094,0.158407
6513,-0.186094,0.158407
6514,-0.186094,0.158407
6515,-0.185572,0.15881
6516,-0.185465,0.159475
6517,-0.184035,0.160186
6518,-0.185797,0.159176
6519,-0.186894,0.159041
6520,-0.185461,0.160968
6521,-0.183477,0.161528
6522,-0.183477,0.161528
6523,-0.183477,0.161528
6524,-0.183477,0.161528
6525,-0.184174,0.160609
6526,-0.185993,0.15929
6527,-0.186051,0.158937
6528,-0.187942,0.158145
6529,-0.188207,0.157011
6530,-0.188207,0.157011
6531,-0.188207,0.157011
6532,-0.189825,0.155659
6533,-0.189825,0.155659
6534,-0.189825,0.155659
6535,-0.189825,0.155659
6536,-0.19166,0.154339
6537,-0.19166,0.154339
6538,-0.191606,0.154851
6539,-0.191546,0.154095
6540,-0.191694,0.154127
6541,-0.190795,0.154515
6542,-0.190795,0.155825
6543,-0.192651,0.154579
6544,-0.192651,0.154579
6545,-0.191388,0.154809
6546,-0.190894,0.155002
6547,-0.190894,0.155002
6548,-0.190414,0.155484
6549,-0.190414,0.155484
6550,-0.190277,0.156614
6551,-0.189512,0.156418
6552,-0.189512,0.156418
6553,-0.191201,0.155561
6554,-0.191201,0.155561
6555,-0.194216,0.154231
6556,-0.194216,0.154231
6557,-0.194216,0.154231
6558,-0.194642,0.154183
6559,-0.194902,0.154263
6560,-0.19317,0.154674
6561,-0.194926,0.152686
6562,-0.193098,0.154452
6563,-0.193098,0.154452
6564,-0.193725,0.154335
6565,-0.193725,0.154335
6566,-0.191962,0.155333
6567,-0.193448,0.154534
6568,-0.193448,0.154534
6569,-0.193448,0.154534
6570,-0.193448,0.154534
6571,-0.193269,0.155045
6572,-0.192614,0.155527
6573,-0.193553,0.154171
6574,-0.193744,0.154154
6575,-0.19422,0.155293
6576,-0.19422,0.155293
6577,-0.194284,0.154657
6578,-0.195113,0.154062
6579,-0.194495,0.154497
6580,-0.194826,0.154735
6581,-0.194826,0.154735
6582,-0.195148,0.154933
6583,-0.194139,0.154739
6584,-0.193683,0.154065
6585,-0.193683,0.154065
6586,-0.193747,0.15445
6587,-0.193889,0.155007
6588,-0.193889,0.155007
6589,-0.195363,0.153963
6590,-0.194903,0.15444
6591,-0.19326,0.154967
6592,-0.19326,0.154967
6593,-0.19326,0.154967
6594,-0.19326,0.154967
6595,-0.193573,0.155141
6596,-0.193573,0.155141
6597,-0.193573,0.155141
6598,-0.195673,0.15443
6599,-0.194751,0.1536
6600,-0.193811,0.153819
6601,-0.194105,0.154395
6602,-0.194105,0.154395
6603,-0.193415,0.155639
6604,-0.19473,0.154929
6605,-0.195046,0.154141
6606,-0.195598,0.153687
6607,-0.194562,0.153744
6608,-0.195526,0.153674
6609,-0.195526,0.153674
6610,-0.194381,0.154538
6611,-0.194381,0.154538
6612,-0.191854,0.156571
6613,-0.192932,0.155548
6614,-0.19392,0.154984
6615,-0.195646,0.153669
6616,-0.193155,0.154272
6617,-0.194941,0.153876
6618,-0.194216,0.154224
6619,-0.194461,0.154709
6620,-0.194332,0.154275
6621,-0.194332,0.154275
6622,-0.194332,0.154275
6623,-0.19566,0.154043
6624,-0.193902,0.154481
6625,-0.193902,0.154481
6626,-0.194444,0.154301
6627,-0.193242,0.15453
6628,-0.194025,0.154995
6629,-0.193951,0.155071
6630,-0.193951,0.155069
6631,-0.194242,0.155265
6632,-0.193212,0.155054
6633,-0.193838,0.155323
6634,-0.193838,0.155323
6635,-0.193838,0.155323
6636,-0.193838,0.155323
6637,-0.193236,0.155566
6638,-0.194589,0.154615
6639,-0.194027,0.155084
6640,-0.194027,0.155084
6641,-0.194027,0.155084
6642,-0.193912,0.155724
6643,-0.19357,0.155005
6644,-0.194071,0.155706
6645,-0.19295,0.155616
6646,-0.19295,0.155616
6647,-0.19515,0.15476
6648,-0.195319,0.154206
6649,-0.195319,0.154206
6650,-0.194582,0.154398
6651,-0.194783,0.153852
6652,-0.194783,0.153852
6653,-0.195972,0.153912
6654,-0.195972,0.153912
6655,-0.195166,0.153549
6656,-0.195166,0.153549
6657,-0.196198,0.153319
6658,-0.194685,0.153418
6659,-0.195234,0.154164
6660,-0.196447,0.153733
6661,-0.195282,0.153348
6662,-0.195282,0.153348
6663,-0.193257,0.154618
6664,-0.193257,0.154618
6665,-0.193116,0.15509
6666,-0.190119,0.156119
6667,-0.192513,0.155394
6668,-0.192513,0.155394
6669,-0.192513,0.155394
6670,-0.193657,0.15448
6671,-0.194894,0.155083
6672,-0.194044,0.153804
6673,-0.194564,0.153681
6674,-0.196815,0.153053
6675,-0.197484,0.151893
6676,-0.195921,0.15285
6677,-0.195755,0.153261
6678,-0.195755,0.153261
6679,-0.195658,0.153149
6680,-0.195958,0.153498
6681,-0.1971,0.15292
6682,-0.1971,0.15292
6683,-0.193305,0.154278
6684,-0.195276,0.153862
6685,-0.196002,0.153189
6686,-0.196002,0.153189
6687,-0.197578,0.151807
6688,-0.19674,0.153808
6689,-0.19674,0.153808
6690,-0.197444,0.152026
6691,-0.197444,0.152026
6692,-0.196831,0.153074
6693,-0.196831,0.153074
6694,-0.196831,0.153074
6695,-0.198646,0.151471
6696,-0.197488,0.152216
6697,-0.197488,0.152216
6698,-0.19722,0.152242
6699,-0.199165,0.150383
6700,-0.199293,0.150213
6701,-0.198319,0.150892
6702,-0.198319,0.150892
6703,-0.199007,0.150868
6704,-0.198638,0.151674
6705,-0.197614,0.153346
6706,-0.198132,0.153239
6707,-0.198778,0.151903
6708,-0.198778,0.151903
6709,-0.198778,0.151903
6710,-0.199815,0.15164
6711,-0.199815,0.15164
6712,-0.20085,0.151001
6713,-0.200016,0.151615
6714,-0.198916,0.151771
6715,-0.19846,0.152098
6716,-0.19889,0.151152
6717,-0.19889,0.151152
6718,-0.19889,0.151152
6719,-0.198186,0.151911
6720,-0.199287,0.151308
6721,-0.199287,0.151308
6722,-0.196678,0.152888
6723,-0.19607,0.152826
6724,-0.195931,0.15329
6725,-0.193643,0.155011
6726,-0.193643,0.155011
6727,-0.193627,0.15516
6728,-0.194256,0.155125
6729,-0.194256,0.155125
6730,-0.194126,0.154603
6731,-0.195178,0.153564
6732,-0.197868,0.153394
6733,-0.197868,0.153394
6734,-0.197934,0.152121
6735,-0.198599,0.152095
6736,-0.197981,0.152184
6737,-0.197386,0.152841
6738,-0.197386,0.152841
6739,-0.197386,0.152841
6740,-0.198272,0.152798
6741,-0.19883,0.15217
6742,-0.19929,0.152006
6743,-0.19929,0.152006
6744,-0.199333,0.151682
6745,-0.198942,0.152543
6746,-0.197388,0.15269
6747,-0.198038,0.15283
6748,-0.196767,0.152328
6749,-0.196767,0.152328
6750,-0.195592,0.15353
6751,-0.19446,0.153742
6752,-0.193901,0.155163
6753,-0.193901,0.155163
6754,-0.192318,0.155769
6755,-0.192318,0.155769
6756,-0.195105,0.155344
6757,-0.194826,0.154559
6758,-0.195825,0.15474
6759,-0.195825,0.15474
6760,-0.195825,0.15474
6761,-0.194677,0.155088
6762,-0.194677,0.155088
6763,-0.194742,0.155706
6764,-0.194742,0.155706
6765,-0.194742,0.155706
6766,-0.194742,0.155706
6767,-0.194251,0.155947
6768,-0.194346,0.156007
6769,-0.192928,0.156459
6770,-0.194325,0.154827
6771,-0.194325,0.154827
6772,-0.193996,0.155189
6773,-0.193996,0.155189
6774,-0.193996,0.155189
6775,-0.193443,0.155975
6776,-0.193443,0.155975
6777,-0.195352,0.155573
6778,-0.195334,0.153818
6779,-0.195406,0.153424
6780,-0.195406,0.153424
6781,-0.195406,0.153424
6782,-0.194441,0.154008
6783,-0.195604,0.153895
6784,-0.195761,0.153631
6785,-0.195761,0.153631
6786,-0.194663,0.154075
6787,-0.194654,0.154317
6788,-0.194929,0.154495
6789,-0.194929,0.154495
6790,-0.194929,0.154495
6791,-0.194955,0.153864
6792,-0.195523,0.1535
6793,-0.195523,0.1535
6794,-0.196363,0.153524
6795,-0.196363,0.153524
6796,-0.196363,0.153524
6797,-0.195654,0.152288
6798,-0.195654,0.152288
6799,-0.195654,0.152288
6800,-0.195654,0.152288
6801,-0.19404,0.152622
6802,-0.19404,0.152622
6803,-0.194919,0.153277
6804,-0.193774,0.154814
6805,-0.192309,0.154743
6806,-0.192889,0.15359
6807,-0.194324,0.153528
6808,-0.192857,0.152988
6809,-0.193701,0.153261
6810,-0.193701,0.153261
6811,-0.194186,0.154071
6812,-0.194186,0.154071
6813,-0.194186,0.154071
6814,-0.191173,0.156114
6815,-0.193721,0.155072
6816,-0.190869,0.155753
6817,-0.190293,0.155471
6818,-0.190293,0.155471
6819,-0.190293,0.155471
6820,-0.190293,0.155471
6821,-0.188507,0.156622
6822,-0.188514,0.156576
6823,-0.188514,0.156576
6824,-0.189529,0.156983
6825,-0.187053,0.158023
6826,-0.185716,0.159137
6827,-0.185716,0.159137
6828,-0.184094,0.160238
6829,-0.186886,0.158239
6830,-0.186928,0.157899
6831,-0.186883,0.158078
6832,-0.188271,0.156993
6833,-0.188271,0.156993
6834,-0.188804,0.156638
6835,-0.189866,0.156124
6836,-0.190023,0.156261
6837,-0.190425,0.155487
6838,-0.190425,0.155487
6839,-0.193326,0.154781
6840,-0.193584,0.154843
6841,-0.193584,0.154843
6842,-0.193843,0.154554
6843,-0.196151,0.153823
6844,-0.195322,0.154089
6845,-0.195322,0.154089
6846,-0.195322,0.154089
6847,-0.194608,0.153899
6848,-0.193653,0.153543
6849,-0.193653,0.153543
6850,-0.192152,0.154933
6851,-0.192152,0.154933
6852,-0.190988,0.155016
6853,-0.190988,0.155016
6854,-0.190988,0.155016
6855,-0.19124,0.155739
6856,-0.190422,0.155504
6857,-0.191416,0.155275
6858,-0.190749,0.155529
6859,-0.190749,0.155529
6860,-0.190845,0.155787
6861,-0.190193,0.155654
6862,-0.190193,0.155654
6863,-0.191386,0.154785
6864,-0.193015,0.154265
6865,-0.193015,0.154265
6866,-0.193208,0.154156
6867,-0.193208,0.154156
6868,-0.193601,0.153372
6869,-0.193601,0.153372
6870,-0.193601,0.153372
6871,-0.193601,0.153372
6872,-0.193601,0.153372
6873,-0.192785,0.153518
6874,-0.19294,0.154272
6875,-0.194609,0.15251
6876,-0.194222,0.153109
6877,-0.196434,0.152469
6878,-0.196434,0.152469
6879,-0.197607,0.152436
6880,-0.197031,0.152348
6881,-0.197031,0.152348
6882,-0.19608,0.152576
6883,-0.19608,0.152576
6884,-0.197993,0.152248
6885,-0.199015,0.151316
6886,-0.19734,0.152752
6887,-0.196596,0.153074
6888,-0.196596,0.153074
6889,-0.196596,0.153074
6890,-0.196596,0.153074
6891,-0.196159,0.153146
6892,-0.195902,0.1533
6893,-0.195902,0.1533
6894,-0.195594,0.152746
6895,-0.195594,0.152746
6896,-0.195594,0.152746
6897,-0.194032,0.154189
6898,-0.194032,0.154189
6899,-0.195447,0.153056
6900,-0.195625,0.15431
6901,-0.195625,0.15431
6902,-0.192228,0.155164
6903,-0.189917,0.156619
6904,-0.189917,0.156619
6905,-0.189917,0.156619
6906,-0.191104,0.155206
6907,-0.190187,0.156384
6908,-0.190187,0.156384
6909,-0.190187,0.156384
6910,-0.19192,0.155722
6911,-0.19192,0.155722
6912,-0.190191,0.156462
6913,-0.190419,0.156277
6914,-0.193098,0.154808
6915,-0.193526,0.154818
6916,-0.193526,0.154818
6917,-0.191563,0.155143
6918,-0.191563,0.155143
6919,-0.192409,0.155573
6920,-0.191567,0.15665
6921,-0.191699,0.156252
6922,-0.1926,0.154698
6923,-0.194341,0.154321
6924,-0.194341,0.154321
6925,-0.194341,0.154321
6926,-0.190292,0.155918
6927,-0.192295,0.155712
6928,-0.192478,0.155415
6929,-0.192478,0.155415
6930,-0.192478,0.155415
6931,-0.192593,0.154917
6932,-0.192593,0.154917
6933,-0.191302,0.155719
6934,-0.191302,0.155719
6935,-0.192188,0.15559
6936,-0.191181,0.156534
6937,-0.190959,0.156596
6938,-0.189519,0.157426
6939,-0.1909,0.157224
6940,-0.192511,0.155759
6941,-0.192403,0.155722
6942,-0.193015,0.155835
6943,-0.193842,0.154766
6944,-0.193442,0.155137
6945,-0.193442,0.155137
6946,-0.193008,0.155106
6947,-0.193008,0.155106
6948,-0.191369,0.156309
6949,-0.191369,0.156309
6950,-0.190274,0.155896
6951,-0.191574,0.156413
6952,-0.191574,0.156413
6953,-0.192487,0.155675
6954,-0.192258,0.155534
6955,-0.191998,0.155521
6956,-0.191998,0.155521
6957,-0.195497,0.154592
6958,-0.193881,0.155261
6959,-0.193881,0.155261
6960,-0.193181,0.155176
6961,-0.192919,0.154402
6962,-0.193176,0.155074
6963,-0.193176,0.155074
6964,-0.193176,0.155074
6965,-0.193176,0.155074
6966,-0.191947,0.154957
6967,-0.193114,0.154542
6968,-0.193263,0.154468
6969,-0.192987,0.15539
6970,-0.192084,0.156154
6971,-0.192084,0.156154
6972,-0.191427,0.1554
6973,-0.191785,0.155112
6974,-0.191961,0.155787
6975,-0.191961,0.155787
6976,-0.191961,0.155787
6977,-0.192644,0.155178
6978,-0.191501,0.156517
6979,-0.191501,0.156517
6980,-0.191501,0.156517
6981,-0.191501,0.156517
6982,-0.189671,0.157572
6983,-0.192058,0.155975
6984,-0.192058,0.155975
6985,-0.191176,0.155402
6986,-0.191176,0.155402
6987,-0.191176,0.155402
6988,-0.191176,0.155402
6989,-0.191176,0.155402
6990,-0.191176,0.155402
6991,-0.194908,0.154191
6992,-0.193984,0.154753
6993,-0.192233,0.154737
6994,-0.193113,0.154606
6995,-0.193381,0.154456
6996,-0.192912,0.15418
6997,-0.19323,0.154969
6998,-0.19323,0.154969
6999,-0.19323,0.154969
7000,-0.19323,0.154969
7001,-0.19323,0.154969
7002,-0.193421,0.155172
7003,-0.191796,0.155331
7004,-0.191796,0.155331
7005,-0.191019,0.155097
7006,-0.189937,0.156379
7007,-0.189775,0.156494
7008,-0.189775,0.156494
7009,-0.188794,0.156918
7010,-0.189131,0.157661
7011,-0.189131,0.157661
7012,-0.189095,0.157971
7013,-0.189095,0.157971
7014,-0.187888,0.158087
7015,-0.188531,0.158113
7016,-0.188531,0.158113
7017,-0.189331,0.157373
7018,-0.191776,0.156673
7019,-0.190456,0.156009
7020,-0.190456,0.156009
7021,-0.189542,0.156573
7022,-0.188387,0.157719
7023,-0.187953,0.157349
7024,-0.188981,0.157747
7025,-0.18919,0.157594
7026,-0.19117,0.155944
7027,-0.191463,0.15557
7028,-0.190371,0.156258
7029,-0.190371,0.156258
7030,-0.189006,0.156357
7031,-0.189907,0.156887
7032,-0.189051,0.157332
7033,-0.188071,0.157604
7034,-0.18851,0.15791
7035,-0.187192,0.158096
7036,-0.187788,0.158061
7037,-0.187042,0.158176
7038,-0.187042,0.158176
7039,-0.187042,0.158176
7040,-0.187042,0.158176
7041,-0.189517,0.157066
7042,-0.189517,0.157066
7043,-0.187419,0.157903
7044,-0.187183,0.158879
7045,-0.188296,0.157352
7046,-0.188149,0.158273
7047,-0.186905,0.157867
7048,-0.186905,0.157867
7049,-0.186905,0.157867
7050,-0.189312,0.157849
7051,-0.189312,0.157849
7052,-0.189826,0.157823
7053,-0.189838,0.15617
7054,-0.191101,0.155647
7055,-0.190983,0.155351
7056,-0.189598,0.155851
7057,-0.189371,0.156982
7058,-0.189909,0.156902
7059,-0.190724,0.156472
7060,-0.189224,0.157445
7061,-0.191059,0.155673
7062,-0.191252,0.156496
7063,-0.18959,0.156511
7064,-0.18959,0.156511
7065,-0.191537,0.155832
7066,-0.190342,0.156463
7067,-0.190342,0.156463
7068,-0.192162,0.155391
7069,-0.190517,0.156286
7070,-0.190844,0.155622
7071,-0.192338,0.155479
7072,-0.192226,0.155104
7073,-0.19179,0.155692
7074,-0.191606,0.155161
7075,-0.192871,0.155822
7076,-0.192871,0.155822
7077,-0.192871,0.155822
7078,-0.193029,0.155475
7079,-0.191125,0.155824
7080,-0.191732,0.155548
7081,-0.189933,0.156485
7082,-0.190101,0.155704
7083,-0.188746,0.156247
7084,-0.189951,0.155405
7085,-0.18868,0.156708
7086,-0.191026,0.155657
7087,-0.191026,0.155657
7088,-0.191026,0.155657
7089,-0.188821,0.15703
7090,-0.189525,0.156652
7091,-0.188844,0.157044
7092,-0.188844,0.157044
7093,-0.187812,0.157085
7094,-0.186696,0.157616
7095,-0.18711,0.157457
7096,-0.186992,0.157017
7097,-0.187809,0.156645
7098,-0.186194,0.157497
7099,-0.187566,0.157484
7100,-0.187233,0.157955
7101,-0.187259,0.157346
7102,-0.187259,0.157346
7103,-0.187259,0.157346
7104,-0.185665,0.157289
7105,-0.186196,0.157383
7106,-0.186196,0.157383
7107,-0.186617,0.157314
7108,-0.185079,0.158181
7109,-0.185576,0.159072
7110,-0.185576,0.159072
7111,-0.185576,0.159072
7112,-0.185576,0.159072
7113,-0.186803,0.158967
7114,-0.186803,0.158967
7115,-0.187482,0.157599
7116,-0.18748,0.157866
7117,-0.187051,0.157381
7118,-0.187051,0.157381
7119,-0.188855,0.15701
7120,-0.190017,0.155169
7121,-0.19023,0.155486
7122,-0.189233,0.156657
7123,-0.188905,0.156197
7124,-0.188905,0.156197
7125,-0.188905,0.156197
7126,-0.189284,0.155499
7127,-0.18858,0.156364
7128,-0.189518,0.15602
7129,-0.190658,0.155577
7130,-0.190658,0.155577
7131,-0.191135,0.154596
7132,-0.190834,0.154636
7133,-0.190802,0.15496
7134,-0.190159,0.155061
7135,-0.189664,0.155913
7136,-0.189664,0.155913
7137,-0.189664,0.155913
7138,-0.190614,0.156334
7139,-0.188863,0.157304
7140,-0.190285,0.156223
7141,-0.192325,0.155521
7142,-0.192325,0.155521
7143,-0.192282,0.155062
7144,-0.192282,0.155062
7145,-0.190737,0.155911
7146,-0.190737,0.155911
7147,-0.190737,0.155911
7148,-0.191375,0.156381
7149,-0.191298,0.156256
7150,-0.191878,0.155679
7151,-0.191878,0.155679
7152,-0.191467,0.154818
7153,-0.189823,0.156066
7154,-0.189869,0.156286
7155,-0.189869,0.156286
7156,-0.189654,0.157648
7157,-0.189761,0.156539
7158,-0.190832,0.156239
7159,-0.19194,0.155544
7160,-0.19194,0.155544
7161,-0.19194,0.155544
7162,-0.189968,0.156128
7163,-0.189968,0.156128
7164,-0.187849,0.157096
7165,-0.187535,0.156837
7166,-0.187955,0.156749
7167,-0.187124,0.15766
7168,-0.184846,0.159324
7169,-0.183975,0.159468
7170,-0.183975,0.159468
7171,-0.183975,0.159468
7172,-0.187299,0.158257
7173,-0.18711,0.15779
7174,-0.189365,0.157161
7175,-0.189365,0.157161
7176,-0.187332,0.157338
7177,-0.187332,0.157338
7178,-0.186534,0.158267
7179,-0.186534,0.158267
7180,-0.187818,0.157964
7181,-0.187818,0.157964
7182,-0.187901,0.157002
7183,-0.187169,0.157088
7184,-0.187169,0.157088
7185,-0.185792,0.157605
7186,-0.185792,0.157605
7187,-0.185792,0.157605
7188,-0.185787,0.157796
7189,-0.188091,0.157336
7190,-0.186939,0.158318
7191,-0.187565,0.157708
7192,-0.187772,0.158296
7193,-0.187772,0.158296
7194,-0.18703,0.157578
7195,-0.187598,0.157716
7196,-0.187972,0.15836
7197,-0.188689,0.157437
7198,-0.190005,0.157877
7199,-0.189679,0.157985
7200,-0.189322,0.156967
7201,-0.189322,0.156967
7202,-0.189322,0.156967
7203,-0.189322,0.156967
7204,-0.188705,0.156094
7205,-0.191009,0.155387
7206,-0.191009,0.155387
7207,-0.190503,0.15584
7208,-0.191795,0.155026
7209,-0.191795,0.155026
7210,-0.191795,0.155026
7211,-0.191703,0.154854
7212,-0.191869,0.155123
7213,-0.191869,0.155123
7214,-0.192212,0.155153
7215,-0.193675,0.154258
7216,-0.194567,0.154194
7217,-0.192732,0.155298
7218,-0.19156,0.15471
7219,-0.193516,0.15416
7220,-0.190788,0.155969
7221,-0.190788,0.155969
7222,-0.19084,0.155878
7223,-0.189102,0.157161
7224,-0.189896,0.156567
7225,-0.189896,0.156567
7226,-0.189896,0.156567
7227,-0.190901,0.156078
7228,-0.188059,0.1579
7229,-0.187147,0.158794
7230,-0.186743,0.158723
7231,-0.186026,0.159969
7232,-0.185987,0.158509
7233,-0.186661,0.157485
7234,-0.18695,0.157876
7235,-0.18695,0.157876
7236,-0.186281,0.158517
7237,-0.185599,0.158823
7238,-0.185457,0.158038
7239,-0.185952,0.158553
7240,-0.185952,0.158553
7241,-0.187535,0.158024
7242,-0.190091,0.156718
7243,-0.188603,0.156652
7244,-0.188095,0.157443
7245,-0.188095,0.157443
7246,-0.187429,0.158346
7247,-0.186777,0.15842
7248,-0.183873,0.159956
7249,-0.184351,0.160075
7250,-0.184351,0.160075
7251,-0.184371,0.159139
7252,-0.185619,0.159834
7253,-0.18409,0.159801
7254,-0.18409,0.159801
7255,-0.184995,0.159441
7256,-0.187564,0.159488
7257,-0.187012,0.159017
7258,-0.187636,0.15805
7259,-0.187636,0.15805
7260,-0.187636,0.15805
7261,-0.188657,0.157502
7262,-0.188657,0.157502
7263,-0.188657,0.157502
7264,-0.190593,0.156145
7265,-0.18915,0.157328
7266,-0.18915,0.157328
7267,-0.190226,0.157211
7268,-0.190824,0.156562
7269,-0.19066,0.155892
7270,-0.19066,0.155892
7271,-0.19066,0.155892
7272,-0.19066,0.155892
7273,-0.191027,0.155552
7274,-0.190374,0.154958
7275,-0.190374,0.154958
7276,-0.190008,0.155533
7277,-0.190339,0.155403
7278,-0.190339,0.155403
7279,-0.190339,0.155403
7280,-0.189642,0.155968
7281,-0.189642,0.155968
7282,-0.189642,0.155968
7283,-0.189657,0.1557
7284,-0.189998,0.156249
7285,-0.189998,0.156249
7286,-0.189998,0.156249
7287,-0.191807,0.154719
7288,-0.19056,0.156093
7289,-0.19056,0.156093
7290,-0.190527,0.155657
7291,-0.188954,0.157134
7292,-0.192157,0.156129
7293,-0.189809,0.156254
7294,-0.189547,0.156922
7295,-0.187963,0.158428
7296,-0.188063,0.15842
7297,-0.187347,0.158552
7298,-0.187347,0.158552
7299,-0.189192,0.15761
7300,-0.189192,0.15761
7301,-0.189192,0.15761
7302,-0.190799,0.157146
7303,-0.191452,0.15582
7304,-0.190781,0.156012
7305,-0.18958,0.155674
7306,-0.189101,0.156592
7307,-0.188398,0.157457
7308,-0.188398,0.157457
7309,-0.188049,0.15675
7310,-0.188605,0.157027
7311,-0.188039,0.15674
7312,-0.188267,0.157005
7313,-0.187505,0.157691
7314,-0.187505,0.157691
7315,-0.187505,0.157691
7316,-0.189183,0.157523
7317,-0.188963,0.157296
7318,-0.188963,0.157296
7319,-0.188803,0.157842
7320,-0.187134,0.157976
7321,-0.185671,0.158532
7322,-0.185671,0.158532
7323,-0.185671,0.158532
7324,-0.185528,0.158178
7325,-0.187192,0.158222
7326,-0.185779,0.157691
7327,-0.188532,0.156967
7328,-0.188532,0.156967
7329,-0.188532,0.156967
7330,-0.186677,0.158097
7331,-0.186787,0.15815
7332,-0.186787,0.15815
7333,-0.187688,0.157115
7334,-0.186671,0.157468
7335,-0.186671,0.157468
7336,-0.186671,0.157468
7337,-0.186671,0.157468
7338,-0.188673,0.156315
7339,-0.18783,0.156113
7340,-0.18783,0.156113
7341,-0.187064,0.156758
7342,-0.186877,0.156492
7343,-0.186877,0.156492
7344,-0.186877,0.156492
7345,-0.186455,0.156241
7346,-0.185377,0.157489
7347,-0.185377,0.157489
7348,-0.185103,0.157989
7349,-0.184037,0.158445
7350,-0.186541,0.158248
7351,-0.187437,0.158428
7352,-0.186549,0.157479
7353,-0.18537,0.157376
7354,-0.187641,0.157988
7355,-0.183712,0.158019
7356,-0.183467,0.158409
7357,-0.182608,0.159837
7358,-0.184213,0.15831
7359,-0.1844,0.158351
7360,-0.183888,0.159923
7361,-0.18466,0.158932
7362,-0.185545,0.158642
7363,-0.184985,0.158622
7364,-0.182955,0.15983
7365,-0.182793,0.158707
7366,-0.182793,0.158707
7367,-0.183894,0.158517
7368,-0.18599,0.158126
7369,-0.185344,0.15856
7370,-0.185344,0.15856
7371,-0.185296,0.157924
7372,-0.186314,0.158278
7373,-0.186314,0.158278
7374,-0.187984,0.157266
7375,-0.188197,0.156831
7376,-0.188611,0.156627
7377,-0.188096,0.156765
7378,-0.187044,0.157473
7379,-0.186411,0.157727
7380,-0.185105,0.159034
7381,-0.185105,0.159034
7382,-0.185105,0.159034
7383,-0.185958,0.157888
7384,-0.183724,0.159126
7385,-0.18483,0.158039
7386,-0.184359,0.157815
7387,-0.184359,0.157815
7388,-0.185258,0.157738
7389,-0.186917,0.157166
7390,-0.185469,0.158217
7391,-0.185469,0.158217
7392,-0.186699,0.157623
7393,-0.185851,0.157865
7394,-0.185151,0.158427
7395,-0.185151,0.158427
7396,-0.185628,0.1586
7397,-0.186539,0.158353
7398,-0.185937,0.158482
7399,-0.185039,0.15901
7400,-0.184702,0.159108
7401,-0.184702,0.159108
7402,-0.184702,0.159108
7403,-0.184475,0.158749
7404,-0.18424,0.159022
7405,-0.184503,0.15861
7406,-0.18413,0.160132
7407,-0.184546,0.159222
7408,-0.187206,0.158441
7409,-0.187709,0.15847
7410,-0.187433,0.158295
7411,-0.186788,0.158555
7412,-0.185662,0.158746
7413,-0.185662,0.158746
7414,-0.185693,0.157749
7415,-0.18483,0.158668
7416,-0.185401,0.15896
7417,-0.185401,0.15896
7418,-0.184255,0.159784
7419,-0.186265,0.158711
7420,-0.183519,0.160219
7421,-0.183519,0.160219
7422,-0.184262,0.158797
7423,-0.184294,0.158812
7424,-0.184294,0.158812
7425,-0.186486,0.158258
7426,-0.186794,0.157761
7427,-0.187731,0.158116
7428,-0.187732,0.158079
7429,-0.189489,0.156715
7430,-0.190683,0.15534
7431,-0.190683,0.15534
7432,-0.190989,0.155604
7433,-0.190935,0.154907
7434,-0.190813,0.155389
7435,-0.192718,0.154929
7436,-0.188541,0.155302
7437,-0.189396,0.155697
7438,-0.189518,0.156621
7439,-0.190512,0.15522
7440,-0.190512,0.15522
7441,-0.190094,0.156145
7442,-0.190094,0.156145
7443,-0.189476,0.156585
7444,-0.189476,0.156585
7445,-0.187764,0.157731
7446,-0.187764,0.157731
7447,-0.188055,0.158122
7448,-0.187423,0.158069
7449,-0.188326,0.157148
7450,-0.1883,0.156203
7451,-0.1883,0.156203
7452,-0.1883,0.156203
7453,-0.187796,0.156956
7454,-0.187796,0.156956
7455,-0.186055,0.15795
7456,-0.186055,0.15795
7457,-0.185888,0.157987
7458,-0.186816,0.157756
7459,-0.187806,0.157456
7460,-0.187417,0.1579
7461,-0.186804,0.158231
7462,-0.18679,0.157747
7463,-0.188655,0.157295
7464,-0.188308,0.157867
7465,-0.187741,0.157921
7466,-0.187697,0.157123
7467,-0.187697,0.157123
7468,-0.187244,0.157118
7469,-0.186895,0.157809
7470,-0.186895,0.157809
7471,-0.186895,0.157809
7472,-0.186895,0.157809
7473,-0.187819,0.158572
7474,-0.187083,0.157414
7475,-0.188843,0.156582
7476,-0.188774,0.155869
7477,-0.188774,0.155869
7478,-0.188774,0.155869
7479,-0.191283,0.155127
7480,-0.191246,0.155147
7481,-0.191422,0.155745
7482,-0.191422,0.155745
7483,-0.190927,0.155839
7484,-0.189183,0.156495
7485,-0.188893,0.157503
7486,-0.188893,0.157503
7487,-0.188565,0.157617
7488,-0.188565,0.157617
7489,-0.188565,0.157617
7490,-0.188565,0.157617
7491,-0.188565,0.157617
7492,-0.189333,0.157685
7493,-0.187898,0.158112
7494,-0.187898,0.158112
7495,-0.189368,0.157111
7496,-0.189368,0.157111
7497,-0.189368,0.157111
7498,-0.188435,0.15745
7499,-0.188644,0.157819
7500,-0.188644,0.157819
7501,-0.189152,0.156921
7502,-0.188928,0.157368
7503,-0.190658,0.155915
7504,-0.190658,0.155915
7505,-0.190999,0.155937
7506,-0.190204,0.15562
7507,-0.190204,0.15562
7508,-0.189866,0.156413
7509,-0.189866,0.156413
7510,-0.188472,0.157334
7511,-0.188472,0.157334
7512,-0.188715,0.156356
7513,-0.189306,0.156581
7514,-0.190143,0.156432
7515,-0.190143,0.156432
7516,-0.18929,0.155618
7517,-0.18929,0.155618
7518,-0.18929,0.155618
7519,-0.18929,0.155618
7520,-0.18929,0.155618
7521,-0.189734,0.156743
7522,-0.189734,0.156743
7523,-0.189734,0.156743
7524,-0.189789,0.156093
7525,-0.189789,0.156093
7526,-0.189789,0.156093
7527,-0.189789,0.155925
7528,-0.190829,0.155709
7529,-0.191323,0.155913
7530,-0.190711,0.155438
7531,-0.190711,0.155438
7532,-0.190711,0.155438
7533,-0.190711,0.155438
7534,-0.188397,0.156413
7535,-0.188477,0.156249
7536,-0.187217,0.157373
7537,-0.185866,0.157531
7538,-0.186097,0.158511
7539,-0.186097,0.158511
7540,-0.185473,0.158769
7541,-0.185473,0.158769
7542,-0.186037,0.158633
7543,-0.186439,0.159188
7544,-0.186004,0.157768
7545,-0.184201,0.159577
7546,-0.184502,0.159127
7547,-0.184611,0.15896
7548,-0.185672,0.15807
7549,-0.184278,0.158818
7550,-0.185136,0.158456
7551,-0.186116,0.158113
7552,-0.18857,0.156816
7553,-0.187699,0.157824
7554,-0.190866,0.155639
7555,-0.190972,0.15518
7556,-0.190972,0.15518
7557,-0.190335,0.15529
7558,-0.191225,0.154712
7559,-0.190831,0.155635
7560,-0.190013,0.155953
7561,-0.190209,0.155442
7562,-0.189764,0.15542
7563,-0.189764,0.15542
7564,-0.191203,0.154805
7565,-0.191203,0.154805
7566,-0.191203,0.154805
7567,-0.190514,0.156141
7568,-0.18986,0.156368
7569,-0.18986,0.156368
7570,-0.191548,0.155676
7571,-0.188034,0.157745
7572,-0.186991,0.158068
7573,-0.186991,0.158068
7574,-0.186991,0.158068
7575,-0.187228,0.158261
7576,-0.186835,0.158774
7577,-0.187239,0.157474
7578,-0.188986,0.157371
7579,-0.188613,0.15707
7580,-0.188938,0.156633
7581,-0.190293,0.155293
7582,-0.19186,0.155667
7583,-0.19186,0.155667
7584,-0.190974,0.155842
7585,-0.189072,0.156488
7586,-0.189072,0.156488
7587,-0.189072,0.156488
7588,-0.188606,0.156895
7589,-0.189208,0.155877
7590,-0.189208,0.155877
7591,-0.188208,0.157397
7592,-0.188208,0.157397
7593,-0.188293,0.157343
7594,-0.188483,0.156446
7595,-0.189257,0.156387
7596,-0.186447,0.158592
7597,-0.186447,0.158592
7598,-0.18338,0.160126
7599,-0.185213,0.158699
7600,-0.186686,0.157319
7601,-0.186686,0.157319
7602,-0.184697,0.158079
7603,-0.18485,0.15761
7604,-0.186153,0.15798
7605,-0.187217,0.157225
7606,-0.185639,0.157762
7607,-0.186536,0.156977
7608,-0.186536,0.156977
7609,-0.186267,0.157857
7610,-0.18361,0.158946
7611,-0.184933,0.159291
7612,-0.184897,0.159309
7613,-0.184897,0.159309
7614,-0.18461,0.159279
7615,-0.184773,0.159745
7616,-0.183193,0.160041
7617,-0.183777,0.159724
7618,-0.183839,0.159793
7619,-0.184049,0.160397
7620,-0.184213,0.159922
7621,-0.184213,0.159922
7622,-0.18285,0.160288
7623,-0.182786,0.160305
7624,-0.182786,0.160305
7625,-0.182786,0.160305
7626,-0.182786,0.160305
7627,-0.180853,0.161
7628,-0.181644,0.160942
7629,-0.181905,0.160066
7630,-0.181905,0.160066
7631,-0.181905,0.160066
7632,-0.180924,0.160771
7633,-0.180924,0.160771
7634,-0.181721,0.159341
7635,-0.182406,0.159697
7636,-0.182406,0.159697
7637,-0.182406,0.159697
7638,-0.183231,0.160292
7639,-0.183231,0.160292
7640,-0.18373,0.159936
7641,-0.18373,0.159936
7642,-0.18373,0.159936
7643,-0.182937,0.16028
7644,-0.182937,0.16028
7645,-0.184421,0.159604
7646,-0.185259,0.159004
7647,-0.188144,0.157236
7648,-0.188144,0.157236
7649,-0.188144,0.157236
7650,-0.186241,0.157984
7651,-0.184736,0.158994
7652,-0.184736,0.158994
7653,-0.184736,0.158994
7654,-0.187257,0.157455
7655,-0.187029,0.157284
7656,-0.187029,0.157284
7657,-0.187905,0.156821
7658,-0.189631,0.155895
7659,-0.188136,0.156883
7660,-0.188136,0.156883
7661,-0.189437,0.156902
7662,-0.189566,0.155578
7663,-0.189734,0.154999
7664,-0.189734,0.154999
7665,-0.191482,0.154012
7666,-0.191482,0.154012
7667,-0.190792,0.155234
7668,-0.192394,0.155063
7669,-0.192917,0.154321
7670,-0.192917,0.154321
7671,-0.192917,0.154321
7672,-0.192731,0.155039
7673,-0.192731,0.155039
7674,-0.193306,0.155165
7675,-0.193285,0.153749
7676,-0.193513,0.153709
7677,-0.194784,0.153563
7678,-0.194773,0.153582
7679,-0.194773,0.153582
7680,-0.194773,0.153582
7681,-0.194773,0.153582
7682,-0.194362,0.153227
7683,-0.193924,0.15469
7684,-0.19464,0.152773
7685,-0.194944,0.152832
7686,-0.194429,0.153688
7687,-0.194429,0.153688
7688,-0.194826,0.154626
7689,-0.191799,0.15589
7690,-0.191926,0.156182
7691,-0.192895,0.154577
7692,-0.192895,0.154577
7693,-0.192291,0.155837
7694,-0.192291,0.155837
7695,-0.190533,0.155455
7696,-0.191917,0.155176
7697,-0.191958,0.154062
7698,-0.191092,0.154714
7699,-0.191092,0.154714
7700,-0.191092,0.154714
7701,-0.189021,0.155921
7702,-0.189951,0.157114
7703,-0.190629,0.15599
7704,-0.190706,0.155224
7705,-0.192042,0.15459
7706,-0.190541,0.156755
7707,-0.191137,0.155087
7708,-0.19044,0.155796
7709,-0.193238,0.155373
7710,-0.193199,0.153267
7711,-0.193199,0.153267
7712,-0.193431,0.154152
7713,-0.191749,0.154927
7714,-0.191935,0.154901
7715,-0.193831,0.153971
7716,-0.193831,0.153971
7717,-0.193681,0.15515
7718,-0.192951,0.155544
7719,-0.194053,0.154924
7720,-0.194053,0.154924
7721,-0.194273,0.153758
7722,-0.192344,0.155228
7723,-0.191588,0.155833
7724,-0.192258,0.155633
7725,-0.192143,0.155529
7726,-0.192182,0.155786
7727,-0.192182,0.155786
7728,-0.190339,0.15581
7729,-0.190337,0.156178
7730,-0.190337,0.156178
7731,-0.191828,0.154922
7732,-0.192093,0.155979
7733,-0.192431,0.156254
7734,-0.192431,0.156254
7735,-0.190585,0.157341
7736,-0.190097,0.157228
7737,-0.190097,0.157228
7738,-0.187139,0.15869
7739,-0.187139,0.15869
7740,-0.188109,0.158704
7741,-0.18886,0.158144
7742,-0.188958,0.15859
7743,-0.188678,0.157673
7744,-0.188678,0.157673
7745,-0.188695,0.157661
7746,-0.188695,0.157661
7747,-0.188695,0.157661
7748,-0.188695,0.157661
7749,-0.187186,0.157984
7750,-0.186423,0.159276
7751,-0.189026,0.15736
7752,-0.189026,0.15736
7753,-0.189026,0.15736
7754,-0.18778,0.158637
7755,-0.188019,0.158564
7756,-0.188195,0.159298
7757,-0.190848,0.157486
7758,-0.190848,0.157486
7759,-0.190848,0.157486
7760,-0.190848,0.157486
7761,-0.191131,0.156024
7762,-0.191131,0.156024
7763,-0.191131,0.156024
7764,-0.191185,0.156382
7765,-0.191185,0.156382
7766,-0.191185,0.156382
7767,-0.190669,0.155818
7768,-0.190669,0.155818
7769,-0.191661,0.156012
7770,-0.19194,0.154992
7771,-0.190936,0.155776
7772,-0.194623,0.154752
7773,-0.194706,0.154883
7774,-0.194706,0.154883
7775,-0.194435,0.155246
7776,-0.196134,0.153499
7777,-0.194994,0.15464
7778,-0.193892,0.154556
7779,-0.196204,0.153993
7780,-0.19584,0.154341
7781,-0.195182,0.153882
7782,-0.194149,0.154801
7783,-0.193258,0.155099
7784,-0.193792,0.155413
7785,-0.192655,0.156647
7786,-0.192656,0.154449
7787,-0.192656,0.154449
7788,-0.196116,0.153276
7789,-0.194881,0.153547
7790,-0.194881,0.153547
7791,-0.195495,0.153978
7792,-0.196113,0.153513
7793,-0.196113,0.153513
7794,-0.196113,0.153513
7795,-0.195005,0.153432
7796,-0.195005,0.153432
7797,-0.195005,0.153432
7798,-0.195005,0.153432
7799,-0.195005,0.153432
7800,-0.195005,0.153432
7801,-0.195389,0.154922
7802,-0.195976,0.154436
7803,-0.194193,0.156008
7804,-0.193722,0.155568
7805,-0.194276,0.156084
7806,-0.194276,0.156084
7807,-0.194276,0.156084
7808,-0.193225,0.155042
7809,-0.193024,0.154921
7810,-0.193147,0.155942
7811,-0.193147,0.155942
7812,-0.194132,0.155607
7813,-0.194132,0.155607
7814,-0.192967,0.155924
7815,-0.19403,0.156419
7816,-0.191498,0.157689
7817,-0.193337,0.157295
7818,-0.192029,0.156683
7819,-0.19234,0.155429
7820,-0.194004,0.154398
7821,-0.194845,0.154981
7822,-0.192399,0.155968
7823,-0.19061,0.155497
7824,-0.191407,0.156182
7825,-0.190762,0.156442
7826,-0.190762,0.156442
7827,-0.190762,0.156442
7828,-0.190762,0.156442
7829,-0.190762,0.156442
7830,-0.190005,0.157083
7831,-0.191395,0.157399
7832,-0.192201,0.15621
7833,-0.192201,0.15621
7834,-0.192082,0.155792
7835,-0.192082,0.155792
7836,-0.190873,0.155818
7837,-0.190873,0.155818
7838,-0.190741,0.157331
7839,-0.192103,0.156705
7840,-0.192103,0.156705
7841,-0.189249,0.157875
7842,-0.189249,0.157875
7843,-0.189551,0.15715
7844,-0.189551,0.15715
7845,-0.189551,0.15715
7846,-0.188688,0.157822
7847,-0.190615,0.156931
7848,-0.19249,0.15587
7849,-0.19249,0.15587
7850,-0.192939,0.15589
7851,-0.193455,0.155475
7852,-0.194583,0.154285
7853,-0.194583,0.154285
7854,-0.195365,0.154012
7855,-0.195365,0.154012
7856,-0.195365,0.154012
7857,-0.195596,0.153651
7858,-0.195456,0.154244
7859,-0.195456,0.154244
7860,-0.195456,0.154244
7861,-0.193677,0.155099
7862,-0.192264,0.155328
7863,-0.19389,0.15473
7864,-0.19389,0.15473
7865,-0.19389,0.15473
7866,-0.192489,0.154048
7867,-0.192489,0.154048
7868,-0.192489,0.154048
7869,-0.192489,0.154048
7870,-0.191004,0.155395
7871,-0.191892,0.154745
7872,-0.191892,0.154745
7873,-0.191838,0.156293
7874,-0.191277,0.156253
7875,-0.189265,0.156046
7876,-0.18858,0.157254
7877,-0.189391,0.156785
7878,-0.190576,0.156212
7879,-0.189443,0.156236
7880,-0.189443,0.156236
7881,-0.191752,0.155847
7882,-0.191232,0.156031
7883,-0.191232,0.156031
7884,-0.189972,0.15647
7885,-0.18999,0.156838
7886,-0.18999,0.156838
7887,-0.191491,0.155471
7888,-0.188859,0.157106
7889,-0.188859,0.157106
7890,-0.188859,0.157106
7891,-0.188721,0.157029
7892,-0.189549,0.157768
7893,-0.189395,0.157399
7894,-0.189395,0.157399
7895,-0.189799,0.157735
7896,-0.189799,0.157735
7897,-0.188578,0.158971
7898,-0.188754,0.157116
7899,-0.189883,0.157069
7900,-0.190904,0.15711
7901,-0.1915,0.156724
7902,-0.1915,0.156724
7903,-0.190319,0.156817
7904,-0.190319,0.156817
7905,-0.192961,0.156624
7906,-0.192961,0.156624
7907,-0.192961,0.156624
7908,-0.19213,0.155798
7909,-0.190586,0.156334
7910,-0.191789,0.154509
7911,-0.191789,0.154509
7912,-0.19159,0.156376
7913,-0.193169,0.155384
7914,-0.191786,0.155918
7915,-0.193645,0.154864
7916,-0.194451,0.154202
7917,-0.194451,0.154202
7918,-0.195003,0.153758
7919,-0.194158,0.154561
7920,-0.194776,0.153863
7921,-0.195044,0.153694
7922,-0.195327,0.153747
7923,-0.195658,0.153242
7924,-0.195658,0.153242
7925,-0.196962,0.151602
7926,-0.198397,0.151078
7927,-0.198397,0.151078
7928,-0.198786,0.151071
7929,-0.198786,0.151071
7930,-0.198786,0.151071
7931,-0.198786,0.151071
7932,-0.196698,0.152054
7933,-0.196698,0.152054
7934,-0.19705,0.151973
7935,-0.19705,0.151973
7936,-0.19705,0.151973
7937,-0.196566,0.152884
7938,-0.196802,0.152727
7939,-0.195988,0.15273
7940,-0.199256,0.151842
7941,-0.199033,0.151347
7942,-0.198082,0.151495
7943,-0.198082,0.151495
7944,-0.199063,0.150927
7945,-0.198445,0.15131
7946,-0.198687,0.1518
7947,-0.197667,0.151762
7948,-0.197094,0.152756
7949,-0.197094,0.152756
7950,-0.197094,0.152756
7951,-0.197102,0.152702
7952,-0.19615,0.15445
7953,-0.195127,0.154327
7954,-0.195,0.154256
7955,-0.195147,0.154922
7956,-0.194222,0.154786
7957,-0.194222,0.154786
7958,-0.194222,0.154786
7959,-0.19375,0.154058
7960,-0.19375,0.154058
7961,-0.19612,0.153653
7962,-0.193663,0.154215
7963,-0.19555,0.153783
7964,-0.195737,0.152956
7965,-0.195021,0.153185
7966,-0.195021,0.153185
7967,-0.195021,0.153185
7968,-0.195324,0.15387
7969,-0.194719,0.153969
7970,-0.194719,0.153969
7971,-0.194719,0.153969
7972,-0.194719,0.153969
7973,-0.195672,0.152524
7974,-0.197736,0.151782
7975,-0.195203,0.154041
7976,-0.194923,0.15353
7977,-0.197564,0.151433
7978,-0.197564,0.151433
7979,-0.197749,0.152156
7980,-0.197749,0.152156
7981,-0.197749,0.152156
7982,-0.198397,0.151816
7983,-0.198397,0.151816
7984,-0.200518,0.151554
7985,-0.200518,0.151554
7986,-0.198901,0.152626
7987,-0.198017,0.153073
7988,-0.197764,0.152567
7989,-0.198119,0.152401
7990,-0.196968,0.154085
7991,-0.194224,0.154295
7992,-0.194224,0.154295
7993,-0.193776,0.154736
7994,-0.193234,0.155483
7995,-0.194566,0.154294
7996,-0.194873,0.154025
7997,-0.194079,0.153874
7998,-0.196985,0.153485
7999,-0.19817,0.152967
8000,-0.19817,0.152967
8001,-0.195206,0.153494
8002,-0.195206,0.153494
8003,-0.196123,0.152656
8004,-0.196815,0.152614
8005,-0.19418,0.154246
8006,-0.19418,0.154246
8007,-0.192503,0.155321
8008,-0.192724,0.155045
8009,-0.192724,0.155045
8010,-0.194313,0.153926
8011,-0.193969,0.154097
8012,-0.192976,0.154166
8013,-0.191968,0.155213
8014,-0.191968,0.155213
8015,-0.191968,0.155213
8016,-0.191941,0.155577
8017,-0.193124,0.155334
8018,-0.193124,0.155334
8019,-0.193216,0.155745
8020,-0.193216,0.155745
8021,-0.193216,0.155745
8022,-0.193216,0.155745
8023,-0.194161,0.155045
8024,-0.194825,0.153726
8025,-0.191915,0.154894
8026,-0.194476,0.155139
8027,-0.19289,0.15433
8028,-0.19289,0.15433
8029,-0.193475,0.154512
8030,-0.193566,0.155321
8031,-0.195492,0.154139
8032,-0.194896,0.155366
8033,-0.194951,0.154028
8034,-0.194726,0.154728
8035,-0.194726,0.154728
8036,-0.194144,0.155261
8037,-0.193739,0.154752
8038,-0.193486,0.154571
8039,-0.19472,0.15385
8040,-0.19472,0.15385
8041,-0.19472,0.15385
8042,-0.195069,0.153585
8043,-0.195069,0.153585
8044,-0.193555,0.154939
8045,-0.193889,0.153964
8046,-0.192892,0.154749
8047,-0.191556,0.155434
8048,-0.191709,0.154672
8049,-0.19076,0.155567
8050,-0.19065,0.156973
8051,-0.189636,0.158022
8052,-0.187823,0.158583
8053,-0.189586,0.157708
8054,-0.189586,0.157708
8055,-0.189425,0.157468
8056,-0.192545,0.155775
8057,-0.192807,0.156064
8058,-0.190943,0.156523
8059,-0.191781,0.15614
8060,-0.191781,0.15614
8061,-0.192211,0.155585
8062,-0.192525,0.155296
8063,-0.191438,0.156545
8064,-0.191438,0.156545
8065,-0.193799,0.156117
8066,-0.193799,0.156117
8067,-0.192633,0.156043
8068,-0.192633,0.156043
8069,-0.193388,0.15591
8070,-0.193388,0.15591
8071,-0.194637,0.155215
8072,-0.195935,0.155505
8073,-0.19605,0.154993
8074,-0.196726,0.154277
8075,-0.198289,0.153894
8076,-0.199919,0.152666
8077,-0.199919,0.152666
8078,-0.199919,0.152666
8079,-0.197974,0.154074
8080,-0.19702,0.154886
8081,-0.198809,0.15371
8082,-0.198809,0.15371
8083,-0.196414,0.154703
8084,-0.196414,0.154703
8085,-0.196996,0.154905
8086,-0.195649,0.155169
8087,-0.195649,0.155169
8088,-0.195649,0.155169
8089,-0.195649,0.155169
8090,-0.195524,0.154895
8091,-0.194302,0.156084
8092,-0.194302,0.156084
8093,-0.195522,0.154445
8094,-0.195522,0.154445
8095,-0.195024,0.154817
8096,-0.195024,0.154817
8097,-0.194669,0.154251
8098,-0.194116,0.154591
8099,-0.194058,0.154636
8100,-0.195594,0.152633
8101,-0.194351,0.153218
8102,-0.193404,0.154451
8103,-0.193528,0.154445
8104,-0.19353,0.154347
8105,-0.193661,0.154726
8106,-0.19304,0.154992
8107,-0.196781,0.153215
8108,-0.196781,0.153215
8109,-0.194692,0.153269
8110,-0.194692,0.153269
8111,-0.194692,0.153269
8112,-0.196274,0.153488
8113,-0.195878,0.1534
8114,-0.19821,0.153191
8115,-0.197889,0.152756
8116,-0.197473,0.152949
8117,-0.196704,0.153251
8118,-0.195721,0.153334
8119,-0.195723,0.153473
8120,-0.195723,0.153473
8121,-0.194366,0.154356
8122,-0.194366,0.154356
8123,-0.194366,0.154356
8124,-0.195796,0.153697
8125,-0.194945,0.15439
8126,-0.194612,0.153924
8127,-0.195682,0.152838
8128,-0.195682,0.152838
8129,-0.193985,0.153371
8130,-0.193985,0.153371
8131,-0.194169,0.152816
8132,-0.194633,0.153454
8133,-0.19602,0.152358
8134,-0.19584,0.153369
8135,-0.196107,0.153333
8136,-0.196061,0.153284
8137,-0.193783,0.153993
8138,-0.195733,0.153384
8139,-0.192731,0.154237
8140,-0.196303,0.152991
8141,-0.198313,0.152282
8142,-0.198068,0.152474
8143,-0.197475,0.152676
8144,-0.199276,0.151127
8145,-0.199276,0.151127
8146,-0.19597,0.152887
8147,-0.197516,0.151984
8148,-0.197516,0.151984
8149,-0.196662,0.152231
8150,-0.195248,0.153481
8151,-0.195248,0.153481
8152,-0.195248,0.153481
8153,-0.195248,0.153481
8154,-0.192902,0.154391
8155,-0.192526,0.154548
8156,-0.192238,0.155278
8157,-0.192238,0.155278
8158,-0.190839,0.155761
8159,-0.192052,0.154033
8160,-0.194259,0.15433
8161,-0.195167,0.154088
8162,-0.195167,0.154088
8163,-0.194697,0.154903
8164,-0.194697,0.154903
8165,-0.196864,0.1533
8166,-0.197819,0.152053
8167,-0.19754,0.15233
8168,-0.199303,0.151784
8169,-0.198917,0.151821
8170,-0.198444,0.151771
8171,-0.198255,0.152314
8172,-0.198255,0.152314
8173,-0.197645,0.152841
8174,-0.197645,0.152841
8175,-0.197645,0.152841
8176,-0.197645,0.152841
8177,-0.197699,0.152098
8178,-0.197699,0.152098
8179,-0.199492,0.15266
8180,-0.20076,0.150565
8181,-0.198982,0.152064
8182,-0.200009,0.151305
8183,-0.199286,0.151931
8184,-0.198545,0.152027
8185,-0.198164,0.151587
8186,-0.197873,0.152475
8187,-0.196954,0.153066
8188,-0.196993,0.153732
8189,-0.195736,0.152612
8190,-0.195129,0.153767
8191,-0.19616,0.153758
8192,-0.197012,0.152933
8193,-0.194908,0.153292
8194,-0.196188,0.153816
8195,-0.19771,0.151866
8196,-0.196877,0.152233
8197,-0.198853,0.152398
8198,-0.19736,0.152505
8199,-0.19736,0.152505
8200,-0.19736,0.152505
8201,-0.19736,0.152505
8202,-0.19736,0.152505
8203,-0.19736,0.152505
8204,-0.19736,0.152505
8205,-0.19736,0.152505
8206,-0.193706,0.153724
8207,-0.195198,0.153665
8208,-0.195552,0.153947
8209,-0.194928,0.154586
8210,-0.194928,0.154586
8211,-0.195724,0.153922
8212,-0.195724,0.153922
8213,-0.195724,0.153922
8214,-0.195564,0.154494
8215,-0.195564,0.154494
8216,-0.194666,0.153719
8217,-0.193625,0.153769
8218,-0.192785,0.155383
8219,-0.192785,0.155383
8220,-0.192867,0.155493
8221,-0.195419,0.154419
8222,-0.195419,0.154419
8223,-0.195419,0.154419
8224,-0.195759,0.154424
8225,-0.19597,0.15343
8226,-0.195498,0.153539
8227,-0.195352,0.153614
8228,-0.196592,0.153689
8229,-0.196592,0.153689
8230,-0.196592,0.153689
8231,-0.196301,0.153137
8232,-0.197361,0.152919
8233,-0.199257,0.151875
8234,-0.199257,0.151875
8235,-0.199257,0.151875
8236,-0.199257,0.151875
8237,-0.198702,0.152273
8238,-0.19679,0.1532
8239,-0.197359,0.152744
8240,-0.198412,0.15376
8241,-0.195604,0.154477
8242,-0.196697,0.153661
8243,-0.196697,0.153661
8244,-0.19558,0.15446
8245,-0.196523,0.154435
8246,-0.196523,0.154435
8247,-0.196523,0.154435
8248,-0.197132,0.153784
8249,-0.196794,0.15314
8250,-0.196794,0.15314
8251,-0.197188,0.152913
8252,-0.198349,0.152757
8253,-0.198349,0.152757
8254,-0.197022,0.153715
8255,-0.197022,0.153715
8256,-0.197165,0.15302
8257,-0.197165,0.15302
8258,-0.197907,0.153567
8259,-0.198101,0.152421
8260,-0.197979,0.153676
8261,-0.196463,0.153062
8262,-0.196463,0.153062
8263,-0.196463,0.153062
8264,-0.196463,0.153062
8265,-0.19806,0.15231
8266,-0.197881,0.152683
8267,-0.197881,0.152683
8268,-0.197881,0.152683
8269,-0.197881,0.152683
8270,-0.197529,0.152259
8271,-0.197529,0.152259
8272,-0.197458,0.153175
8273,-0.19707,0.152744
8274,-0.19462,0.154063
8275,-0.197556,0.152376
8276,-0.197556,0.152376
8277,-0.197558,0.151813
8278,-0.197558,0.151813
8279,-0.197467,0.152347
8280,-0.194884,0.152347
8281,-0.194884,0.152347
8282,-0.196723,0.152441
8283,-0.196723,0.152441
8284,-0.198484,0.151417
8285,-0.198484,0.151417
8286,-0.199605,0.150985
8287,-0.199605,0.150985
8288,-0.197486,0.152031
8289,-0.196884,0.152777
8290,-0.196884,0.152777
8291,-0.195438,0.152487
8292,-0.194989,0.153825
8293,-0.197296,0.153266
8294,-0.197296,0.153266
8295,-0.197296,0.153266
8296,-0.196551,0.153793
8297,-0.196485,0.153637
8298,-0.196485,0.153637
8299,-0.196485,0.153637
8300,-0.196485,0.153637
8301,-0.196485,0.153637
8302,-0.196485,0.153637
8303,-0.196485,0.153637
8304,-0.1953,0.154591
8305,-0.19262,0.155115
8306,-0.193107,0.154607
8307,-0.193107,0.154607
8308,-0.193107,0.154607
8309,-0.193107,0.154607
8310,-0.193081,0.154299
8311,-0.192864,0.156055
8312,-0.192864,0.156055
8313,-0.192492,0.15562
8314,-0.193271,0.154883
8315,-0.192733,0.155443
8316,-0.191281,0.156306
8317,-0.191281,0.156306
8318,-0.191334,0.156091
8319,-0.191334,0.156091
8320,-0.191185,0.154986
8321,-0.190449,0.156235
8322,-0.18992,0.156852
8323,-0.190007,0.157983
8324,-0.189081,0.158133
8325,-0.189896,0.157262
8326,-0.189896,0.157262
8327,-0.189896,0.157262
8328,-0.189693,0.156729
8329,-0.192138,0.155446
8330,-0.192138,0.155446
8331,-0.192138,0.155446
8332,-0.192138,0.155446
8333,-0.192942,0.155632
8334,-0.192942,0.155632
8335,-0.192545,0.155705
8336,-0.189917,0.156722
8337,-0.188965,0.157896
8338,-0.187815,0.158221
8339,-0.187815,0.158221
8340,-0.187331,0.158346
8341,-0.187376,0.159094
8342,-0.188346,0.157853
8343,-0.188346,0.157853
8344,-0.189535,0.157562
8345,-0.189535,0.157562
8346,-0.188531,0.157502
8347,-0.189894,0.158296
8348,-0.189478,0.158294
8349,-0.191011,0.157741
8350,-0.191322,0.157349
8351,-0.191322,0.157349
8352,-0.18931,0.157584
8353,-0.189979,0.156606
8354,-0.189991,0.157055
8355,-0.189722,0.15723
8356,-0.191316,0.155963
8357,-0.191604,0.155419
8358,-0.19239,0.155774
8359,-0.19054,0.155591
8360,-0.191889,0.155209
8361,-0.191889,0.155209
8362,-0.190984,0.156126
8363,-0.192109,0.155932
8364,-0.18983,0.156063
8365,-0.191518,0.155722
8366,-0.191518,0.155722
8367,-0.192484,0.155319
8368,-0.192484,0.155319
8369,-0.192484,0.155319
8370,-0.194107,0.154691
8371,-0.194107,0.154691
8372,-0.191523,0.156143
8373,-0.19165,0.155589
8374,-0.192447,0.154638
8375,-0.192447,0.154638
8376,-0.191467,0.155896
8377,-0.191278,0.155349
8378,-0.191506,0.15534
8379,-0.189771,0.156182
8380,-0.189569,0.156078
8381,-0.189569,0.156078
8382,-0.190309,0.156227
8383,-0.19281,0.155903
8384,-0.19281,0.155903
8385,-0.19281,0.155903
8386,-0.192041,0.156492
8387,-0.19244,0.155805
8388,-0.193028,0.156636
8389,-0.191114,0.156286
8390,-0.191114,0.156286
8391,-0.191374,0.15595
8392,-0.191374,0.15595
8393,-0.190267,0.156168
8394,-0.190267,0.156168
8395,-0.190267,0.156168
8396,-0.190267,0.156168
8397,-0.190267,0.156168
8398,-0.192613,0.155171
8399,-0.193342,0.153965
8400,-0.193342,0.153965
8401,-0.193342,0.153965
8402,-0.192916,0.154267
8403,-0.192916,0.154267
8404,-0.191452,0.155323
8405,-0.191354,0.155656
8406,-0.189915,0.155813
8407,-0.18855,0.156168
8408,-0.188891,0.156659
8409,-0.189232,0.15621
8410,-0.189232,0.15621
8411,-0.188922,0.156886
8412,-0.187869,0.157535
8413,-0.187544,0.157206
8414,-0.187544,0.157206
8415,-0.190183,0.157056
8416,-0.189022,0.15631
8417,-0.189481,0.156049
8418,-0.189586,0.157358
8419,-0.189455,0.156642
8420,-0.188263,0.15659
8421,-0.190188,0.156272
8422,-0.190188,0.156272
8423,-0.189479,0.15685
8424,-0.189479,0.15685
8425,-0.187345,0.158378
8426,-0.187345,0.158378
8427,-0.188731,0.157671
8428,-0.188731,0.157671
8429,-0.188731,0.157671
8430,-0.188731,0.157671
8431,-0.187776,0.157098
8432,-0.188513,0.155523
8433,-0.188513,0.155523
8434,-0.188978,0.156747
8435,-0.189853,0.155455
8436,-0.189535,0.155972
8437,-0.189579,0.156062
8438,-0.188387,0.156851
8439,-0.186301,0.158826
8440,-0.186301,0.158826
8441,-0.186391,0.159
8442,-0.185156,0.159196
8443,-0.186651,0.158258
8444,-0.186994,0.157447
8445,-0.188091,0.157027
8446,-0.190687,0.155161
8447,-0.188598,0.156452
8448,-0.187856,0.157023
8449,-0.187856,0.157023
8450,-0.188285,0.15555
8451,-0.187198,0.156342
8452,-0.187199,0.157347
8453,-0.186911,0.157123
8454,-0.185593,0.158468
8455,-0.186642,0.157792
8456,-0.186642,0.157792
8457,-0.186642,0.157792
8458,-0.185256,0.158252
8459,-0.185931,0.157736
8460,-0.18476,0.15832
8461,-0.18476,0.15832
8462,-0.183016,0.159108
8463,-0.183016,0.159108
8464,-0.183016,0.159108
8465,-0.184831,0.158996
8466,-0.184428,0.159112
8467,-0.184376,0.159144
8468,-0.183182,0.159546
8469,-0.18303,0.15969
8470,-0.181736,0.160963
8471,-0.180365,0.16104
8472,-0.180804,0.16031
8473,-0.179228,0.160922
8474,-0.179844,0.160599
8475,-0.179844,0.160599
8476,-0.181251,0.159381
8477,-0.182944,0.159108
8478,-0.183175,0.159159
8479,-0.183175,0.159159
8480,-0.182559,0.15932
8481,-0.183961,0.158444
8482,-0.183568,0.159753
8483,-0.183568,0.159753
8484,-0.183568,0.159753
8485,-0.182709,0.160045
8486,-0.182709,0.160045
8487,-0.182709,0.160045
8488,-0.184343,0.159511
8489,-0.184115,0.159035
8490,-0.184115,0.159035
8491,-0.184115,0.159035
8492,-0.184115,0.159035
8493,-0.183537,0.158461
8494,-0.184827,0.15781
8495,-0.184827,0.15781
8496,-0.184827,0.15781
8497,-0.185201,0.157729
8498,-0.185201,0.157729
8499,-0.185201,0.157729
8500,-0.183663,0.159439
8501,-0.185941,0.158686
8502,-0.184775,0.157959
8503,-0.184775,0.157959
8504,-0.184775,0.157959
8505,-0.185836,0.157885
8506,-0.185836,0.157885
8507,-0.185093,0.158955
8508,-0.183915,0.157945
8509,-0.183915,0.157945
8510,-0.186383,0.158437
8511,-0.186383,0.158437
8512,-0.187356,0.156864
8513,-0.18533,0.157832
8514,-0.18427,0.158357
8515,-0.183153,0.159378
8516,-0.183153,0.159378
8517,-0.184387,0.159143
8518,-0.184387,0.159143
8519,-0.185002,0.158798
8520,-0.184207,0.158671
8521,-0.184652,0.158982
8522,-0.183214,0.159268
8523,-0.183214,0.159268
8524,-0.18273,0.159383
8525,-0.18273,0.159383
8526,-0.179288,0.161507
8527,-0.180251,0.161741
8528,-0.180151,0.160553
8529,-0.180904,0.160176
8530,-0.182617,0.159493
8531,-0.182617,0.159493
8532,-0.18308,0.159096
8533,-0.180392,0.15998
8534,-0.180392,0.15998
8535,-0.181356,0.159288
8536,-0.181171,0.160058
8537,-0.18066,0.160783
8538,-0.179708,0.16037
8539,-0.181781,0.159622
8540,-0.182892,0.158826
8541,-0.182892,0.158826
8542,-0.18366,0.158587
8543,-0.185302,0.158421
8544,-0.184195,0.15949
8545,-0.184195,0.15949
8546,-0.184195,0.15949
8547,-0.18219,0.159305
8548,-0.183607,0.159626
8549,-0.184634,0.158481
8550,-0.183778,0.159464
8551,-0.184791,0.159089
8552,-0.184791,0.159089
8553,-0.184791,0.159089
8554,-0.184791,0.159089
8555,-0.184791,0.159089
8556,-0.1849,0.160511
8557,-0.1849,0.160511
8558,-0.183804,0.15985
8559,-0.183315,0.160432
8560,-0.183315,0.160432
8561,-0.183315,0.160432
8562,-0.183208,0.159983
8563,-0.183208,0.159983
8564,-0.181573,0.160943
8565,-0.181466,0.160951
8566,-0.181436,0.161339
8567,-0.182215,0.161256
8568,-0.181788,0.160463
8569,-0.181788,0.160463
8570,-0.181788,0.160463
8571,-0.183341,0.160527
8572,-0.183354,0.159996
8573,-0.183354,0.159996
8574,-0.182623,0.160384
8575,-0.182299,0.160429
8576,-0.182506,0.160241
8577,-0.182506,0.160241
8578,-0.181416,0.161106
8579,-0.183494,0.160899
8580,-0.182548,0.160394
8581,-0.180461,0.161131
8582,-0.180875,0.161987
8583,-0.183437,0.161183
8584,-0.183437,0.161183
8585,-0.184343,0.159402
8586,-0.184343,0.159402
8587,-0.183762,0.158537
8588,-0.184462,0.158551
8589,-0.186676,0.158237
8590,-0.186676,0.158237
8591,-0.186617,0.157556
8592,-0.186617,0.157556
8593,-0.184502,0.158593
8594,-0.18451,0.159525
8595,-0.182737,0.160921
8596,-0.183561,0.159966
8597,-0.181608,0.160124
8598,-0.182801,0.159757
8599,-0.182888,0.159018
8600,-0.182911,0.159488
8601,-0.185105,0.158531
8602,-0.185105,0.158531
8603,-0.183999,0.158675
8604,-0.183999,0.158675
8605,-0.185556,0.15851
8606,-0.185204,0.158918
8607,-0.185204,0.158918
8608,-0.185204,0.158918
8609,-0.184665,0.158326
8610,-0.185613,0.157551
8611,-0.185613,0.157551
8612,-0.187514,0.156514
8613,-0.186518,0.156775
8614,-0.186153,0.158027
8615,-0.187582,0.157454
8616,-0.187582,0.157454
8617,-0.189549,0.15722
8618,-0.187661,0.15697
8619,-0.186236,0.157278
8620,-0.186525,0.157063
8621,-0.186525,0.157063
8622,-0.186525,0.157063
8623,-0.186525,0.157063
8624,-0.185602,0.157533
8625,-0.183356,0.159143
8626,-0.183356,0.159143
8627,-0.183489,0.160173
8628,-0.183489,0.160173
8629,-0.182095,0.160049
8630,-0.182095,0.160049
8631,-0.18129,0.160832
8632,-0.18129,0.160832
8633,-0.18129,0.160832
8634,-0.181077,0.160534
8635,-0.181217,0.160936
8636,-0.181516,0.160136
8637,-0.181516,0.160136
8638,-0.181516,0.160136
8639,-0.181516,0.160136
8640,-0.181516,0.160136
8641,-0.182487,0.158845
8642,-0.183536,0.158619
8643,-0.184268,0.1595
8644,-0.183127,0.159686
8645,-0.182839,0.158691
8646,-0.182526,0.158678
8647,-0.18165,0.160735
8648,-0.183632,0.159262
8649,-0.185025,0.158197
8650,-0.184347,0.15803
8651,-0.18533,0.157973
8652,-0.184114,0.158341
8653,-0.18502,0.158689
8654,-0.18502,0.158689
8655,-0.18502,0.158689
8656,-0.18502,0.158689
8657,-0.183259,0.159593
8658,-0.183338,0.159041
8659,-0.18439,0.159313
8660,-0.18439,0.159313
8661,-0.185228,0.159089
8662,-0.184861,0.158488
8663,-0.186854,0.157486
8664,-0.186854,0.157486
8665,-0.186854,0.157486
8666,-0.186854,0.157486
8667,-0.186854,0.157486
8668,-0.186854,0.157486
8669,-0.187716,0.157379
8670,-0.188188,0.156816
8671,-0.189874,0.155516
8672,-0.189874,0.155516
8673,-0.189874,0.155516
8674,-0.189775,0.155221
8675,-0.188623,0.156434
8676,-0.188623,0.156434
8677,-0.187604,0.15774
8678,-0.188095,0.157782
8679,-0.186728,0.157657
8680,-0.186196,0.158327
8681,-0.185079,0.157601
8682,-0.184592,0.158235
8683,-0.183669,0.158645
8684,-0.183669,0.158645
8685,-0.185175,0.158882
8686,-0.184201,0.159422
8687,-0.184201,0.159422
8688,-0.184654,0.158289
8689,-0.184654,0.158289
8690,-0.1837,0.160051
8691,-0.183913,0.159475
8692,-0.183913,0.159475
8693,-0.184094,0.159041
8694,-0.185478,0.158489
8695,-0.184867,0.159487
8696,-0.184565,0.158076
8697,-0.184565,0.158076
8698,-0.184914,0.157523
8699,-0.186098,0.156926
8700,-0.186098,0.156926
8701,-0.186098,0.156926
8702,-0.186865,0.158178
8703,-0.186345,0.157334
8704,-0.186345,0.157334
8705,-0.190719,0.155987
8706,-0.190719,0.155987
8707,-0.189251,0.155742
8708,-0.189308,0.156661
8709,-0.188488,0.157672
8710,-0.188488,0.157672
8711,-0.188359,0.157178
8712,-0.187296,0.157909
8713,-0.187335,0.157481
8714,-0.187335,0.157481
8715,-0.188587,0.15695
8716,-0.189424,0.157116
8717,-0.189041,0.156106
8718,-0.189041,0.156106
8719,-0.189041,0.156106
8720,-0.187866,0.156375
8721,-0.189499,0.156132
8722,-0.189387,0.156255
8723,-0.188175,0.156537
8724,-0.186604,0.157688
8725,-0.185332,0.15793
8726,-0.185332,0.15793
8727,-0.185473,0.157961
8728,-0.187896,0.157569
8729,-0.188444,0.157811
8730,-0.189853,0.156162
8731,-0.188289,0.156049
8732,-0.189137,0.156991
8733,-0.190419,0.156445
8734,-0.188871,0.157288
8735,-0.188871,0.157288
8736,-0.187178,0.15698
8737,-0.187395,0.156767
8738,-0.188681,0.156158
8739,-0.188681,0.156158
8740,-0.187344,0.155816
8741,-0.187461,0.156708
8742,-0.187461,0.156708
8743,-0.18774,0.15733
8744,-0.188505,0.155774
8745,-0.187809,0.157298
8746,-0.188697,0.1575
8747,-0.188697,0.1575
8748,-0.189008,0.156676
8749,-0.189008,0.156676
8750,-0.187905,0.157799
8751,-0.187272,0.157766
8752,-0.18574,0.158284
8753,-0.18574,0.158284
8754,-0.187867,0.157432
8755,-0.187867,0.157432
8756,-0.187232,0.15695
8757,-0.186113,0.157125
8758,-0.186113,0.157125
8759,-0.188646,0.155786
8760,-0.186212,0.156792
8761,-0.185079,0.157046
8762,-0.185079,0.157046
8763,-0.185772,0.156721
8764,-0.185772,0.156721
8765,-0.185772,0.156721
8766,-0.186443,0.156266
8767,-0.186443,0.156266
8768,-0.186443,0.156266
8769,-0.186443,0.156266
8770,-0.18666,0.156674
8771,-0.186933,0.156868
8772,-0.186345,0.158397
8773,-0.183049,0.159113
8774,-0.18394,0.159581
8775,-0.18394,0.159581
8776,-0.181644,0.160575
8777,-0.181433,0.160943
8778,-0.183216,0.159732
8779,-0.183642,0.159689
8780,-0.182369,0.160513
8781,-0.183341,0.159274
8782,-0.18213,0.159644
8783,-0.181599,0.161075
8784,-0.181599,0.161075
8785,-0.181599,0.161075
8786,-0.181599,0.161075
8787,-0.181012,0.160745
8788,-0.181846,0.160401
8789,-0.181846,0.160401
8790,-0.181118,0.160052
8791,-0.179339,0.160236
8792,-0.178919,0.161179
8793,-0.180403,0.160515
8794,-0.180403,0.160515
8795,-0.178598,0.161169
8796,-0.179283,0.161672
8797,-0.177103,0.162115
8798,-0.177907,0.161494
8799,-0.178345,0.161026
8800,-0.178345,0.161026
8801,-0.179928,0.160675
8802,-0.178448,0.161704
8803,-0.176895,0.161934
8804,-0.177253,0.16152
8805,-0.177253,0.16152
8806,-0.1784,0.161361
8807,-0.178363,0.1605
8808,-0.17895,0.160619
8809,-0.179192,0.160842
8810,-0.180222,0.160856
8811,-0.178729,0.160672
8812,-0.179534,0.160542
8813,-0.178427,0.160917
8814,-0.178427,0.160917
8815,-0.178427,0.160917
8816,-0.178343,0.160753
8817,-0.177839,0.161124
8818,-0.176568,0.161381
8819,-0.176568,0.161381
8820,-0.176105,0.161812
8821,-0.176891,0.161532
8822,-0.1772,0.161916
8823,-0.1772,0.161916
8824,-0.177677,0.161569
8825,-0.177677,0.161569
8826,-0.177677,0.161569
8827,-0.177148,0.161555
8828,-0.177292,0.161249
8829,-0.177292,0.161249
8830,-0.178413,0.160817
8831,-0.177856,0.161122
8832,-0.176887,0.161477
8833,-0.177852,0.161673
8834,-0.178234,0.161551
8835,-0.177698,0.160762
8836,-0.178925,0.160182
8837,-0.178925,0.160182
8838,-0.178925,0.160182
8839,-0.179364,0.160242
8840,-0.180406,0.159707
8841,-0.181588,0.158708
8842,-0.181588,0.158708
8843,-0.17948,0.160093
8844,-0.18102,0.158768
8845,-0.181361,0.158731
8846,-0.179574,0.159929
8847,-0.179574,0.159929
8848,-0.183185,0.158302
8849,-0.183351,0.158131
8850,-0.183351,0.158131
8851,-0.183717,0.158007
8852,-0.183717,0.158007
8853,-0.183717,0.158007
8854,-0.183968,0.157417
8855,-0.182237,0.158784
8856,-0.182237,0.158784
8857,-0.179356,0.160264
8858,-0.177122,0.163032
8859,-0.175912,0.163002
8860,-0.177434,0.16277
8861,-0.17683,0.162933
8862,-0.175471,0.162176
8863,-0.175471,0.162176
8864,-0.176842,0.162536
8865,-0.177167,0.161411
8866,-0.175965,0.162446
8867,-0.176022,0.16419
8868,-0.175889,0.163543
8869,-0.175889,0.163543
8870,-0.175652,0.16374
8871,-0.177986,0.16253
8872,-0.177116,0.162141
8873,-0.178011,0.161273
8874,-0.180462,0.160428
8875,-0.180462,0.160428
8876,-0.182556,0.159896
8877,-0.182764,0.15879
8878,-0.182764,0.15879
8879,-0.182001,0.160236
8880,-0.181228,0.159731
8881,-0.182363,0.159627
8882,-0.182363,0.159627
8883,-0.182363,0.159627
8884,-0.182363,0.159627
8885,-0.181395,0.160777
8886,-0.181395,0.160777
8887,-0.181395,0.160777
8888,-0.181487,0.160814
8889,-0.179701,0.161244
8890,-0.179701,0.161244
8891,-0.179701,0.161244
8892,-0.17898,0.161766
8893,-0.180758,0.160945
8894,-0.180754,0.16086
8895,-0.180754,0.16086
8896,-0.180865,0.162002
8897,-0.180865,0.162002
8898,-0.179946,0.160946
8899,-0.179861,0.160835
8900,-0.179861,0.160835
8901,-0.177605,0.161855
8902,-0.177691,0.162359
8903,-0.178157,0.163738
8904,-0.178157,0.163738
8905,-0.176479,0.164541
8906,-0.176479,0.164541
8907,-0.176479,0.164541
8908,-0.176633,0.163544
8909,-0.176943,0.163967
8910,-0.178023,0.164013
8911,-0.178023,0.164013
8912,-0.178023,0.164013
8913,-0.177473,0.163314
8914,-0.178559,0.162735
8915,-0.178342,0.16195
8916,-0.177023,0.162759
8917,-0.177023,0.162759
8918,-0.177023,0.162759
8919,-0.179866,0.161865
8920,-0.179866,0.161865
8921,-0.179362,0.162623
8922,-0.179362,0.162623
8923,-0.178637,0.162899
8924,-0.178637,0.162899
8925,-0.177416,0.161926
8926,-0.177416,0.161926
8927,-0.176268,0.16355
8928,-0.175488,0.164333
8929,-0.175909,0.162817
8930,-0.176443,0.163447
8931,-0.176888,0.163468
8932,-0.176888,0.163468
8933,-0.176837,0.163562
8934,-0.176837,0.163562
8935,-0.176837,0.163562
8936,-0.177686,0.161936
8937,-0.178432,0.161546
8938,-0.178432,0.161546
8939,-0.178432,0.161546
8940,-0.174963,0.163275
8941,-0.174963,0.163275
8942,-0.174963,0.163275
8943,-0.175137,0.163532
8944,-0.17774,0.162353
8945,-0.17774,0.162353
8946,-0.176474,0.162197
8947,-0.176474,0.162197
8948,-0.176474,0.162197
8949,-0.178059,0.162429
8950,-0.178059,0.162429
8951,-0.176362,0.161342
8952,-0.176458,0.16264
8953,-0.174899,0.163073
8954,-0.175669,0.162325
8955,-0.175669,0.162325
8956,-0.175669,0.162325
8957,-0.176463,0.162969
8958,-0.176463,0.162969
8959,-0.176463,0.162969
8960,-0.177839,0.162197
8961,-0.177839,0.162197
8962,-0.178489,0.162309
8963,-0.17874,0.162092
8964,-0.17725,0.162726
8965,-0.178618,0.16247
8966,-0.178535,0.162381
8967,-0.179032,0.162862
8968,-0.179718,0.162115
8969,-0.180246,0.161935
8970,-0.180536,0.160944
8971,-0.179544,0.160546
8972,-0.180192,0.160502
8973,-0.180192,0.160502
8974,-0.180026,0.161333
8975,-0.181302,0.159667
8976,-0.179265,0.161093
8977,-0.178544,0.1613
8978,-0.177806,0.161447
8979,-0.177806,0.161447
8980,-0.179192,0.161021
8981,-0.179108,0.160287
8982,-0.179108,0.160287
8983,-0.179108,0.160287
8984,-0.179299,0.160178
8985,-0.179299,0.160178
8986,-0.178458,0.160782
8987,-0.178458,0.160782
8988,-0.177721,0.161791
8989,-0.177721,0.161791
8990,-0.179194,0.161539
8991,-0.176533,0.16174
8992,-0.176533,0.16174
8993,-0.176533,0.16174
8994,-0.176533,0.16174
8995,-0.176533,0.16174
8996,-0.177099,0.161972
8997,-0.175579,0.16301
8998,-0.175579,0.16301
8999,-0.173178,0.164206
9000,-0.174573,0.164014
