MDTU,S_F
1,9.03356e-06
2,9.03356e-06
3,9.03356e-06
4,8.9126e-06
5,9.15878e-06
6,9.14387e-06
7,9.22945e-06
8,9.14734e-06
9,9.19818e-06
10,9.2989e-06
11,9.32971e-06
12,9.52455e-06
13,9.43337e-06
14,9.39897e-06
15,9.37224e-06
16,9.32562e-06
17,9.37656e-06
18,9.65658e-06
19,9.9337e-06
20,9.61928e-06
21,9.48587e-06
22,9.48587e-06
23,9.64613e-06
24,9.67091e-06
25,9.5515e-06
26,9.54263e-06
27,9.61663e-06
28,9.63891e-06
29,9.70994e-06
30,9.93997e-06
31,9.82496e-06
32,1.00847e-05
33,9.66161e-06
34,9.71586e-06
35,9.70792e-06
36,9.84328e-06
37,9.65503e-06
38,9.65503e-06
39,9.90466e-06
40,1.01454e-05
41,9.83801e-06
42,9.80647e-06
43,9.83324e-06
44,1.00915e-05
45,9.89508e-06
46,9.78554e-06
47,9.78554e-06
48,9.81107e-06
49,9.75522e-06
50,9.90314e-06
51,9.90314e-06
52,9.90314e-06
53,9.81241e-06
54,9.9402e-06
55,9.76578e-06
56,9.98042e-06
57,9.88681e-06
58,9.93085e-06
59,9.86622e-06
60,1.00558e-05
61,1.00258e-05
62,1.01888e-05
63,1.0076e-05
64,1.00468e-05
65,1.01821e-05
66,9.98852e-06
67,1.01051e-05
68,9.98864e-06
69,9.95485e-06
70,1.00596e-05
71,1.02153e-05
72,1.01291e-05
73,9.93557e-06
74,1.00729e-05
75,1.0356e-05
76,1.02206e-05
77,1.02648e-05
78,1.03334e-05
79,1.04165e-05
80,1.02658e-05
81,1.02452e-05
82,1.01616e-05
83,1.01973e-05
84,1.03627e-05
85,1.01842e-05
86,1.0193e-05
87,1.01261e-05
88,1.02137e-05
89,1.01728e-05
90,1.03044e-05
91,1.03673e-05
92,1.03114e-05
93,1.03114e-05
94,1.02756e-05
95,1.01789e-05
96,1.02108e-05
97,1.01934e-05
98,1.03785e-05
99,1.01183e-05
100,1.02257e-05
101,1.02793e-05
102,1.02703e-05
103,1.02852e-05
104,1.02852e-05
105,1.03005e-05
106,1.03005e-05
107,1.03063e-05
108,1.03986e-05
109,1.03986e-05
110,1.06089e-05
111,1.06223e-05
112,1.07638e-05
113,1.0726e-05
114,1.05999e-05
115,1.07123e-05
116,1.06815e-05
117,1.06815e-05
118,1.05921e-05
119,1.05604e-05
120,1.05447e-05
121,1.07411e-05
122,1.04253e-05
123,1.03739e-05
124,1.04548e-05
125,1.08228e-05
126,1.07018e-05
127,1.09271e-05
128,1.09071e-05
129,1.08903e-05
130,1.12613e-05
131,1.08728e-05
132,1.07143e-05
133,1.07312e-05
134,1.07312e-05
135,1.05178e-05
136,1.05034e-05
137,1.06916e-05
138,1.06916e-05
139,1.06466e-05
140,1.06466e-05
141,1.06466e-05
142,1.04655e-05
143,1.04953e-05
144,1.04817e-05
145,1.05663e-05
146,1.06112e-05
147,1.06177e-05
148,1.06028e-05
149,1.06119e-05
150,1.06395e-05
151,1.0744e-05
152,1.0744e-05
153,1.0708e-05
154,1.0629e-05
155,1.10316e-05
156,1.09353e-05
157,1.08614e-05
158,1.0722e-05
159,1.07179e-05
160,1.08563e-05
161,1.08563e-05
162,1.07969e-05
163,1.09503e-05
164,1.1008e-05
165,1.08926e-05
166,1.08926e-05
167,1.08648e-05
168,1.07864e-05
169,1.09162e-05
170,1.0808e-05
171,1.09612e-05
172,1.09612e-05
173,1.13346e-05
174,1.11371e-05
175,1.10784e-05
176,1.11403e-05
177,1.09248e-05
178,1.1036e-05
179,1.08793e-05
180,1.08802e-05
181,1.08802e-05
182,1.11569e-05
183,1.11569e-05
184,1.09468e-05
185,1.09044e-05
186,1.0819e-05
187,1.06704e-05
188,1.06704e-05
189,1.07127e-05
190,1.07185e-05
191,1.09312e-05
192,1.09805e-05
193,1.08546e-05
194,1.08546e-05
195,1.06597e-05
196,1.0624e-05
197,1.06229e-05
198,1.06653e-05
199,1.08427e-05
200,1.103e-05
201,1.09627e-05
202,1.0906e-05
203,1.1056e-05
204,1.10537e-05
205,1.10653e-05
206,1.11504e-05
207,1.09963e-05
208,1.09187e-05
209,1.08563e-05
210,1.08563e-05
211,1.10096e-05
212,1.10238e-05
213,1.10267e-05
214,1.08534e-05
215,1.07816e-05
216,1.07648e-05
217,1.0897e-05
218,1.08347e-05
219,1.09209e-05
220,1.07598e-05
221,1.09268e-05
222,1.09163e-05
223,1.08349e-05
224,1.08214e-05
225,1.0844e-05
226,1.09989e-05
227,1.07961e-05
228,1.07191e-05
229,1.06508e-05
230,1.06482e-05
231,1.06715e-05
232,1.08592e-05
233,1.0858e-05
234,1.0802e-05
235,1.07725e-05
236,1.10105e-05
237,1.1037e-05
238,1.09914e-05
239,1.0864e-05
240,1.08253e-05
241,1.07781e-05
242,1.08446e-05
243,1.09998e-05
244,1.09998e-05
245,1.08759e-05
246,1.08759e-05
247,1.08759e-05
248,1.08721e-05
249,1.08721e-05
250,1.08878e-05
251,1.09994e-05
252,1.09818e-05
253,1.10502e-05
254,1.10502e-05
255,1.08456e-05
256,1.08456e-05
257,1.08803e-05
258,1.08031e-05
259,1.07202e-05
260,1.09183e-05
261,1.0796e-05
262,1.06754e-05
263,1.06754e-05
264,1.09034e-05
265,1.06605e-05
266,1.08108e-05
267,1.07678e-05
268,1.07786e-05
269,1.09028e-05
270,1.09028e-05
271,1.07552e-05
272,1.08834e-05
273,1.07595e-05
274,1.08304e-05
275,1.08304e-05
276,1.08304e-05
277,1.08304e-05
278,1.08316e-05
279,1.0615e-05
280,1.0615e-05
281,1.06049e-05
282,1.07549e-05
283,1.07983e-05
284,1.08646e-05
285,1.07079e-05
286,1.07079e-05
287,1.07079e-05
288,1.08146e-05
289,1.08146e-05
290,1.07166e-05
291,1.0802e-05
292,1.07752e-05
293,1.07384e-05
294,1.0785e-05
295,1.07807e-05
296,1.09509e-05
297,1.08683e-05
298,1.09626e-05
299,1.08266e-05
300,1.07659e-05
301,1.06969e-05
302,1.07666e-05
303,1.06788e-05
304,1.08348e-05
305,1.08348e-05
306,1.0855e-05
307,1.0855e-05
308,1.0855e-05
309,1.07771e-05
310,1.08436e-05
311,1.07738e-05
312,1.08862e-05
313,1.07373e-05
314,1.06887e-05
315,1.06587e-05
316,1.05871e-05
317,1.05871e-05
318,1.05871e-05
319,1.07202e-05
320,1.08105e-05
321,1.07831e-05
322,1.07834e-05
323,1.06002e-05
324,1.06163e-05
325,1.08481e-05
326,1.07489e-05
327,1.06165e-05
328,1.0752e-05
329,1.0752e-05
330,1.10541e-05
331,1.10541e-05
332,1.08846e-05
333,1.08203e-05
334,1.08222e-05
335,1.09292e-05
336,1.09292e-05
337,1.11188e-05
338,1.10026e-05
339,1.10417e-05
340,1.10417e-05
341,1.10417e-05
342,1.12219e-05
343,1.12169e-05
344,1.11509e-05
345,1.11191e-05
346,1.08747e-05
347,1.09397e-05
348,1.10663e-05
349,1.12146e-05
350,1.12146e-05
351,1.11468e-05
352,1.10317e-05
353,1.09904e-05
354,1.11721e-05
355,1.10371e-05
356,1.1181e-05
357,1.11908e-05
358,1.10735e-05
359,1.09919e-05
360,1.07804e-05
361,1.07804e-05
362,1.07638e-05
363,1.08983e-05
364,1.0882e-05
365,1.09322e-05
366,1.08306e-05
367,1.1035e-05
368,1.08415e-05
369,1.09074e-05
370,1.07435e-05
371,1.07483e-05
372,1.07934e-05
373,1.07934e-05
374,1.07842e-05
375,1.08448e-05
376,1.08618e-05
377,1.09237e-05
378,1.12481e-05
379,1.11741e-05
380,1.12026e-05
381,1.09955e-05
382,1.09114e-05
383,1.09547e-05
384,1.0972e-05
385,1.10712e-05
386,1.08117e-05
387,1.10425e-05
388,1.11429e-05
389,1.08856e-05
390,1.09694e-05
391,1.10363e-05
392,1.11445e-05
393,1.07856e-05
394,1.08006e-05
395,1.09128e-05
396,1.09128e-05
397,1.08341e-05
398,1.06695e-05
399,1.08249e-05
400,1.07303e-05
401,1.07912e-05
402,1.0952e-05
403,1.08373e-05
404,1.07948e-05
405,1.06678e-05
406,1.07623e-05
407,1.06777e-05
408,1.07037e-05
409,1.06528e-05
410,1.06413e-05
411,1.06814e-05
412,1.06894e-05
413,1.06894e-05
414,1.06797e-05
415,1.06891e-05
416,1.06891e-05
417,1.07859e-05
418,1.06518e-05
419,1.07509e-05
420,1.07757e-05
421,1.07475e-05
422,1.06253e-05
423,1.07798e-05
424,1.08078e-05
425,1.08454e-05
426,1.07502e-05
427,1.06529e-05
428,1.08596e-05
429,1.08596e-05
430,1.08817e-05
431,1.09771e-05
432,1.08001e-05
433,1.08383e-05
434,1.09579e-05
435,1.10497e-05
436,1.10632e-05
437,1.08648e-05
438,1.08648e-05
439,1.08131e-05
440,1.08221e-05
441,1.09089e-05
442,1.07443e-05
443,1.07573e-05
444,1.08885e-05
445,1.08691e-05
446,1.10348e-05
447,1.09183e-05
448,1.11029e-05
449,1.11193e-05
450,1.12279e-05
451,1.11007e-05
452,1.10995e-05
453,1.11706e-05
454,1.11795e-05
455,1.13643e-05
456,1.11655e-05
457,1.11872e-05
458,1.08574e-05
459,1.09828e-05
460,1.11403e-05
461,1.10589e-05
462,1.11606e-05
463,1.10317e-05
464,1.09188e-05
465,1.10952e-05
466,1.11977e-05
467,1.11977e-05
468,1.11317e-05
469,1.12781e-05
470,1.11355e-05
471,1.11355e-05
472,1.09698e-05
473,1.09929e-05
474,1.12094e-05
475,1.12119e-05
476,1.11262e-05
477,1.10334e-05
478,1.10527e-05
479,1.10527e-05
480,1.10527e-05
481,1.10527e-05
482,1.10527e-05
483,1.10273e-05
484,1.10273e-05
485,1.11418e-05
486,1.10701e-05
487,1.10551e-05
488,1.10551e-05
489,1.10527e-05
490,1.10454e-05
491,1.11189e-05
492,1.11189e-05
493,1.11189e-05
494,1.10838e-05
495,1.11476e-05
496,1.10527e-05
497,1.09984e-05
498,1.10713e-05
499,1.10497e-05
500,1.08947e-05
501,1.07894e-05
502,1.09532e-05
503,1.09532e-05
504,1.07356e-05
505,1.07597e-05
506,1.07629e-05
507,1.06527e-05
508,1.07581e-05
509,1.07581e-05
510,1.08805e-05
511,1.07864e-05
512,1.09105e-05
513,1.09544e-05
514,1.09496e-05
515,1.08984e-05
516,1.09877e-05
517,1.10159e-05
518,1.09885e-05
519,1.09885e-05
520,1.13404e-05
521,1.09627e-05
522,1.09627e-05
523,1.11127e-05
524,1.10393e-05
525,1.09048e-05
526,1.08955e-05
527,1.08955e-05
528,1.07255e-05
529,1.08883e-05
530,1.10196e-05
531,1.08458e-05
532,1.10219e-05
533,1.10219e-05
534,1.08948e-05
535,1.07896e-05
536,1.06478e-05
537,1.07583e-05
538,1.08932e-05
539,1.07526e-05
540,1.08174e-05
541,1.08174e-05
542,1.07816e-05
543,1.09924e-05
544,1.09924e-05
545,1.08659e-05
546,1.07224e-05
547,1.09884e-05
548,1.10155e-05
549,1.09045e-05
550,1.10064e-05
551,1.09442e-05
552,1.10549e-05
553,1.08917e-05
554,1.11696e-05
555,1.12428e-05
556,1.12428e-05
557,1.1468e-05
558,1.14088e-05
559,1.14088e-05
560,1.15224e-05
561,1.13316e-05
562,1.12241e-05
563,1.11066e-05
564,1.11961e-05
565,1.0883e-05
566,1.08495e-05
567,1.08242e-05
568,1.07354e-05
569,1.10224e-05
570,1.09177e-05
571,1.07437e-05
572,1.07437e-05
573,1.06413e-05
574,1.06413e-05
575,1.06975e-05
576,1.06975e-05
577,1.08167e-05
578,1.06607e-05
579,1.06498e-05
580,1.07616e-05
581,1.07616e-05
582,1.06869e-05
583,1.06869e-05
584,1.06636e-05
585,1.07501e-05
586,1.07431e-05
587,1.07431e-05
588,1.08401e-05
589,1.08412e-05
590,1.08958e-05
591,1.10869e-05
592,1.07707e-05
593,1.09516e-05
594,1.09572e-05
595,1.09572e-05
596,1.09572e-05
597,1.09572e-05
598,1.07937e-05
599,1.09647e-05
600,1.08497e-05
601,1.06879e-05
602,1.09585e-05
603,1.09585e-05
604,1.09585e-05
605,1.11193e-05
606,1.11193e-05
607,1.09973e-05
608,1.09973e-05
609,1.09818e-05
610,1.09199e-05
611,1.08586e-05
612,1.0797e-05
613,1.08435e-05
614,1.08603e-05
615,1.08603e-05
616,1.10044e-05
617,1.10514e-05
618,1.10386e-05
619,1.10386e-05
620,1.0806e-05
621,1.07914e-05
622,1.08806e-05
623,1.07319e-05
624,1.07693e-05
625,1.06646e-05
626,1.05707e-05
627,1.0658e-05
628,1.0658e-05
629,1.07467e-05
630,1.07364e-05
631,1.07364e-05
632,1.07364e-05
633,1.06761e-05
634,1.06761e-05
635,1.07227e-05
636,1.06094e-05
637,1.06058e-05
638,1.05568e-05
639,1.05983e-05
640,1.08057e-05
641,1.08057e-05
642,1.08057e-05
643,1.07251e-05
644,1.07251e-05
645,1.07715e-05
646,1.08697e-05
647,1.08697e-05
648,1.10191e-05
649,1.0841e-05
650,1.09573e-05
651,1.08041e-05
652,1.10397e-05
653,1.09415e-05
654,1.07897e-05
655,1.08997e-05
656,1.08458e-05
657,1.08608e-05
658,1.08624e-05
659,1.08624e-05
660,1.07996e-05
661,1.07298e-05
662,1.0818e-05
663,1.08581e-05
664,1.07773e-05
665,1.07563e-05
666,1.07106e-05
667,1.05797e-05
668,1.05797e-05
669,1.07339e-05
670,1.07584e-05
671,1.05518e-05
672,1.0666e-05
673,1.06689e-05
674,1.06338e-05
675,1.06738e-05
676,1.07689e-05
677,1.07243e-05
678,1.07243e-05
679,1.07243e-05
680,1.07243e-05
681,1.06543e-05
682,1.08504e-05
683,1.08504e-05
684,1.07954e-05
685,1.0761e-05
686,1.0761e-05
687,1.07618e-05
688,1.07618e-05
689,1.07334e-05
690,1.07446e-05
691,1.07056e-05
692,1.0962e-05
693,1.08965e-05
694,1.09535e-05
695,1.10319e-05
696,1.11478e-05
697,1.11807e-05
698,1.08966e-05
699,1.10519e-05
700,1.10727e-05
701,1.09886e-05
702,1.10282e-05
703,1.09307e-05
704,1.11083e-05
705,1.11191e-05
706,1.116e-05
707,1.12233e-05
708,1.10177e-05
709,1.09773e-05
710,1.09773e-05
711,1.11058e-05
712,1.11058e-05
713,1.11058e-05
714,1.12364e-05
715,1.11192e-05
716,1.12983e-05
717,1.13481e-05
718,1.12038e-05
719,1.12808e-05
720,1.12782e-05
721,1.12641e-05
722,1.1323e-05
723,1.10873e-05
724,1.10873e-05
725,1.1241e-05
726,1.10248e-05
727,1.10376e-05
728,1.12515e-05
729,1.11457e-05
730,1.11387e-05
731,1.1004e-05
732,1.10013e-05
733,1.11074e-05
734,1.10643e-05
735,1.10643e-05
736,1.10855e-05
737,1.10807e-05
738,1.11999e-05
739,1.11999e-05
740,1.11166e-05
741,1.104e-05
742,1.1228e-05
743,1.09465e-05
744,1.1023e-05
745,1.1023e-05
746,1.10264e-05
747,1.11963e-05
748,1.08629e-05
749,1.08453e-05
750,1.08979e-05
751,1.09727e-05
752,1.07116e-05
753,1.08799e-05
754,1.08446e-05
755,1.07911e-05
756,1.09174e-05
757,1.08338e-05
758,1.08476e-05
759,1.08665e-05
760,1.08755e-05
761,1.08755e-05
762,1.09859e-05
763,1.10958e-05
764,1.12158e-05
765,1.11069e-05
766,1.10426e-05
767,1.09737e-05
768,1.09737e-05
769,1.10811e-05
770,1.10865e-05
771,1.0739e-05
772,1.11281e-05
773,1.10159e-05
774,1.08893e-05
775,1.10896e-05
776,1.10287e-05
777,1.10287e-05
778,1.11217e-05
779,1.11264e-05
780,1.10026e-05
781,1.09369e-05
782,1.10192e-05
783,1.12125e-05
784,1.11527e-05
785,1.10762e-05
786,1.107e-05
787,1.12655e-05
788,1.12655e-05
789,1.10752e-05
790,1.11607e-05
791,1.11163e-05
792,1.10715e-05
793,1.10715e-05
794,1.10214e-05
795,1.1049e-05
796,1.09613e-05
797,1.09697e-05
798,1.09058e-05
799,1.08069e-05
800,1.07795e-05
801,1.09955e-05
802,1.09955e-05
803,1.09955e-05
804,1.10664e-05
805,1.08457e-05
806,1.09067e-05
807,1.08401e-05
808,1.1071e-05
809,1.10202e-05
810,1.09603e-05
811,1.07511e-05
812,1.07816e-05
813,1.06138e-05
814,1.07614e-05
815,1.08072e-05
816,1.05673e-05
817,1.05503e-05
818,1.06463e-05
819,1.07681e-05
820,1.08069e-05
821,1.07638e-05
822,1.07638e-05
823,1.06409e-05
824,1.06565e-05
825,1.06565e-05
826,1.06565e-05
827,1.0594e-05
828,1.07973e-05
829,1.08709e-05
830,1.10022e-05
831,1.1041e-05
832,1.1041e-05
833,1.09322e-05
834,1.07725e-05
835,1.06953e-05
836,1.08483e-05
837,1.08483e-05
838,1.08822e-05
839,1.08815e-05
840,1.08721e-05
841,1.08721e-05
842,1.0834e-05
843,1.0834e-05
844,1.0834e-05
845,1.08994e-05
846,1.08994e-05
847,1.09426e-05
848,1.09851e-05
849,1.09851e-05
850,1.08821e-05
851,1.08331e-05
852,1.08975e-05
853,1.08975e-05
854,1.11378e-05
855,1.10564e-05
856,1.10564e-05
857,1.10621e-05
858,1.10621e-05
859,1.09243e-05
860,1.08227e-05
861,1.10643e-05
862,1.09783e-05
863,1.10377e-05
864,1.09658e-05
865,1.10959e-05
866,1.11332e-05
867,1.10812e-05
868,1.1164e-05
869,1.10172e-05
870,1.11228e-05
871,1.11388e-05
872,1.09073e-05
873,1.09073e-05
874,1.10591e-05
875,1.11851e-05
876,1.11851e-05
877,1.13733e-05
878,1.10475e-05
879,1.10227e-05
880,1.09801e-05
881,1.10059e-05
882,1.10059e-05
883,1.08188e-05
884,1.07512e-05
885,1.08336e-05
886,1.08809e-05
887,1.07385e-05
888,1.08356e-05
889,1.0771e-05
890,1.08588e-05
891,1.08666e-05
892,1.08438e-05
893,1.08068e-05
894,1.08068e-05
895,1.0889e-05
896,1.08004e-05
897,1.0689e-05
898,1.0689e-05
899,1.09275e-05
900,1.10075e-05
901,1.08928e-05
902,1.07932e-05
903,1.08563e-05
904,1.10155e-05
905,1.10155e-05
906,1.08411e-05
907,1.11555e-05
908,1.09673e-05
909,1.09155e-05
910,1.09754e-05
911,1.08852e-05
912,1.07166e-05
913,1.08541e-05
914,1.07857e-05
915,1.0828e-05
916,1.08275e-05
917,1.07945e-05
918,1.1026e-05
919,1.10478e-05
920,1.09565e-05
921,1.09565e-05
922,1.09565e-05
923,1.09214e-05
924,1.10355e-05
925,1.10292e-05
926,1.10944e-05
927,1.10944e-05
928,1.09018e-05
929,1.11875e-05
930,1.10386e-05
931,1.09164e-05
932,1.09659e-05
933,1.09659e-05
934,1.1027e-05
935,1.07586e-05
936,1.08767e-05
937,1.08576e-05
938,1.08589e-05
939,1.08495e-05
940,1.09816e-05
941,1.08953e-05
942,1.08953e-05
943,1.10491e-05
944,1.11197e-05
945,1.10488e-05
946,1.10747e-05
947,1.10789e-05
948,1.10789e-05
949,1.10772e-05
950,1.08603e-05
951,1.09267e-05
952,1.10697e-05
953,1.11514e-05
954,1.11514e-05
955,1.1345e-05
956,1.1345e-05
957,1.11771e-05
958,1.11771e-05
959,1.12875e-05
960,1.12875e-05
961,1.12017e-05
962,1.11553e-05
963,1.11553e-05
964,1.11553e-05
965,1.1055e-05
966,1.1055e-05
967,1.10598e-05
968,1.09401e-05
969,1.09401e-05
970,1.10941e-05
971,1.08744e-05
972,1.10018e-05
973,1.09656e-05
974,1.09656e-05
975,1.1122e-05
976,1.12383e-05
977,1.12214e-05
978,1.10001e-05
979,1.10001e-05
980,1.09623e-05
981,1.07734e-05
982,1.09802e-05
983,1.10003e-05
984,1.07692e-05
985,1.09812e-05
986,1.1073e-05
987,1.12119e-05
988,1.12119e-05
989,1.12119e-05
990,1.10445e-05
991,1.09396e-05
992,1.09878e-05
993,1.10756e-05
994,1.09817e-05
995,1.09933e-05
996,1.10108e-05
997,1.08077e-05
998,1.08077e-05
999,1.08645e-05
1000,1.08637e-05
1001,1.08637e-05
1002,1.08745e-05
1003,1.07925e-05
1004,1.07925e-05
1005,1.10271e-05
1006,1.10276e-05
1007,1.10276e-05
1008,1.10276e-05
1009,1.09362e-05
1010,1.08634e-05
1011,1.10004e-05
1012,1.07333e-05
1013,1.07333e-05
1014,1.08853e-05
1015,1.10435e-05
1016,1.09967e-05
1017,1.10872e-05
1018,1.09122e-05
1019,1.08799e-05
1020,1.07999e-05
1021,1.09054e-05
1022,1.08841e-05
1023,1.11037e-05
1024,1.12182e-05
1025,1.08423e-05
1026,1.08035e-05
1027,1.06058e-05
1028,1.06139e-05
1029,1.05541e-05
1030,1.06671e-05
1031,1.07953e-05
1032,1.06216e-05
1033,1.06313e-05
1034,1.06313e-05
1035,1.07314e-05
1036,1.07314e-05
1037,1.07314e-05
1038,1.0631e-05
1039,1.06468e-05
1040,1.07067e-05
1041,1.0817e-05
1042,1.07724e-05
1043,1.07724e-05
1044,1.07374e-05
1045,1.09783e-05
1046,1.12103e-05
1047,1.11326e-05
1048,1.09595e-05
1049,1.10339e-05
1050,1.09595e-05
1051,1.08934e-05
1052,1.09195e-05
1053,1.09514e-05
1054,1.08889e-05
1055,1.09523e-05
1056,1.09913e-05
1057,1.09913e-05
1058,1.09024e-05
1059,1.09024e-05
1060,1.0887e-05
1061,1.0887e-05
1062,1.0887e-05
1063,1.0887e-05
1064,1.07326e-05
1065,1.08357e-05
1066,1.07647e-05
1067,1.0799e-05
1068,1.08412e-05
1069,1.0755e-05
1070,1.09554e-05
1071,1.08358e-05
1072,1.08001e-05
1073,1.08001e-05
1074,1.0761e-05
1075,1.0761e-05
1076,1.08022e-05
1077,1.08625e-05
1078,1.07262e-05
1079,1.06961e-05
1080,1.06958e-05
1081,1.06958e-05
1082,1.0764e-05
1083,1.09398e-05
1084,1.09744e-05
1085,1.10283e-05
1086,1.11102e-05
1087,1.11288e-05
1088,1.07891e-05
1089,1.07985e-05
1090,1.09835e-05
1091,1.09835e-05
1092,1.10644e-05
1093,1.10644e-05
1094,1.12438e-05
1095,1.11372e-05
1096,1.08935e-05
1097,1.08935e-05
1098,1.08935e-05
1099,1.08935e-05
1100,1.08935e-05
1101,1.08935e-05
1102,1.08544e-05
1103,1.12326e-05
1104,1.10971e-05
1105,1.12132e-05
1106,1.1231e-05
1107,1.1231e-05
1108,1.11347e-05
1109,1.11408e-05
1110,1.16213e-05
1111,1.15663e-05
1112,1.14278e-05
1113,1.15014e-05
1114,1.14042e-05
1115,1.14856e-05
1116,1.14038e-05
1117,1.14067e-05
1118,1.14902e-05
1119,1.15416e-05
1120,1.15416e-05
1121,1.15416e-05
1122,1.16336e-05
1123,1.13369e-05
1124,1.14067e-05
1125,1.12601e-05
1126,1.15202e-05
1127,1.13313e-05
1128,1.12278e-05
1129,1.12875e-05
1130,1.1274e-05
1131,1.12977e-05
1132,1.14114e-05
1133,1.11968e-05
1134,1.09598e-05
1135,1.09151e-05
1136,1.0777e-05
1137,1.0833e-05
1138,1.08842e-05
1139,1.08329e-05
1140,1.10681e-05
1141,1.09445e-05
1142,1.11898e-05
1143,1.09007e-05
1144,1.09344e-05
1145,1.09328e-05
1146,1.09989e-05
1147,1.09106e-05
1148,1.08872e-05
1149,1.09511e-05
1150,1.09511e-05
1151,1.08802e-05
1152,1.10169e-05
1153,1.10312e-05
1154,1.11725e-05
1155,1.10138e-05
1156,1.11624e-05
1157,1.11624e-05
1158,1.11496e-05
1159,1.11657e-05
1160,1.12259e-05
1161,1.10512e-05
1162,1.11188e-05
1163,1.09145e-05
1164,1.11023e-05
1165,1.11942e-05
1166,1.11013e-05
1167,1.1056e-05
1168,1.10533e-05
1169,1.08957e-05
1170,1.08957e-05
1171,1.09633e-05
1172,1.09633e-05
1173,1.09334e-05
1174,1.09011e-05
1175,1.09011e-05
1176,1.09944e-05
1177,1.09191e-05
1178,1.09054e-05
1179,1.09494e-05
1180,1.09494e-05
1181,1.09032e-05
1182,1.0874e-05
1183,1.08693e-05
1184,1.08747e-05
1185,1.08747e-05
1186,1.07463e-05
1187,1.07463e-05
1188,1.06699e-05
1189,1.07375e-05
1190,1.08338e-05
1191,1.07756e-05
1192,1.07756e-05
1193,1.07756e-05
1194,1.0771e-05
1195,1.09169e-05
1196,1.09169e-05
1197,1.09169e-05
1198,1.08156e-05
1199,1.09018e-05
1200,1.09482e-05
1201,1.09211e-05
1202,1.09096e-05
1203,1.09127e-05
1204,1.09127e-05
1205,1.09255e-05
1206,1.09862e-05
1207,1.1055e-05
1208,1.10131e-05
1209,1.10131e-05
1210,1.11336e-05
1211,1.11336e-05
1212,1.11336e-05
1213,1.12243e-05
1214,1.11743e-05
1215,1.12391e-05
1216,1.11512e-05
1217,1.09583e-05
1218,1.09536e-05
1219,1.09536e-05
1220,1.10626e-05
1221,1.08934e-05
1222,1.07603e-05
1223,1.08404e-05
1224,1.09767e-05
1225,1.08467e-05
1226,1.08467e-05
1227,1.08499e-05
1228,1.08419e-05
1229,1.10909e-05
1230,1.09635e-05
1231,1.08732e-05
1232,1.08732e-05
1233,1.09711e-05
1234,1.08445e-05
1235,1.08445e-05
1236,1.0813e-05
1237,1.08121e-05
1238,1.08574e-05
1239,1.0888e-05
1240,1.0888e-05
1241,1.09595e-05
1242,1.08739e-05
1243,1.09963e-05
1244,1.09086e-05
1245,1.11683e-05
1246,1.117e-05
1247,1.11055e-05
1248,1.11742e-05
1249,1.12574e-05
1250,1.10836e-05
1251,1.09517e-05
1252,1.10488e-05
1253,1.10488e-05
1254,1.10073e-05
1255,1.12246e-05
1256,1.11037e-05
1257,1.11037e-05
1258,1.1455e-05
1259,1.11221e-05
1260,1.124e-05
1261,1.10626e-05
1262,1.10281e-05
1263,1.10281e-05
1264,1.09406e-05
1265,1.10003e-05
1266,1.12103e-05
1267,1.13488e-05
1268,1.11997e-05
1269,1.12224e-05
1270,1.13029e-05
1271,1.15042e-05
1272,1.15042e-05
1273,1.12676e-05
1274,1.12528e-05
1275,1.10984e-05
1276,1.13299e-05
1277,1.13299e-05
1278,1.14298e-05
1279,1.15214e-05
1280,1.14941e-05
1281,1.10656e-05
1282,1.09735e-05
1283,1.1043e-05
1284,1.1043e-05
1285,1.10843e-05
1286,1.10155e-05
1287,1.10155e-05
1288,1.12042e-05
1289,1.09744e-05
1290,1.10638e-05
1291,1.11045e-05
1292,1.10396e-05
1293,1.10057e-05
1294,1.0928e-05
1295,1.0908e-05
1296,1.07111e-05
1297,1.07358e-05
1298,1.08603e-05
1299,1.08011e-05
1300,1.08094e-05
1301,1.09605e-05
1302,1.10276e-05
1303,1.11033e-05
1304,1.09441e-05
1305,1.09441e-05
1306,1.09441e-05
1307,1.09472e-05
1308,1.08739e-05
1309,1.08813e-05
1310,1.10348e-05
1311,1.1241e-05
1312,1.11596e-05
1313,1.10631e-05
1314,1.09013e-05
1315,1.08064e-05
1316,1.07563e-05
1317,1.06818e-05
1318,1.07732e-05
1319,1.08097e-05
1320,1.07996e-05
1321,1.08308e-05
1322,1.10467e-05
1323,1.10467e-05
1324,1.09111e-05
1325,1.09111e-05
1326,1.10155e-05
1327,1.10079e-05
1328,1.10079e-05
1329,1.10624e-05
1330,1.09613e-05
1331,1.09671e-05
1332,1.11465e-05
1333,1.11465e-05
1334,1.0989e-05
1335,1.10226e-05
1336,1.08939e-05
1337,1.10988e-05
1338,1.10185e-05
1339,1.0818e-05
1340,1.0723e-05
1341,1.07716e-05
1342,1.08747e-05
1343,1.08865e-05
1344,1.11465e-05
1345,1.096e-05
1346,1.13357e-05
1347,1.12479e-05
1348,1.14913e-05
1349,1.13863e-05
1350,1.13284e-05
1351,1.13116e-05
1352,1.12526e-05
1353,1.11669e-05
1354,1.11965e-05
1355,1.09158e-05
1356,1.10466e-05
1357,1.11581e-05
1358,1.10402e-05
1359,1.09296e-05
1360,1.09852e-05
1361,1.10846e-05
1362,1.09749e-05
1363,1.11699e-05
1364,1.12896e-05
1365,1.10705e-05
1366,1.10696e-05
1367,1.10738e-05
1368,1.10024e-05
1369,1.10116e-05
1370,1.10808e-05
1371,1.07951e-05
1372,1.08938e-05
1373,1.08408e-05
1374,1.07451e-05
1375,1.09712e-05
1376,1.09709e-05
1377,1.07662e-05
1378,1.09263e-05
1379,1.09529e-05
1380,1.1082e-05
1381,1.09657e-05
1382,1.08146e-05
1383,1.08146e-05
1384,1.09796e-05
1385,1.09796e-05
1386,1.10341e-05
1387,1.09913e-05
1388,1.08958e-05
1389,1.08459e-05
1390,1.09225e-05
1391,1.09225e-05
1392,1.09225e-05
1393,1.09653e-05
1394,1.0882e-05
1395,1.10362e-05
1396,1.10054e-05
1397,1.10597e-05
1398,1.11027e-05
1399,1.11027e-05
1400,1.13106e-05
1401,1.11618e-05
1402,1.10766e-05
1403,1.09632e-05
1404,1.09632e-05
1405,1.09364e-05
1406,1.11259e-05
1407,1.10909e-05
1408,1.09535e-05
1409,1.09133e-05
1410,1.09664e-05
1411,1.0836e-05
1412,1.0836e-05
1413,1.06325e-05
1414,1.06717e-05
1415,1.06717e-05
1416,1.06717e-05
1417,1.07472e-05
1418,1.08229e-05
1419,1.0737e-05
1420,1.07645e-05
1421,1.07645e-05
1422,1.05418e-05
1423,1.0771e-05
1424,1.08084e-05
1425,1.08991e-05
1426,1.08181e-05
1427,1.08897e-05
1428,1.10106e-05
1429,1.06893e-05
1430,1.08316e-05
1431,1.06798e-05
1432,1.08304e-05
1433,1.07783e-05
1434,1.07396e-05
1435,1.08024e-05
1436,1.07216e-05
1437,1.07216e-05
1438,1.08179e-05
1439,1.08179e-05
1440,1.09105e-05
1441,1.08258e-05
1442,1.06977e-05
1443,1.08644e-05
1444,1.08644e-05
1445,1.10621e-05
1446,1.10871e-05
1447,1.08288e-05
1448,1.07798e-05
1449,1.10621e-05
1450,1.11001e-05
1451,1.10707e-05
1452,1.10651e-05
1453,1.10077e-05
1454,1.1223e-05
1455,1.11745e-05
1456,1.12202e-05
1457,1.11903e-05
1458,1.10182e-05
1459,1.10894e-05
1460,1.09471e-05
1461,1.09189e-05
1462,1.08642e-05
1463,1.08183e-05
1464,1.08688e-05
1465,1.10373e-05
1466,1.09072e-05
1467,1.0866e-05
1468,1.09734e-05
1469,1.12059e-05
1470,1.11107e-05
1471,1.10006e-05
1472,1.10298e-05
1473,1.09634e-05
1474,1.10671e-05
1475,1.10557e-05
1476,1.10557e-05
1477,1.10579e-05
1478,1.12065e-05
1479,1.10471e-05
1480,1.10948e-05
1481,1.11234e-05
1482,1.09657e-05
1483,1.0923e-05
1484,1.0923e-05
1485,1.10714e-05
1486,1.09705e-05
1487,1.11039e-05
1488,1.08997e-05
1489,1.1089e-05
1490,1.1162e-05
1491,1.11265e-05
1492,1.09358e-05
1493,1.09358e-05
1494,1.09112e-05
1495,1.0924e-05
1496,1.0924e-05
1497,1.09173e-05
1498,1.09173e-05
1499,1.09855e-05
1500,1.07687e-05
1501,1.0836e-05
1502,1.11668e-05
1503,1.10294e-05
1504,1.09967e-05
1505,1.08969e-05
1506,1.09915e-05
1507,1.1001e-05
1508,1.09127e-05
1509,1.10021e-05
1510,1.09962e-05
1511,1.122e-05
1512,1.122e-05
1513,1.122e-05
1514,1.122e-05
1515,1.122e-05
1516,1.10985e-05
1517,1.09345e-05
1518,1.09345e-05
1519,1.09662e-05
1520,1.1083e-05
1521,1.11331e-05
1522,1.11909e-05
1523,1.11909e-05
1524,1.10643e-05
1525,1.13027e-05
1526,1.13027e-05
1527,1.10777e-05
1528,1.10138e-05
1529,1.12273e-05
1530,1.12629e-05
1531,1.13639e-05
1532,1.11976e-05
1533,1.11241e-05
1534,1.11238e-05
1535,1.1283e-05
1536,1.1283e-05
1537,1.13856e-05
1538,1.1506e-05
1539,1.1506e-05
1540,1.12671e-05
1541,1.14075e-05
1542,1.14075e-05
1543,1.11386e-05
1544,1.11386e-05
1545,1.11407e-05
1546,1.1242e-05
1547,1.11502e-05
1548,1.11502e-05
1549,1.12225e-05
1550,1.11339e-05
1551,1.11296e-05
1552,1.10516e-05
1553,1.12389e-05
1554,1.12839e-05
1555,1.09633e-05
1556,1.09633e-05
1557,1.09577e-05
1558,1.09039e-05
1559,1.09874e-05
1560,1.08379e-05
1561,1.08561e-05
1562,1.06751e-05
1563,1.08208e-05
1564,1.0717e-05
1565,1.07782e-05
1566,1.07648e-05
1567,1.07058e-05
1568,1.07741e-05
1569,1.07805e-05
1570,1.09036e-05
1571,1.08096e-05
1572,1.08096e-05
1573,1.08096e-05
1574,1.10823e-05
1575,1.08513e-05
1576,1.08513e-05
1577,1.06623e-05
1578,1.05469e-05
1579,1.07352e-05
1580,1.06686e-05
1581,1.08448e-05
1582,1.07726e-05
1583,1.08666e-05
1584,1.08595e-05
1585,1.08364e-05
1586,1.08364e-05
1587,1.08364e-05
1588,1.08364e-05
1589,1.08802e-05
1590,1.08035e-05
1591,1.08035e-05
1592,1.07408e-05
1593,1.09938e-05
1594,1.06392e-05
1595,1.08314e-05
1596,1.08534e-05
1597,1.08534e-05
1598,1.09264e-05
1599,1.10184e-05
1600,1.09593e-05
1601,1.09593e-05
1602,1.10075e-05
1603,1.10745e-05
1604,1.10745e-05
1605,1.10888e-05
1606,1.10888e-05
1607,1.09727e-05
1608,1.08958e-05
1609,1.10159e-05
1610,1.09012e-05
1611,1.08381e-05
1612,1.07436e-05
1613,1.09509e-05
1614,1.10258e-05
1615,1.08794e-05
1616,1.0974e-05
1617,1.09623e-05
1618,1.09523e-05
1619,1.10261e-05
1620,1.09936e-05
1621,1.10026e-05
1622,1.09989e-05
1623,1.09989e-05
1624,1.09905e-05
1625,1.09317e-05
1626,1.10796e-05
1627,1.10307e-05
1628,1.13918e-05
1629,1.1325e-05
1630,1.13209e-05
1631,1.14086e-05
1632,1.12852e-05
1633,1.12852e-05
1634,1.11972e-05
1635,1.13498e-05
1636,1.11389e-05
1637,1.11505e-05
1638,1.11102e-05
1639,1.11102e-05
1640,1.11359e-05
1641,1.10558e-05
1642,1.09379e-05
1643,1.11796e-05
1644,1.10536e-05
1645,1.09041e-05
1646,1.09169e-05
1647,1.08899e-05
1648,1.08206e-05
1649,1.07185e-05
1650,1.07185e-05
1651,1.0766e-05
1652,1.0766e-05
1653,1.08678e-05
1654,1.0839e-05
1655,1.0839e-05
1656,1.08247e-05
1657,1.08885e-05
1658,1.08885e-05
1659,1.09174e-05
1660,1.07894e-05
1661,1.09241e-05
1662,1.10156e-05
1663,1.11715e-05
1664,1.11561e-05
1665,1.11561e-05
1666,1.10808e-05
1667,1.1355e-05
1668,1.11724e-05
1669,1.11724e-05
1670,1.1274e-05
1671,1.10036e-05
1672,1.11673e-05
1673,1.10921e-05
1674,1.09703e-05
1675,1.09703e-05
1676,1.10798e-05
1677,1.1008e-05
1678,1.09382e-05
1679,1.09382e-05
1680,1.07363e-05
1681,1.07363e-05
1682,1.08089e-05
1683,1.07421e-05
1684,1.09339e-05
1685,1.09896e-05
1686,1.11169e-05
1687,1.10406e-05
1688,1.08766e-05
1689,1.08583e-05
1690,1.0636e-05
1691,1.06025e-05
1692,1.07363e-05
1693,1.08119e-05
1694,1.0816e-05
1695,1.08587e-05
1696,1.07493e-05
1697,1.087e-05
1698,1.08036e-05
1699,1.09298e-05
1700,1.09432e-05
1701,1.088e-05
1702,1.08932e-05
1703,1.09484e-05
1704,1.07835e-05
1705,1.07995e-05
1706,1.07175e-05
1707,1.09691e-05
1708,1.09883e-05
1709,1.09164e-05
1710,1.09164e-05
1711,1.09609e-05
1712,1.09645e-05
1713,1.09645e-05
1714,1.09237e-05
1715,1.1236e-05
1716,1.13093e-05
1717,1.13239e-05
1718,1.11883e-05
1719,1.10687e-05
1720,1.1151e-05
1721,1.1151e-05
1722,1.1215e-05
1723,1.11902e-05
1724,1.09815e-05
1725,1.08706e-05
1726,1.08322e-05
1727,1.08322e-05
1728,1.08609e-05
1729,1.09711e-05
1730,1.08336e-05
1731,1.06192e-05
1732,1.06192e-05
1733,1.08906e-05
1734,1.08005e-05
1735,1.09855e-05
1736,1.08677e-05
1737,1.10356e-05
1738,1.09073e-05
1739,1.11143e-05
1740,1.11143e-05
1741,1.10457e-05
1742,1.12573e-05
1743,1.12122e-05
1744,1.10937e-05
1745,1.12001e-05
1746,1.10593e-05
1747,1.09221e-05
1748,1.10332e-05
1749,1.09961e-05
1750,1.09192e-05
1751,1.08377e-05
1752,1.08472e-05
1753,1.08472e-05
1754,1.08951e-05
1755,1.08788e-05
1756,1.07713e-05
1757,1.07734e-05
1758,1.088e-05
1759,1.0992e-05
1760,1.10265e-05
1761,1.12434e-05
1762,1.10532e-05
1763,1.10361e-05
1764,1.09425e-05
1765,1.09425e-05
1766,1.10211e-05
1767,1.11778e-05
1768,1.11474e-05
1769,1.11474e-05
1770,1.13315e-05
1771,1.13315e-05
1772,1.13204e-05
1773,1.16219e-05
1774,1.17446e-05
1775,1.17577e-05
1776,1.17577e-05
1777,1.1502e-05
1778,1.17487e-05
1779,1.16356e-05
1780,1.15509e-05
1781,1.13896e-05
1782,1.16508e-05
1783,1.14764e-05
1784,1.14764e-05
1785,1.14764e-05
1786,1.16742e-05
1787,1.15737e-05
1788,1.12061e-05
1789,1.12061e-05
1790,1.14937e-05
1791,1.14364e-05
1792,1.16554e-05
1793,1.1627e-05
1794,1.15297e-05
1795,1.16638e-05
1796,1.16638e-05
1797,1.18758e-05
1798,1.20691e-05
1799,1.15249e-05
1800,1.19914e-05
1801,1.13985e-05
1802,1.1498e-05
1803,1.15051e-05
1804,1.1411e-05
1805,1.14595e-05
1806,1.1441e-05
1807,1.151e-05
1808,1.151e-05
1809,1.15297e-05
1810,1.13829e-05
1811,1.15585e-05
1812,1.15585e-05
1813,1.16769e-05
1814,1.17035e-05
1815,1.17035e-05
1816,1.17035e-05
1817,1.15242e-05
1818,1.15242e-05
1819,1.14945e-05
1820,1.16099e-05
1821,1.16493e-05
1822,1.18341e-05
1823,1.18341e-05
1824,1.16157e-05
1825,1.18092e-05
1826,1.18879e-05
1827,1.18837e-05
1828,1.1934e-05
1829,1.19297e-05
1830,1.15012e-05
1831,1.15266e-05
1832,1.14983e-05
1833,1.16442e-05
1834,1.13959e-05
1835,1.14222e-05
1836,1.14897e-05
1837,1.13935e-05
1838,1.13062e-05
1839,1.13062e-05
1840,1.12509e-05
1841,1.10856e-05
1842,1.10856e-05
1843,1.08449e-05
1844,1.08449e-05
1845,1.07708e-05
1846,1.08339e-05
1847,1.08693e-05
1848,1.08471e-05
1849,1.08884e-05
1850,1.09192e-05
1851,1.09825e-05
1852,1.09484e-05
1853,1.08355e-05
1854,1.0782e-05
1855,1.07114e-05
1856,1.08566e-05
1857,1.07184e-05
1858,1.07626e-05
1859,1.07626e-05
1860,1.09373e-05
1861,1.10138e-05
1862,1.10138e-05
1863,1.08215e-05
1864,1.09343e-05
1865,1.09471e-05
1866,1.10306e-05
1867,1.09831e-05
1868,1.09703e-05
1869,1.09703e-05
1870,1.08963e-05
1871,1.10075e-05
1872,1.08918e-05
1873,1.09238e-05
1874,1.11231e-05
1875,1.10196e-05
1876,1.10196e-05
1877,1.10392e-05
1878,1.10496e-05
1879,1.1076e-05
1880,1.10871e-05
1881,1.10871e-05
1882,1.11546e-05
1883,1.10235e-05
1884,1.10235e-05
1885,1.10235e-05
1886,1.10466e-05
1887,1.10897e-05
1888,1.1101e-05
1889,1.10188e-05
1890,1.10852e-05
1891,1.10852e-05
1892,1.10626e-05
1893,1.10626e-05
1894,1.10674e-05
1895,1.11751e-05
1896,1.11433e-05
1897,1.11433e-05
1898,1.11433e-05
1899,1.09346e-05
1900,1.09346e-05
1901,1.09838e-05
1902,1.09838e-05
1903,1.09188e-05
1904,1.09188e-05
1905,1.09774e-05
1906,1.11061e-05
1907,1.08904e-05
1908,1.10261e-05
1909,1.11129e-05
1910,1.10897e-05
1911,1.11934e-05
1912,1.11934e-05
1913,1.14226e-05
1914,1.1269e-05
1915,1.12958e-05
1916,1.11847e-05
1917,1.11358e-05
1918,1.09313e-05
1919,1.1023e-05
1920,1.09888e-05
1921,1.08186e-05
1922,1.08186e-05
1923,1.07819e-05
1924,1.06631e-05
1925,1.06631e-05
1926,1.07157e-05
1927,1.0777e-05
1928,1.06555e-05
1929,1.07438e-05
1930,1.07672e-05
1931,1.074e-05
1932,1.074e-05
1933,1.074e-05
1934,1.07879e-05
1935,1.07879e-05
1936,1.07862e-05
1937,1.08155e-05
1938,1.09254e-05
1939,1.09568e-05
1940,1.11829e-05
1941,1.11254e-05
1942,1.11797e-05
1943,1.10264e-05
1944,1.10932e-05
1945,1.1024e-05
1946,1.12041e-05
1947,1.08915e-05
1948,1.11205e-05
1949,1.10326e-05
1950,1.10618e-05
1951,1.11488e-05
1952,1.11488e-05
1953,1.12467e-05
1954,1.14379e-05
1955,1.13444e-05
1956,1.14457e-05
1957,1.12512e-05
1958,1.11754e-05
1959,1.12433e-05
1960,1.11799e-05
1961,1.10996e-05
1962,1.11324e-05
1963,1.10634e-05
1964,1.09654e-05
1965,1.09658e-05
1966,1.09337e-05
1967,1.10123e-05
1968,1.08873e-05
1969,1.08873e-05
1970,1.08873e-05
1971,1.08873e-05
1972,1.10171e-05
1973,1.08664e-05
1974,1.10956e-05
1975,1.12054e-05
1976,1.1188e-05
1977,1.12243e-05
1978,1.13972e-05
1979,1.13972e-05
1980,1.12172e-05
1981,1.12442e-05
1982,1.14828e-05
1983,1.15694e-05
1984,1.1554e-05
1985,1.13572e-05
1986,1.13551e-05
1987,1.10448e-05
1988,1.14735e-05
1989,1.14753e-05
1990,1.14753e-05
1991,1.14386e-05
1992,1.16104e-05
1993,1.16409e-05
1994,1.12722e-05
1995,1.11195e-05
1996,1.12013e-05
1997,1.11089e-05
1998,1.11089e-05
1999,1.11089e-05
2000,1.11257e-05
2001,1.10944e-05
2002,1.12541e-05
2003,1.10833e-05
2004,1.11697e-05
2005,1.10152e-05
2006,1.10122e-05
2007,1.09972e-05
2008,1.10527e-05
2009,1.10047e-05
2010,1.0933e-05
2011,1.08538e-05
2012,1.08538e-05
2013,1.08603e-05
2014,1.08052e-05
2015,1.09578e-05
2016,1.08588e-05
2017,1.08957e-05
2018,1.10116e-05
2019,1.08563e-05
2020,1.10125e-05
2021,1.10673e-05
2022,1.11335e-05
2023,1.11335e-05
2024,1.1068e-05
2025,1.10941e-05
2026,1.12964e-05
2027,1.13071e-05
2028,1.13071e-05
2029,1.12591e-05
2030,1.10644e-05
2031,1.12161e-05
2032,1.0965e-05
2033,1.0965e-05
2034,1.10586e-05
2035,1.09624e-05
2036,1.07681e-05
2037,1.08016e-05
2038,1.0684e-05
2039,1.08318e-05
2040,1.08207e-05
2041,1.07658e-05
2042,1.09936e-05
2043,1.10303e-05
2044,1.10303e-05
2045,1.10303e-05
2046,1.10974e-05
2047,1.08476e-05
2048,1.09846e-05
2049,1.07328e-05
2050,1.07937e-05
2051,1.11544e-05
2052,1.13949e-05
2053,1.14519e-05
2054,1.14905e-05
2055,1.15894e-05
2056,1.1421e-05
2057,1.12451e-05
2058,1.12253e-05
2059,1.10415e-05
2060,1.10415e-05
2061,1.10415e-05
2062,1.09695e-05
2063,1.12561e-05
2064,1.10349e-05
2065,1.10652e-05
2066,1.10647e-05
2067,1.11914e-05
2068,1.11831e-05
2069,1.10929e-05
2070,1.09207e-05
2071,1.09207e-05
2072,1.09506e-05
2073,1.09506e-05
2074,1.10717e-05
2075,1.1033e-05
2076,1.10928e-05
2077,1.08588e-05
2078,1.07069e-05
2079,1.08404e-05
2080,1.11145e-05
2081,1.09945e-05
2082,1.08878e-05
2083,1.10698e-05
2084,1.09796e-05
2085,1.08951e-05
2086,1.08951e-05
2087,1.09506e-05
2088,1.10085e-05
2089,1.07378e-05
2090,1.07378e-05
2091,1.07059e-05
2092,1.07656e-05
2093,1.07255e-05
2094,1.10755e-05
2095,1.09271e-05
2096,1.09003e-05
2097,1.09932e-05
2098,1.13425e-05
2099,1.10284e-05
2100,1.10284e-05
2101,1.12125e-05
2102,1.11173e-05
2103,1.11387e-05
2104,1.11179e-05
2105,1.10985e-05
2106,1.11518e-05
2107,1.10559e-05
2108,1.10984e-05
2109,1.09117e-05
2110,1.09413e-05
2111,1.09642e-05
2112,1.11514e-05
2113,1.10996e-05
2114,1.11506e-05
2115,1.11585e-05
2116,1.11484e-05
2117,1.09909e-05
2118,1.10928e-05
2119,1.11815e-05
2120,1.11815e-05
2121,1.09831e-05
2122,1.10839e-05
2123,1.09755e-05
2124,1.09617e-05
2125,1.09303e-05
2126,1.12301e-05
2127,1.10241e-05
2128,1.09864e-05
2129,1.10011e-05
2130,1.11755e-05
2131,1.09892e-05
2132,1.10044e-05
2133,1.11053e-05
2134,1.11525e-05
2135,1.11523e-05
2136,1.09771e-05
2137,1.09771e-05
2138,1.08819e-05
2139,1.09194e-05
2140,1.09278e-05
2141,1.10227e-05
2142,1.1009e-05
2143,1.09474e-05
2144,1.11302e-05
2145,1.10152e-05
2146,1.11306e-05
2147,1.10145e-05
2148,1.1215e-05
2149,1.12825e-05
2150,1.12825e-05
2151,1.09674e-05
2152,1.09594e-05
2153,1.09594e-05
2154,1.10379e-05
2155,1.11336e-05
2156,1.08872e-05
2157,1.08872e-05
2158,1.08872e-05
2159,1.08872e-05
2160,1.08945e-05
2161,1.09814e-05
2162,1.07471e-05
2163,1.08448e-05
2164,1.08604e-05
2165,1.08604e-05
2166,1.08458e-05
2167,1.0852e-05
2168,1.09275e-05
2169,1.12858e-05
2170,1.12858e-05
2171,1.12578e-05
2172,1.1395e-05
2173,1.11928e-05
2174,1.10122e-05
2175,1.1063e-05
2176,1.11432e-05
2177,1.10012e-05
2178,1.11324e-05
2179,1.11905e-05
2180,1.1189e-05
2181,1.09111e-05
2182,1.10142e-05
2183,1.08507e-05
2184,1.11244e-05
2185,1.10587e-05
2186,1.1112e-05
2187,1.12345e-05
2188,1.13265e-05
2189,1.11786e-05
2190,1.12077e-05
2191,1.10114e-05
2192,1.08855e-05
2193,1.08929e-05
2194,1.0866e-05
2195,1.067e-05
2196,1.08486e-05
2197,1.09339e-05
2198,1.08722e-05
2199,1.08908e-05
2200,1.08908e-05
2201,1.09367e-05
2202,1.07107e-05
2203,1.07107e-05
2204,1.08046e-05
2205,1.0847e-05
2206,1.10049e-05
2207,1.1033e-05
2208,1.10579e-05
2209,1.10579e-05
2210,1.12863e-05
2211,1.14192e-05
2212,1.0929e-05
2213,1.0951e-05
2214,1.08994e-05
2215,1.08607e-05
2216,1.08604e-05
2217,1.08604e-05
2218,1.09156e-05
2219,1.09419e-05
2220,1.09419e-05
2221,1.10262e-05
2222,1.08243e-05
2223,1.08243e-05
2224,1.0895e-05
2225,1.05826e-05
2226,1.06336e-05
2227,1.06336e-05
2228,1.06336e-05
2229,1.06336e-05
2230,1.07007e-05
2231,1.06795e-05
2232,1.06171e-05
2233,1.06759e-05
2234,1.0704e-05
2235,1.08691e-05
2236,1.08977e-05
2237,1.09118e-05
2238,1.10252e-05
2239,1.10252e-05
2240,1.10252e-05
2241,1.09565e-05
2242,1.11808e-05
2243,1.09772e-05
2244,1.09304e-05
2245,1.09201e-05
2246,1.07926e-05
2247,1.07926e-05
2248,1.07835e-05
2249,1.07835e-05
2250,1.08579e-05
2251,1.08579e-05
2252,1.08146e-05
2253,1.08965e-05
2254,1.08507e-05
2255,1.07106e-05
2256,1.06947e-05
2257,1.07242e-05
2258,1.07242e-05
2259,1.0793e-05
2260,1.0793e-05
2261,1.0793e-05
2262,1.07519e-05
2263,1.06831e-05
2264,1.08163e-05
2265,1.09887e-05
2266,1.11881e-05
2267,1.10151e-05
2268,1.08272e-05
2269,1.09132e-05
2270,1.09697e-05
2271,1.10604e-05
2272,1.10014e-05
2273,1.11163e-05
2274,1.09454e-05
2275,1.13194e-05
2276,1.13194e-05
2277,1.1134e-05
2278,1.11509e-05
2279,1.10284e-05
2280,1.10031e-05
2281,1.08561e-05
2282,1.08793e-05
2283,1.08793e-05
2284,1.08793e-05
2285,1.09209e-05
2286,1.068e-05
2287,1.068e-05
2288,1.0719e-05
2289,1.08813e-05
2290,1.06275e-05
2291,1.07475e-05
2292,1.08985e-05
2293,1.07231e-05
2294,1.10592e-05
2295,1.11015e-05
2296,1.08948e-05
2297,1.08883e-05
2298,1.09217e-05
2299,1.08339e-05
2300,1.08078e-05
2301,1.08179e-05
2302,1.09109e-05
2303,1.0888e-05
2304,1.09724e-05
2305,1.11139e-05
2306,1.10602e-05
2307,1.10421e-05
2308,1.10002e-05
2309,1.10992e-05
2310,1.0934e-05
2311,1.10041e-05
2312,1.08228e-05
2313,1.09227e-05
2314,1.08695e-05
2315,1.09182e-05
2316,1.09182e-05
2317,1.09122e-05
2318,1.08969e-05
2319,1.08969e-05
2320,1.07673e-05
2321,1.0837e-05
2322,1.07547e-05
2323,1.08737e-05
2324,1.092e-05
2325,1.08498e-05
2326,1.07463e-05
2327,1.07418e-05
2328,1.0818e-05
2329,1.0818e-05
2330,1.10048e-05
2331,1.07098e-05
2332,1.077e-05
2333,1.077e-05
2334,1.077e-05
2335,1.09267e-05
2336,1.09267e-05
2337,1.10234e-05
2338,1.1182e-05
2339,1.10124e-05
2340,1.09284e-05
2341,1.09284e-05
2342,1.09284e-05
2343,1.09284e-05
2344,1.12359e-05
2345,1.09701e-05
2346,1.09701e-05
2347,1.07963e-05
2348,1.08198e-05
2349,1.08162e-05
2350,1.071e-05
2351,1.071e-05
2352,1.05373e-05
2353,1.06453e-05
2354,1.06277e-05
2355,1.07518e-05
2356,1.09993e-05
2357,1.09993e-05
2358,1.08143e-05
2359,1.08143e-05
2360,1.06772e-05
2361,1.07354e-05
2362,1.06236e-05
2363,1.09421e-05
2364,1.09421e-05
2365,1.09421e-05
2366,1.09421e-05
2367,1.09421e-05
2368,1.0758e-05
2369,1.06848e-05
2370,1.06848e-05
2371,1.06755e-05
2372,1.08919e-05
2373,1.09603e-05
2374,1.09854e-05
2375,1.09035e-05
2376,1.09035e-05
2377,1.09035e-05
2378,1.08469e-05
2379,1.07137e-05
2380,1.08009e-05
2381,1.08009e-05
2382,1.07545e-05
2383,1.06826e-05
2384,1.06826e-05
2385,1.07479e-05
2386,1.06441e-05
2387,1.08972e-05
2388,1.09154e-05
2389,1.10809e-05
2390,1.08858e-05
2391,1.08858e-05
2392,1.09338e-05
2393,1.09462e-05
2394,1.0809e-05
2395,1.08355e-05
2396,1.08355e-05
2397,1.0759e-05
2398,1.0759e-05
2399,1.07968e-05
2400,1.08991e-05
2401,1.07088e-05
2402,1.07916e-05
2403,1.07916e-05
2404,1.09013e-05
2405,1.08113e-05
2406,1.09064e-05
2407,1.06987e-05
2408,1.07949e-05
2409,1.07949e-05
2410,1.09217e-05
2411,1.09217e-05
2412,1.09217e-05
2413,1.09217e-05
2414,1.08955e-05
2415,1.08955e-05
2416,1.08955e-05
2417,1.09507e-05
2418,1.09507e-05
2419,1.09969e-05
2420,1.12445e-05
2421,1.10251e-05
2422,1.10251e-05
2423,1.09017e-05
2424,1.10819e-05
2425,1.10107e-05
2426,1.10107e-05
2427,1.09211e-05
2428,1.10902e-05
2429,1.12172e-05
2430,1.12172e-05
2431,1.10317e-05
2432,1.11716e-05
2433,1.12749e-05
2434,1.11521e-05
2435,1.12507e-05
2436,1.13812e-05
2437,1.11756e-05
2438,1.11554e-05
2439,1.11554e-05
2440,1.11554e-05
2441,1.10054e-05
2442,1.12064e-05
2443,1.10134e-05
2444,1.09591e-05
2445,1.10821e-05
2446,1.12562e-05
2447,1.14058e-05
2448,1.12668e-05
2449,1.13867e-05
2450,1.14666e-05
2451,1.1249e-05
2452,1.10266e-05
2453,1.10002e-05
2454,1.10445e-05
2455,1.10877e-05
2456,1.10503e-05
2457,1.09018e-05
2458,1.10155e-05
2459,1.12673e-05
2460,1.10849e-05
2461,1.127e-05
2462,1.127e-05
2463,1.13544e-05
2464,1.15563e-05
2465,1.13875e-05
2466,1.12557e-05
2467,1.12891e-05
2468,1.15285e-05
2469,1.11273e-05
2470,1.11227e-05
2471,1.11227e-05
2472,1.1083e-05
2473,1.09632e-05
2474,1.09632e-05
2475,1.10969e-05
2476,1.11216e-05
2477,1.11216e-05
2478,1.09152e-05
2479,1.11373e-05
2480,1.12335e-05
2481,1.1141e-05
2482,1.11157e-05
2483,1.11506e-05
2484,1.11025e-05
2485,1.09786e-05
2486,1.11501e-05
2487,1.12126e-05
2488,1.12498e-05
2489,1.13314e-05
2490,1.13314e-05
2491,1.14873e-05
2492,1.14873e-05
2493,1.15244e-05
2494,1.15244e-05
2495,1.17349e-05
2496,1.17349e-05
2497,1.17349e-05
2498,1.1386e-05
2499,1.13283e-05
2500,1.124e-05
2501,1.09793e-05
2502,1.10522e-05
2503,1.09594e-05
2504,1.09712e-05
2505,1.10826e-05
2506,1.1059e-05
2507,1.12118e-05
2508,1.09698e-05
2509,1.10934e-05
2510,1.12211e-05
2511,1.14771e-05
2512,1.14771e-05
2513,1.1306e-05
2514,1.11424e-05
2515,1.11424e-05
2516,1.11662e-05
2517,1.12039e-05
2518,1.13315e-05
2519,1.13315e-05
2520,1.14387e-05
2521,1.1391e-05
2522,1.1391e-05
2523,1.1391e-05
2524,1.1391e-05
2525,1.1391e-05
2526,1.1391e-05
2527,1.15432e-05
2528,1.13072e-05
2529,1.13895e-05
2530,1.12061e-05
2531,1.15696e-05
2532,1.14436e-05
2533,1.13719e-05
2534,1.1368e-05
2535,1.12413e-05
2536,1.1096e-05
2537,1.10653e-05
2538,1.14359e-05
2539,1.13923e-05
2540,1.13923e-05
2541,1.12899e-05
2542,1.11317e-05
2543,1.12417e-05
2544,1.14232e-05
2545,1.125e-05
2546,1.13675e-05
2547,1.1394e-05
2548,1.13081e-05
2549,1.13081e-05
2550,1.12518e-05
2551,1.14197e-05
2552,1.14676e-05
2553,1.14908e-05
2554,1.14924e-05
2555,1.16622e-05
2556,1.16622e-05
2557,1.16622e-05
2558,1.19307e-05
2559,1.15475e-05
2560,1.18887e-05
2561,1.19615e-05
2562,1.22088e-05
2563,1.22088e-05
2564,1.21974e-05
2565,1.21974e-05
2566,1.21974e-05
2567,1.21974e-05
2568,1.19444e-05
2569,1.20108e-05
2570,1.19569e-05
2571,1.2015e-05
2572,1.19662e-05
2573,1.22495e-05
2574,1.21133e-05
2575,1.22513e-05
2576,1.21332e-05
2577,1.17021e-05
2578,1.17151e-05
2579,1.17418e-05
2580,1.18682e-05
2581,1.18682e-05
2582,1.18178e-05
2583,1.18178e-05
2584,1.18178e-05
2585,1.18937e-05
2586,1.177e-05
2587,1.17757e-05
2588,1.19836e-05
2589,1.21323e-05
2590,1.19557e-05
2591,1.19591e-05
2592,1.21996e-05
2593,1.20254e-05
2594,1.22716e-05
2595,1.22716e-05
2596,1.23471e-05
2597,1.22311e-05
2598,1.22311e-05
2599,1.1871e-05
2600,1.19267e-05
2601,1.18764e-05
2602,1.20037e-05
2603,1.23603e-05
2604,1.2145e-05
2605,1.23494e-05
2606,1.22608e-05
2607,1.20359e-05
2608,1.19452e-05
2609,1.18319e-05
2610,1.18352e-05
2611,1.22236e-05
2612,1.20194e-05
2613,1.17268e-05
2614,1.17268e-05
2615,1.17268e-05
2616,1.1422e-05
2617,1.17142e-05
2618,1.18665e-05
2619,1.18566e-05
2620,1.18436e-05
2621,1.17836e-05
2622,1.16768e-05
2623,1.16045e-05
2624,1.15017e-05
2625,1.12567e-05
2626,1.12567e-05
2627,1.11107e-05
2628,1.11107e-05
2629,1.11229e-05
2630,1.1409e-05
2631,1.15218e-05
2632,1.14026e-05
2633,1.15026e-05
2634,1.1299e-05
2635,1.12857e-05
2636,1.14231e-05
2637,1.13379e-05
2638,1.14224e-05
2639,1.14456e-05
2640,1.15927e-05
2641,1.15969e-05
2642,1.15969e-05
2643,1.15969e-05
2644,1.14742e-05
2645,1.15476e-05
2646,1.12327e-05
2647,1.10736e-05
2648,1.11299e-05
2649,1.11499e-05
2650,1.13225e-05
2651,1.1075e-05
2652,1.10357e-05
2653,1.10357e-05
2654,1.10489e-05
2655,1.12174e-05
2656,1.11014e-05
2657,1.08043e-05
2658,1.07376e-05
2659,1.07175e-05
2660,1.08772e-05
2661,1.08528e-05
2662,1.10506e-05
2663,1.08901e-05
2664,1.1175e-05
2665,1.11112e-05
2666,1.10514e-05
2667,1.10514e-05
2668,1.09018e-05
2669,1.10779e-05
2670,1.09425e-05
2671,1.09425e-05
2672,1.12584e-05
2673,1.12231e-05
2674,1.12929e-05
2675,1.11894e-05
2676,1.11082e-05
2677,1.11082e-05
2678,1.11082e-05
2679,1.09207e-05
2680,1.08669e-05
2681,1.10355e-05
2682,1.1257e-05
2683,1.10397e-05
2684,1.10397e-05
2685,1.1189e-05
2686,1.10303e-05
2687,1.10303e-05
2688,1.10199e-05
2689,1.11313e-05
2690,1.11313e-05
2691,1.09442e-05
2692,1.10748e-05
2693,1.10748e-05
2694,1.10748e-05
2695,1.10748e-05
2696,1.09647e-05
2697,1.09647e-05
2698,1.09752e-05
2699,1.09981e-05
2700,1.09981e-05
2701,1.09981e-05
2702,1.09083e-05
2703,1.0963e-05
2704,1.08662e-05
2705,1.08252e-05
2706,1.07123e-05
2707,1.07357e-05
2708,1.06506e-05
2709,1.08969e-05
2710,1.08577e-05
2711,1.08342e-05
2712,1.09596e-05
2713,1.09596e-05
2714,1.08376e-05
2715,1.08796e-05
2716,1.08796e-05
2717,1.07997e-05
2718,1.07714e-05
2719,1.08041e-05
2720,1.08862e-05
2721,1.09042e-05
2722,1.09659e-05
2723,1.09506e-05
2724,1.09587e-05
2725,1.09587e-05
2726,1.0799e-05
2727,1.07292e-05
2728,1.07706e-05
2729,1.08279e-05
2730,1.06956e-05
2731,1.07893e-05
2732,1.07893e-05
2733,1.07294e-05
2734,1.07045e-05
2735,1.07228e-05
2736,1.0823e-05
2737,1.08197e-05
2738,1.09529e-05
2739,1.09529e-05
2740,1.08722e-05
2741,1.08722e-05
2742,1.08485e-05
2743,1.09192e-05
2744,1.09192e-05
2745,1.07006e-05
2746,1.06938e-05
2747,1.08173e-05
2748,1.07044e-05
2749,1.08137e-05
2750,1.08183e-05
2751,1.08183e-05
2752,1.06918e-05
2753,1.0625e-05
2754,1.0645e-05
2755,1.0843e-05
2756,1.06918e-05
2757,1.06235e-05
2758,1.07849e-05
2759,1.07704e-05
2760,1.06556e-05
2761,1.05919e-05
2762,1.05919e-05
2763,1.07288e-05
2764,1.06834e-05
2765,1.077e-05
2766,1.08683e-05
2767,1.08353e-05
2768,1.07575e-05
2769,1.05869e-05
2770,1.06644e-05
2771,1.07518e-05
2772,1.07505e-05
2773,1.07505e-05
2774,1.07735e-05
2775,1.07379e-05
2776,1.06715e-05
2777,1.06699e-05
2778,1.06855e-05
2779,1.09464e-05
2780,1.10877e-05
2781,1.11311e-05
2782,1.09913e-05
2783,1.09519e-05
2784,1.08129e-05
2785,1.09268e-05
2786,1.08029e-05
2787,1.08642e-05
2788,1.09613e-05
2789,1.09613e-05
2790,1.11374e-05
2791,1.11433e-05
2792,1.08859e-05
2793,1.08859e-05
2794,1.0958e-05
2795,1.0958e-05
2796,1.11299e-05
2797,1.1116e-05
2798,1.11702e-05
2799,1.12732e-05
2800,1.15071e-05
2801,1.12643e-05
2802,1.09836e-05
2803,1.13743e-05
2804,1.13743e-05
2805,1.13743e-05
2806,1.15102e-05
2807,1.14915e-05
2808,1.13362e-05
2809,1.11938e-05
2810,1.11746e-05
2811,1.11863e-05
2812,1.10097e-05
2813,1.10422e-05
2814,1.09426e-05
2815,1.09164e-05
2816,1.09606e-05
2817,1.09606e-05
2818,1.09804e-05
2819,1.09804e-05
2820,1.08735e-05
2821,1.09295e-05
2822,1.08102e-05
2823,1.08102e-05
2824,1.08051e-05
2825,1.08051e-05
2826,1.07982e-05
2827,1.07982e-05
2828,1.07982e-05
2829,1.07295e-05
2830,1.06489e-05
2831,1.0723e-05
2832,1.07976e-05
2833,1.07976e-05
2834,1.08838e-05
2835,1.08838e-05
2836,1.09664e-05
2837,1.09301e-05
2838,1.09264e-05
2839,1.09624e-05
2840,1.1042e-05
2841,1.10629e-05
2842,1.11387e-05
2843,1.10321e-05
2844,1.10321e-05
2845,1.10321e-05
2846,1.09384e-05
2847,1.09355e-05
2848,1.09355e-05
2849,1.09355e-05
2850,1.10946e-05
2851,1.10201e-05
2852,1.098e-05
2853,1.07287e-05
2854,1.08521e-05
2855,1.07468e-05
2856,1.09668e-05
2857,1.09114e-05
2858,1.11516e-05
2859,1.10857e-05
2860,1.1136e-05
2861,1.1136e-05
2862,1.14911e-05
2863,1.14148e-05
2864,1.14148e-05
2865,1.14065e-05
2866,1.13906e-05
2867,1.13906e-05
2868,1.13305e-05
2869,1.13235e-05
2870,1.11446e-05
2871,1.11388e-05
2872,1.10676e-05
2873,1.10879e-05
2874,1.09936e-05
2875,1.08764e-05
2876,1.06193e-05
2877,1.071e-05
2878,1.10446e-05
2879,1.11386e-05
2880,1.11177e-05
2881,1.11106e-05
2882,1.12051e-05
2883,1.12051e-05
2884,1.12595e-05
2885,1.10626e-05
2886,1.10626e-05
2887,1.0943e-05
2888,1.10324e-05
2889,1.10324e-05
2890,1.10324e-05
2891,1.10324e-05
2892,1.1032e-05
2893,1.10992e-05
2894,1.10992e-05
2895,1.10463e-05
2896,1.13046e-05
2897,1.13046e-05
2898,1.13229e-05
2899,1.12616e-05
2900,1.10383e-05
2901,1.09199e-05
2902,1.08341e-05
2903,1.12053e-05
2904,1.12879e-05
2905,1.10826e-05
2906,1.10177e-05
2907,1.13923e-05
2908,1.13923e-05
2909,1.1186e-05
2910,1.11966e-05
2911,1.10549e-05
2912,1.11184e-05
2913,1.10475e-05
2914,1.11664e-05
2915,1.1157e-05
2916,1.09297e-05
2917,1.09401e-05
2918,1.08614e-05
2919,1.07832e-05
2920,1.07138e-05
2921,1.09821e-05
2922,1.0898e-05
2923,1.09718e-05
2924,1.12666e-05
2925,1.14189e-05
2926,1.12504e-05
2927,1.14044e-05
2928,1.14294e-05
2929,1.12091e-05
2930,1.11761e-05
2931,1.08932e-05
2932,1.08522e-05
2933,1.08522e-05
2934,1.08522e-05
2935,1.09854e-05
2936,1.09142e-05
2937,1.09787e-05
2938,1.08017e-05
2939,1.07762e-05
2940,1.07149e-05
2941,1.07149e-05
2942,1.07477e-05
2943,1.07468e-05
2944,1.07425e-05
2945,1.07425e-05
2946,1.06362e-05
2947,1.08484e-05
2948,1.0639e-05
2949,1.07517e-05
2950,1.07517e-05
2951,1.07908e-05
2952,1.07126e-05
2953,1.0832e-05
2954,1.08295e-05
2955,1.08265e-05
2956,1.09061e-05
2957,1.09979e-05
2958,1.0882e-05
2959,1.07737e-05
2960,1.08165e-05
2961,1.08206e-05
2962,1.09599e-05
2963,1.0894e-05
2964,1.0894e-05
2965,1.0894e-05
2966,1.11115e-05
2967,1.11167e-05
2968,1.11167e-05
2969,1.12424e-05
2970,1.11585e-05
2971,1.09574e-05
2972,1.09474e-05
2973,1.09616e-05
2974,1.08722e-05
2975,1.07845e-05
2976,1.07623e-05
2977,1.07428e-05
2978,1.0895e-05
2979,1.08535e-05
2980,1.09455e-05
2981,1.0947e-05
2982,1.08486e-05
2983,1.08318e-05
2984,1.0821e-05
2985,1.09564e-05
2986,1.06968e-05
2987,1.08971e-05
2988,1.08516e-05
2989,1.09659e-05
2990,1.08265e-05
2991,1.09611e-05
2992,1.09036e-05
2993,1.0844e-05
2994,1.09832e-05
2995,1.09726e-05
2996,1.08755e-05
2997,1.09529e-05
2998,1.08388e-05
2999,1.10438e-05
3000,1.10438e-05
3001,1.10113e-05
3002,1.1161e-05
3003,1.10667e-05
3004,1.08926e-05
3005,1.08901e-05
3006,1.11863e-05
3007,1.10581e-05
3008,1.11477e-05
3009,1.11418e-05
3010,1.11589e-05
3011,1.09218e-05
3012,1.10546e-05
3013,1.12159e-05
3014,1.11891e-05
3015,1.12378e-05
3016,1.12032e-05
3017,1.12032e-05
3018,1.11206e-05
3019,1.11788e-05
3020,1.10539e-05
3021,1.09224e-05
3022,1.09224e-05
3023,1.1179e-05
3024,1.12623e-05
3025,1.1143e-05
3026,1.10322e-05
3027,1.08956e-05
3028,1.08202e-05
3029,1.08933e-05
3030,1.07842e-05
3031,1.08265e-05
3032,1.08265e-05
3033,1.09695e-05
3034,1.0759e-05
3035,1.08454e-05
3036,1.10977e-05
3037,1.09788e-05
3038,1.09788e-05
3039,1.09545e-05
3040,1.09272e-05
3041,1.10095e-05
3042,1.0875e-05
3043,1.09146e-05
3044,1.11032e-05
3045,1.11032e-05
3046,1.09993e-05
3047,1.10108e-05
3048,1.12334e-05
3049,1.11218e-05
3050,1.10732e-05
3051,1.10732e-05
3052,1.11126e-05
3053,1.11126e-05
3054,1.11126e-05
3055,1.08757e-05
3056,1.12024e-05
3057,1.11333e-05
3058,1.11317e-05
3059,1.10959e-05
3060,1.10948e-05
3061,1.10948e-05
3062,1.10948e-05
3063,1.11717e-05
3064,1.11075e-05
3065,1.11238e-05
3066,1.12388e-05
3067,1.12301e-05
3068,1.12301e-05
3069,1.09246e-05
3070,1.09532e-05
3071,1.08684e-05
3072,1.09134e-05
3073,1.09134e-05
3074,1.07861e-05
3075,1.09076e-05
3076,1.08712e-05
3077,1.08368e-05
3078,1.10489e-05
3079,1.1006e-05
3080,1.09413e-05
3081,1.09504e-05
3082,1.09504e-05
3083,1.12272e-05
3084,1.12166e-05
3085,1.12166e-05
3086,1.09853e-05
3087,1.11175e-05
3088,1.11175e-05
3089,1.11175e-05
3090,1.11864e-05
3091,1.12477e-05
3092,1.12239e-05
3093,1.13842e-05
3094,1.15366e-05
3095,1.13627e-05
3096,1.13339e-05
3097,1.11473e-05
3098,1.12583e-05
3099,1.11093e-05
3100,1.12023e-05
3101,1.09889e-05
3102,1.09935e-05
3103,1.10488e-05
3104,1.09089e-05
3105,1.09089e-05
3106,1.09238e-05
3107,1.09623e-05
3108,1.08692e-05
3109,1.08692e-05
3110,1.08392e-05
3111,1.0839e-05
3112,1.08492e-05
3113,1.07339e-05
3114,1.06962e-05
3115,1.06939e-05
3116,1.07747e-05
3117,1.07391e-05
3118,1.07457e-05
3119,1.07457e-05
3120,1.08236e-05
3121,1.07788e-05
3122,1.08923e-05
3123,1.08635e-05
3124,1.09478e-05
3125,1.07755e-05
3126,1.09116e-05
3127,1.07422e-05
3128,1.07537e-05
3129,1.07236e-05
3130,1.05822e-05
3131,1.06006e-05
3132,1.06874e-05
3133,1.06031e-05
3134,1.05505e-05
3135,1.06583e-05
3136,1.07685e-05
3137,1.08109e-05
3138,1.08109e-05
3139,1.10398e-05
3140,1.10398e-05
3141,1.10398e-05
3142,1.10398e-05
3143,1.07159e-05
3144,1.07561e-05
3145,1.07561e-05
3146,1.09583e-05
3147,1.10733e-05
3148,1.11703e-05
3149,1.09467e-05
3150,1.06943e-05
3151,1.07001e-05
3152,1.07294e-05
3153,1.08441e-05
3154,1.086e-05
3155,1.086e-05
3156,1.0837e-05
3157,1.0888e-05
3158,1.11724e-05
3159,1.0964e-05
3160,1.08855e-05
3161,1.08855e-05
3162,1.08855e-05
3163,1.08734e-05
3164,1.08278e-05
3165,1.09052e-05
3166,1.10141e-05
3167,1.10141e-05
3168,1.1037e-05
3169,1.10046e-05
3170,1.09302e-05
3171,1.1014e-05
3172,1.08918e-05
3173,1.10056e-05
3174,1.10056e-05
3175,1.1034e-05
3176,1.10171e-05
3177,1.08186e-05
3178,1.08186e-05
3179,1.08388e-05
3180,1.08751e-05
3181,1.09058e-05
3182,1.08086e-05
3183,1.09127e-05
3184,1.09127e-05
3185,1.08485e-05
3186,1.09267e-05
3187,1.12777e-05
3188,1.11715e-05
3189,1.11555e-05
3190,1.11111e-05
3191,1.11253e-05
3192,1.11253e-05
3193,1.11515e-05
3194,1.10704e-05
3195,1.10627e-05
3196,1.09343e-05
3197,1.10423e-05
3198,1.10423e-05
3199,1.09518e-05
3200,1.07161e-05
3201,1.0787e-05
3202,1.09925e-05
3203,1.09925e-05
3204,1.09954e-05
3205,1.08867e-05
3206,1.08266e-05
3207,1.08185e-05
3208,1.07629e-05
3209,1.08959e-05
3210,1.0935e-05
3211,1.0935e-05
3212,1.09084e-05
3213,1.07016e-05
3214,1.08444e-05
3215,1.10118e-05
3216,1.09037e-05
3217,1.08536e-05
3218,1.09578e-05
3219,1.09578e-05
3220,1.08815e-05
3221,1.08815e-05
3222,1.07537e-05
3223,1.07537e-05
3224,1.07537e-05
3225,1.08054e-05
3226,1.09048e-05
3227,1.10685e-05
3228,1.09159e-05
3229,1.07732e-05
3230,1.07732e-05
3231,1.09695e-05
3232,1.1165e-05
3233,1.12305e-05
3234,1.11483e-05
3235,1.11684e-05
3236,1.1183e-05
3237,1.1469e-05
3238,1.1336e-05
3239,1.10621e-05
3240,1.11711e-05
3241,1.11711e-05
3242,1.11991e-05
3243,1.11991e-05
3244,1.14007e-05
3245,1.13606e-05
3246,1.11628e-05
3247,1.11712e-05
3248,1.12165e-05
3249,1.10496e-05
3250,1.08959e-05
3251,1.08959e-05
3252,1.09623e-05
3253,1.12125e-05
3254,1.12125e-05
3255,1.08551e-05
3256,1.08551e-05
3257,1.10437e-05
3258,1.09225e-05
3259,1.09155e-05
3260,1.09899e-05
3261,1.10916e-05
3262,1.09181e-05
3263,1.09848e-05
3264,1.10351e-05
3265,1.07638e-05
3266,1.07638e-05
3267,1.08668e-05
3268,1.10374e-05
3269,1.11403e-05
3270,1.12432e-05
3271,1.12519e-05
3272,1.12519e-05
3273,1.10445e-05
3274,1.12373e-05
3275,1.13759e-05
3276,1.13531e-05
3277,1.11305e-05
3278,1.11812e-05
3279,1.11196e-05
3280,1.10276e-05
3281,1.11577e-05
3282,1.122e-05
3283,1.122e-05
3284,1.11693e-05
3285,1.09311e-05
3286,1.10418e-05
3287,1.08766e-05
3288,1.09216e-05
3289,1.08793e-05
3290,1.08818e-05
3291,1.08818e-05
3292,1.08193e-05
3293,1.0801e-05
3294,1.08796e-05
3295,1.0885e-05
3296,1.0885e-05
3297,1.10712e-05
3298,1.10712e-05
3299,1.10403e-05
3300,1.10403e-05
3301,1.09901e-05
3302,1.08573e-05
3303,1.1041e-05
3304,1.09207e-05
3305,1.087e-05
3306,1.087e-05
3307,1.10395e-05
3308,1.11318e-05
3309,1.11318e-05
3310,1.10737e-05
3311,1.11345e-05
3312,1.1153e-05
3313,1.11608e-05
3314,1.12519e-05
3315,1.12514e-05
3316,1.12514e-05
3317,1.12081e-05
3318,1.13412e-05
3319,1.13985e-05
3320,1.12929e-05
3321,1.12715e-05
3322,1.12715e-05
3323,1.12308e-05
3324,1.12865e-05
3325,1.11727e-05
3326,1.11727e-05
3327,1.11315e-05
3328,1.11984e-05
3329,1.09613e-05
3330,1.08869e-05
3331,1.08869e-05
3332,1.09837e-05
3333,1.09837e-05
3334,1.09413e-05
3335,1.08602e-05
3336,1.08602e-05
3337,1.08962e-05
3338,1.09653e-05
3339,1.08772e-05
3340,1.09004e-05
3341,1.09813e-05
3342,1.09847e-05
3343,1.08267e-05
3344,1.09198e-05
3345,1.10156e-05
3346,1.09264e-05
3347,1.10006e-05
3348,1.10428e-05
3349,1.105e-05
3350,1.11574e-05
3351,1.09249e-05
3352,1.09249e-05
3353,1.11045e-05
3354,1.0904e-05
3355,1.0904e-05
3356,1.0904e-05
3357,1.09601e-05
3358,1.09509e-05
3359,1.11882e-05
3360,1.10804e-05
3361,1.10804e-05
3362,1.10534e-05
3363,1.13211e-05
3364,1.11134e-05
3365,1.11918e-05
3366,1.13304e-05
3367,1.10277e-05
3368,1.09472e-05
3369,1.09472e-05
3370,1.11093e-05
3371,1.11093e-05
3372,1.09805e-05
3373,1.10337e-05
3374,1.12186e-05
3375,1.13901e-05
3376,1.11527e-05
3377,1.11894e-05
3378,1.12132e-05
3379,1.10327e-05
3380,1.10327e-05
3381,1.08762e-05
3382,1.08782e-05
3383,1.06095e-05
3384,1.06773e-05
3385,1.07063e-05
3386,1.08279e-05
3387,1.08599e-05
3388,1.08599e-05
3389,1.08927e-05
3390,1.08927e-05
3391,1.09589e-05
3392,1.08616e-05
3393,1.08616e-05
3394,1.06933e-05
3395,1.09521e-05
3396,1.08978e-05
3397,1.09524e-05
3398,1.09683e-05
3399,1.09768e-05
3400,1.09491e-05
3401,1.09544e-05
3402,1.10881e-05
3403,1.12228e-05
3404,1.12457e-05
3405,1.12457e-05
3406,1.12457e-05
3407,1.12096e-05
3408,1.10818e-05
3409,1.12694e-05
3410,1.08976e-05
3411,1.08976e-05
3412,1.09937e-05
3413,1.10295e-05
3414,1.11726e-05
3415,1.10856e-05
3416,1.10856e-05
3417,1.11189e-05
3418,1.10584e-05
3419,1.10584e-05
3420,1.11366e-05
3421,1.11366e-05
3422,1.11407e-05
3423,1.10933e-05
3424,1.1204e-05
3425,1.1204e-05
3426,1.11277e-05
3427,1.10424e-05
3428,1.10424e-05
3429,1.09826e-05
3430,1.11489e-05
3431,1.12488e-05
3432,1.10976e-05
3433,1.12516e-05
3434,1.12436e-05
3435,1.14167e-05
3436,1.14092e-05
3437,1.12549e-05
3438,1.1235e-05
3439,1.10842e-05
3440,1.11206e-05
3441,1.13742e-05
3442,1.15467e-05
3443,1.15097e-05
3444,1.11842e-05
3445,1.12759e-05
3446,1.15397e-05
3447,1.15868e-05
3448,1.15786e-05
3449,1.12939e-05
3450,1.13703e-05
3451,1.14551e-05
3452,1.14722e-05
3453,1.14313e-05
3454,1.17023e-05
3455,1.17023e-05
3456,1.17023e-05
3457,1.15673e-05
3458,1.18722e-05
3459,1.17557e-05
3460,1.1623e-05
3461,1.14848e-05
3462,1.1442e-05
3463,1.10313e-05
3464,1.10313e-05
3465,1.10313e-05
3466,1.12524e-05
3467,1.13266e-05
3468,1.12693e-05
3469,1.12693e-05
3470,1.1243e-05
3471,1.1243e-05
3472,1.1185e-05
3473,1.11367e-05
3474,1.11367e-05
3475,1.12455e-05
3476,1.13262e-05
3477,1.13262e-05
3478,1.13262e-05
3479,1.12854e-05
3480,1.12854e-05
3481,1.12854e-05
3482,1.12366e-05
3483,1.14028e-05
3484,1.11991e-05
3485,1.13659e-05
3486,1.13659e-05
3487,1.10416e-05
3488,1.1245e-05
3489,1.12661e-05
3490,1.11432e-05
3491,1.11955e-05
3492,1.11166e-05
3493,1.11166e-05
3494,1.11166e-05
3495,1.10715e-05
3496,1.10715e-05
3497,1.12252e-05
3498,1.11379e-05
3499,1.1438e-05
3500,1.11219e-05
3501,1.11833e-05
3502,1.1362e-05
3503,1.10709e-05
3504,1.08581e-05
3505,1.08841e-05
3506,1.08503e-05
3507,1.08503e-05
3508,1.08862e-05
3509,1.07394e-05
3510,1.07856e-05
3511,1.07856e-05
3512,1.08292e-05
3513,1.09477e-05
3514,1.08479e-05
3515,1.07492e-05
3516,1.09613e-05
3517,1.09613e-05
3518,1.08725e-05
3519,1.08529e-05
3520,1.0911e-05
3521,1.0911e-05
3522,1.07303e-05
3523,1.07303e-05
3524,1.07557e-05
3525,1.07952e-05
3526,1.07952e-05
3527,1.10446e-05
3528,1.10446e-05
3529,1.07572e-05
3530,1.05817e-05
3531,1.0711e-05
3532,1.07906e-05
3533,1.07496e-05
3534,1.07721e-05
3535,1.09022e-05
3536,1.10399e-05
3537,1.11012e-05
3538,1.10238e-05
3539,1.09645e-05
3540,1.0926e-05
3541,1.09513e-05
3542,1.09513e-05
3543,1.08357e-05
3544,1.09224e-05
3545,1.07245e-05
3546,1.08204e-05
3547,1.08204e-05
3548,1.08204e-05
3549,1.07957e-05
3550,1.08178e-05
3551,1.08178e-05
3552,1.08178e-05
3553,1.0892e-05
3554,1.0892e-05
3555,1.07533e-05
3556,1.10089e-05
3557,1.1054e-05
3558,1.10062e-05
3559,1.09578e-05
3560,1.10423e-05
3561,1.10423e-05
3562,1.10161e-05
3563,1.10146e-05
3564,1.1061e-05
3565,1.10371e-05
3566,1.10344e-05
3567,1.10344e-05
3568,1.09014e-05
3569,1.11651e-05
3570,1.0918e-05
3571,1.10626e-05
3572,1.10159e-05
3573,1.08563e-05
3574,1.09134e-05
3575,1.09134e-05
3576,1.09134e-05
3577,1.09134e-05
3578,1.11058e-05
3579,1.13906e-05
3580,1.11931e-05
3581,1.11488e-05
3582,1.10563e-05
3583,1.12057e-05
3584,1.12359e-05
3585,1.09997e-05
3586,1.0854e-05
3587,1.08364e-05
3588,1.09543e-05
3589,1.0931e-05
3590,1.10341e-05
3591,1.1041e-05
3592,1.11071e-05
3593,1.09165e-05
3594,1.08829e-05
3595,1.08829e-05
3596,1.10126e-05
3597,1.1142e-05
3598,1.13903e-05
3599,1.11609e-05
3600,1.13983e-05
3601,1.1316e-05
3602,1.14439e-05
3603,1.13812e-05
3604,1.12639e-05
3605,1.12639e-05
3606,1.13408e-05
3607,1.13408e-05
3608,1.1417e-05
3609,1.13249e-05
3610,1.13249e-05
3611,1.13249e-05
3612,1.13249e-05
3613,1.11828e-05
3614,1.11828e-05
3615,1.13037e-05
3616,1.11837e-05
3617,1.08837e-05
3618,1.08837e-05
3619,1.1032e-05
3620,1.10457e-05
3621,1.09648e-05
3622,1.09349e-05
3623,1.09349e-05
3624,1.09349e-05
3625,1.09349e-05
3626,1.10612e-05
3627,1.11891e-05
3628,1.11139e-05
3629,1.0856e-05
3630,1.09695e-05
3631,1.11362e-05
3632,1.08719e-05
3633,1.09909e-05
3634,1.08265e-05
3635,1.09394e-05
3636,1.096e-05
3637,1.096e-05
3638,1.07994e-05
3639,1.07994e-05
3640,1.08502e-05
3641,1.0857e-05
3642,1.0857e-05
3643,1.09386e-05
3644,1.09386e-05
3645,1.10348e-05
3646,1.11776e-05
3647,1.12601e-05
3648,1.12301e-05
3649,1.1416e-05
3650,1.1416e-05
3651,1.17382e-05
3652,1.16236e-05
3653,1.15335e-05
3654,1.15273e-05
3655,1.14714e-05
3656,1.11396e-05
3657,1.11396e-05
3658,1.11614e-05
3659,1.13729e-05
3660,1.13717e-05
3661,1.15244e-05
3662,1.12826e-05
3663,1.13442e-05
3664,1.10679e-05
3665,1.12811e-05
3666,1.1239e-05
3667,1.09085e-05
3668,1.09085e-05
3669,1.09085e-05
3670,1.09085e-05
3671,1.08743e-05
3672,1.09796e-05
3673,1.10571e-05
3674,1.1103e-05
3675,1.11037e-05
3676,1.11277e-05
3677,1.10909e-05
3678,1.11813e-05
3679,1.1166e-05
3680,1.10997e-05
3681,1.10159e-05
3682,1.10758e-05
3683,1.10758e-05
3684,1.10829e-05
3685,1.09517e-05
3686,1.10314e-05
3687,1.11512e-05
3688,1.12225e-05
3689,1.13396e-05
3690,1.1294e-05
3691,1.12298e-05
3692,1.12264e-05
3693,1.11973e-05
3694,1.11973e-05
3695,1.11665e-05
3696,1.10497e-05
3697,1.10497e-05
3698,1.08941e-05
3699,1.09929e-05
3700,1.10815e-05
3701,1.0863e-05
3702,1.08805e-05
3703,1.10872e-05
3704,1.1007e-05
3705,1.08472e-05
3706,1.08491e-05
3707,1.08491e-05
3708,1.08217e-05
3709,1.1051e-05
3710,1.10384e-05
3711,1.10384e-05
3712,1.09703e-05
3713,1.10907e-05
3714,1.12996e-05
3715,1.09601e-05
3716,1.09463e-05
3717,1.09286e-05
3718,1.09286e-05
3719,1.0812e-05
3720,1.0752e-05
3721,1.0752e-05
3722,1.08744e-05
3723,1.08768e-05
3724,1.09276e-05
3725,1.09276e-05
3726,1.13226e-05
3727,1.11924e-05
3728,1.13057e-05
3729,1.12018e-05
3730,1.12018e-05
3731,1.13345e-05
3732,1.10607e-05
3733,1.10872e-05
3734,1.08615e-05
3735,1.08435e-05
3736,1.0905e-05
3737,1.11363e-05
3738,1.11801e-05
3739,1.08824e-05
3740,1.08824e-05
3741,1.09569e-05
3742,1.1016e-05
3743,1.09292e-05
3744,1.09292e-05
3745,1.09292e-05
3746,1.09292e-05
3747,1.09417e-05
3748,1.08138e-05
3749,1.07901e-05
3750,1.07797e-05
3751,1.08786e-05
3752,1.08786e-05
3753,1.08786e-05
3754,1.08688e-05
3755,1.10082e-05
3756,1.10179e-05
3757,1.10222e-05
3758,1.10443e-05
3759,1.11472e-05
3760,1.11671e-05
3761,1.12082e-05
3762,1.1105e-05
3763,1.1105e-05
3764,1.11103e-05
3765,1.09674e-05
3766,1.09952e-05
3767,1.0873e-05
3768,1.08325e-05
3769,1.08325e-05
3770,1.09235e-05
3771,1.08802e-05
3772,1.09186e-05
3773,1.08454e-05
3774,1.10751e-05
3775,1.11891e-05
3776,1.10333e-05
3777,1.10003e-05
3778,1.11176e-05
3779,1.11176e-05
3780,1.11176e-05
3781,1.1296e-05
3782,1.1296e-05
3783,1.12586e-05
3784,1.12387e-05
3785,1.12825e-05
3786,1.13335e-05
3787,1.13335e-05
3788,1.12145e-05
3789,1.11429e-05
3790,1.12521e-05
3791,1.12175e-05
3792,1.12175e-05
3793,1.13824e-05
3794,1.13584e-05
3795,1.13577e-05
3796,1.15338e-05
3797,1.15735e-05
3798,1.16887e-05
3799,1.14231e-05
3800,1.12647e-05
3801,1.14761e-05
3802,1.14531e-05
3803,1.13996e-05
3804,1.115e-05
3805,1.10354e-05
3806,1.1166e-05
3807,1.13081e-05
3808,1.13092e-05
3809,1.11718e-05
3810,1.11687e-05
3811,1.08063e-05
3812,1.07679e-05
3813,1.07679e-05
3814,1.07422e-05
3815,1.0841e-05
3816,1.0841e-05
3817,1.09066e-05
3818,1.11117e-05
3819,1.11553e-05
3820,1.10923e-05
3821,1.10676e-05
3822,1.10676e-05
3823,1.0999e-05
3824,1.11863e-05
3825,1.09301e-05
3826,1.10406e-05
3827,1.09222e-05
3828,1.10389e-05
3829,1.11385e-05
3830,1.09583e-05
3831,1.09583e-05
3832,1.09162e-05
3833,1.08719e-05
3834,1.10399e-05
3835,1.08581e-05
3836,1.09401e-05
3837,1.08517e-05
3838,1.08517e-05
3839,1.09952e-05
3840,1.10681e-05
3841,1.09751e-05
3842,1.09142e-05
3843,1.08208e-05
3844,1.09734e-05
3845,1.0827e-05
3846,1.09442e-05
3847,1.0937e-05
3848,1.0937e-05
3849,1.09151e-05
3850,1.0877e-05
3851,1.07858e-05
3852,1.09345e-05
3853,1.08567e-05
3854,1.10061e-05
3855,1.08004e-05
3856,1.09555e-05
3857,1.09555e-05
3858,1.08283e-05
3859,1.10184e-05
3860,1.10806e-05
3861,1.10204e-05
3862,1.11167e-05
3863,1.11167e-05
3864,1.11167e-05
3865,1.08916e-05
3866,1.08251e-05
3867,1.08714e-05
3868,1.08669e-05
3869,1.08393e-05
3870,1.08393e-05
3871,1.08393e-05
3872,1.0903e-05
3873,1.0816e-05
3874,1.09055e-05
3875,1.11167e-05
3876,1.10282e-05
3877,1.10155e-05
3878,1.10155e-05
3879,1.12045e-05
3880,1.15246e-05
3881,1.11622e-05
3882,1.10859e-05
3883,1.10387e-05
3884,1.10387e-05
3885,1.10387e-05
3886,1.0952e-05
3887,1.09709e-05
3888,1.09173e-05
3889,1.10816e-05
3890,1.12315e-05
3891,1.10495e-05
3892,1.10495e-05
3893,1.10142e-05
3894,1.11013e-05
3895,1.09536e-05
3896,1.09067e-05
3897,1.09272e-05
3898,1.09563e-05
3899,1.09561e-05
3900,1.09261e-05
3901,1.10278e-05
3902,1.10529e-05
3903,1.11629e-05
3904,1.11629e-05
3905,1.10919e-05
3906,1.12866e-05
3907,1.12866e-05
3908,1.12866e-05
3909,1.12056e-05
3910,1.12056e-05
3911,1.12056e-05
3912,1.08947e-05
3913,1.09973e-05
3914,1.11972e-05
3915,1.08641e-05
3916,1.09584e-05
3917,1.10921e-05
3918,1.09127e-05
3919,1.11258e-05
3920,1.11258e-05
3921,1.10557e-05
3922,1.0978e-05
3923,1.0978e-05
3924,1.09623e-05
3925,1.10187e-05
3926,1.08845e-05
3927,1.10116e-05
3928,1.09904e-05
3929,1.09229e-05
3930,1.08679e-05
3931,1.09472e-05
3932,1.09142e-05
3933,1.09079e-05
3934,1.10101e-05
3935,1.09694e-05
3936,1.09822e-05
3937,1.09822e-05
3938,1.12047e-05
3939,1.10356e-05
3940,1.10356e-05
3941,1.10812e-05
3942,1.10577e-05
3943,1.10577e-05
3944,1.12671e-05
3945,1.12671e-05
3946,1.10761e-05
3947,1.12947e-05
3948,1.11283e-05
3949,1.11659e-05
3950,1.13396e-05
3951,1.11668e-05
3952,1.10387e-05
3953,1.11011e-05
3954,1.1137e-05
3955,1.11483e-05
3956,1.1324e-05
3957,1.12568e-05
3958,1.12515e-05
3959,1.12515e-05
3960,1.12307e-05
3961,1.14592e-05
3962,1.12722e-05
3963,1.1051e-05
3964,1.10023e-05
3965,1.10869e-05
3966,1.09641e-05
3967,1.09641e-05
3968,1.10466e-05
3969,1.10466e-05
3970,1.10501e-05
3971,1.11305e-05
3972,1.09747e-05
3973,1.09184e-05
3974,1.09614e-05
3975,1.10596e-05
3976,1.10833e-05
3977,1.09792e-05
3978,1.08762e-05
3979,1.10353e-05
3980,1.08645e-05
3981,1.085e-05
3982,1.08558e-05
3983,1.08583e-05
3984,1.09952e-05
3985,1.1058e-05
3986,1.14279e-05
3987,1.14188e-05
3988,1.13429e-05
3989,1.13429e-05
3990,1.12678e-05
3991,1.11667e-05
3992,1.12718e-05
3993,1.12718e-05
3994,1.11009e-05
3995,1.09191e-05
3996,1.10272e-05
3997,1.11749e-05
3998,1.11749e-05
3999,1.09964e-05
4000,1.13413e-05
4001,1.11841e-05
4002,1.12596e-05
4003,1.102e-05
4004,1.12296e-05
4005,1.12296e-05
4006,1.14361e-05
4007,1.14404e-05
4008,1.14404e-05
4009,1.12266e-05
4010,1.1267e-05
4011,1.11143e-05
4012,1.10617e-05
4013,1.09909e-05
4014,1.07639e-05
4015,1.08441e-05
4016,1.10111e-05
4017,1.10132e-05
4018,1.09756e-05
4019,1.09412e-05
4020,1.09072e-05
4021,1.07552e-05
4022,1.10143e-05
4023,1.09977e-05
4024,1.11491e-05
4025,1.11144e-05
4026,1.11135e-05
4027,1.09374e-05
4028,1.0941e-05
4029,1.09184e-05
4030,1.08087e-05
4031,1.08672e-05
4032,1.10806e-05
4033,1.12853e-05
4034,1.12853e-05
4035,1.12853e-05
4036,1.11722e-05
4037,1.11848e-05
4038,1.11848e-05
4039,1.11848e-05
4040,1.11848e-05
4041,1.12496e-05
4042,1.12431e-05
4043,1.10686e-05
4044,1.10686e-05
4045,1.11501e-05
4046,1.11481e-05
4047,1.11481e-05
4048,1.10563e-05
4049,1.1107e-05
4050,1.10107e-05
4051,1.10354e-05
4052,1.11162e-05
4053,1.09808e-05
4054,1.11045e-05
4055,1.11061e-05
4056,1.10513e-05
4057,1.10703e-05
4058,1.10153e-05
4059,1.09845e-05
4060,1.10833e-05
4061,1.08985e-05
4062,1.08985e-05
4063,1.10839e-05
4064,1.11025e-05
4065,1.11025e-05
4066,1.11025e-05
4067,1.11025e-05
4068,1.12033e-05
4069,1.13059e-05
4070,1.09891e-05
4071,1.09476e-05
4072,1.07809e-05
4073,1.07809e-05
4074,1.10304e-05
4075,1.10906e-05
4076,1.10608e-05
4077,1.11339e-05
4078,1.11339e-05
4079,1.11393e-05
4080,1.11393e-05
4081,1.11393e-05
4082,1.11792e-05
4083,1.13276e-05
4084,1.11885e-05
4085,1.1447e-05
4086,1.15716e-05
4087,1.16503e-05
4088,1.18193e-05
4089,1.18193e-05
4090,1.18018e-05
4091,1.15282e-05
4092,1.15282e-05
4093,1.15282e-05
4094,1.15425e-05
4095,1.11965e-05
4096,1.13018e-05
4097,1.12855e-05
4098,1.12855e-05
4099,1.13327e-05
4100,1.12274e-05
4101,1.11151e-05
4102,1.12324e-05
4103,1.10861e-05
4104,1.10861e-05
4105,1.10861e-05
4106,1.13258e-05
4107,1.15396e-05
4108,1.16193e-05
4109,1.16193e-05
4110,1.15054e-05
4111,1.16276e-05
4112,1.13551e-05
4113,1.12873e-05
4114,1.12773e-05
4115,1.12583e-05
4116,1.12583e-05
4117,1.14763e-05
4118,1.15338e-05
4119,1.15955e-05
4120,1.14914e-05
4121,1.1535e-05
4122,1.16424e-05
4123,1.15615e-05
4124,1.14638e-05
4125,1.13744e-05
4126,1.13744e-05
4127,1.13744e-05
4128,1.13744e-05
4129,1.14608e-05
4130,1.16144e-05
4131,1.14167e-05
4132,1.15248e-05
4133,1.17652e-05
4134,1.16785e-05
4135,1.14211e-05
4136,1.13219e-05
4137,1.13219e-05
4138,1.12683e-05
4139,1.10329e-05
4140,1.10464e-05
4141,1.12673e-05
4142,1.14244e-05
4143,1.14998e-05
4144,1.14998e-05
4145,1.12634e-05
4146,1.12282e-05
4147,1.13747e-05
4148,1.10773e-05
4149,1.10522e-05
4150,1.11229e-05
4151,1.11198e-05
4152,1.11595e-05
4153,1.11726e-05
4154,1.10977e-05
4155,1.10998e-05
4156,1.1072e-05
4157,1.1072e-05
4158,1.10429e-05
4159,1.10311e-05
4160,1.10368e-05
4161,1.10368e-05
4162,1.10368e-05
4163,1.09809e-05
4164,1.12042e-05
4165,1.12128e-05
4166,1.12746e-05
4167,1.12829e-05
4168,1.09512e-05
4169,1.11991e-05
4170,1.09976e-05
4171,1.12277e-05
4172,1.12277e-05
4173,1.0926e-05
4174,1.09798e-05
4175,1.10004e-05
4176,1.14037e-05
4177,1.09821e-05
4178,1.09082e-05
4179,1.09454e-05
4180,1.09098e-05
4181,1.09098e-05
4182,1.1291e-05
4183,1.11716e-05
4184,1.15058e-05
4185,1.16324e-05
4186,1.15413e-05
4187,1.15413e-05
4188,1.14187e-05
4189,1.12589e-05
4190,1.14625e-05
4191,1.14625e-05
4192,1.12573e-05
4193,1.147e-05
4194,1.147e-05
4195,1.14708e-05
4196,1.13759e-05
4197,1.13759e-05
4198,1.13537e-05
4199,1.13537e-05
4200,1.13537e-05
4201,1.13411e-05
4202,1.14083e-05
4203,1.11544e-05
4204,1.0974e-05
4205,1.11529e-05
4206,1.11261e-05
4207,1.11913e-05
4208,1.10022e-05
4209,1.12002e-05
4210,1.09272e-05
4211,1.09268e-05
4212,1.09862e-05
4213,1.10178e-05
4214,1.08494e-05
4215,1.07756e-05
4216,1.06765e-05
4217,1.0836e-05
4218,1.09508e-05
4219,1.11477e-05
4220,1.10401e-05
4221,1.10401e-05
4222,1.1101e-05
4223,1.11929e-05
4224,1.13717e-05
4225,1.14208e-05
4226,1.15236e-05
4227,1.16149e-05
4228,1.17378e-05
4229,1.14376e-05
4230,1.13389e-05
4231,1.12939e-05
4232,1.12929e-05
4233,1.15731e-05
4234,1.15731e-05
4235,1.15731e-05
4236,1.16717e-05
4237,1.15729e-05
4238,1.13246e-05
4239,1.14167e-05
4240,1.14211e-05
4241,1.1161e-05
4242,1.08771e-05
4243,1.08771e-05
4244,1.09648e-05
4245,1.10103e-05
4246,1.11267e-05
4247,1.09823e-05
4248,1.09823e-05
4249,1.09823e-05
4250,1.08748e-05
4251,1.09131e-05
4252,1.08716e-05
4253,1.07154e-05
4254,1.07154e-05
4255,1.07326e-05
4256,1.06499e-05
4257,1.06499e-05
4258,1.06922e-05
4259,1.07463e-05
4260,1.06764e-05
4261,1.07882e-05
4262,1.10094e-05
4263,1.10094e-05
4264,1.10036e-05
4265,1.09789e-05
4266,1.08904e-05
4267,1.08918e-05
4268,1.09758e-05
4269,1.09328e-05
4270,1.09328e-05
4271,1.08923e-05
4272,1.08973e-05
4273,1.08959e-05
4274,1.09022e-05
4275,1.09743e-05
4276,1.09063e-05
4277,1.07739e-05
4278,1.0891e-05
4279,1.08766e-05
4280,1.08029e-05
4281,1.07308e-05
4282,1.08059e-05
4283,1.0911e-05
4284,1.07466e-05
4285,1.09671e-05
4286,1.09548e-05
4287,1.11448e-05
4288,1.12675e-05
4289,1.12732e-05
4290,1.14709e-05
4291,1.14065e-05
4292,1.15337e-05
4293,1.1651e-05
4294,1.1651e-05
4295,1.14107e-05
4296,1.14107e-05
4297,1.14554e-05
4298,1.1309e-05
4299,1.1309e-05
4300,1.1556e-05
4301,1.1556e-05
4302,1.15998e-05
4303,1.15998e-05
4304,1.15998e-05
4305,1.15998e-05
4306,1.13393e-05
4307,1.13182e-05
4308,1.13271e-05
4309,1.13338e-05
4310,1.12505e-05
4311,1.11587e-05
4312,1.11587e-05
4313,1.11587e-05
4314,1.14071e-05
4315,1.14071e-05
4316,1.14071e-05
4317,1.13721e-05
4318,1.12007e-05
4319,1.13585e-05
4320,1.1143e-05
4321,1.09615e-05
4322,1.09253e-05
4323,1.11931e-05
4324,1.11931e-05
4325,1.10659e-05
4326,1.11422e-05
4327,1.12737e-05
4328,1.13837e-05
4329,1.16075e-05
4330,1.15835e-05
4331,1.15835e-05
4332,1.16832e-05
4333,1.14317e-05
4334,1.14138e-05
4335,1.13627e-05
4336,1.13787e-05
4337,1.13787e-05
4338,1.12066e-05
4339,1.12066e-05
4340,1.10944e-05
4341,1.11642e-05
4342,1.11642e-05
4343,1.11844e-05
4344,1.11844e-05
4345,1.11143e-05
4346,1.11014e-05
4347,1.09949e-05
4348,1.11167e-05
4349,1.12148e-05
4350,1.12312e-05
4351,1.12819e-05
4352,1.12688e-05
4353,1.12688e-05
4354,1.12828e-05
4355,1.1096e-05
4356,1.12357e-05
4357,1.11808e-05
4358,1.11542e-05
4359,1.11991e-05
4360,1.12764e-05
4361,1.12764e-05
4362,1.12764e-05
4363,1.12246e-05
4364,1.12246e-05
4365,1.11218e-05
4366,1.12286e-05
4367,1.12664e-05
4368,1.11623e-05
4369,1.11962e-05
4370,1.11962e-05
4371,1.11008e-05
4372,1.11008e-05
4373,1.10615e-05
4374,1.13145e-05
4375,1.13145e-05
4376,1.12869e-05
4377,1.12653e-05
4378,1.12337e-05
4379,1.10935e-05
4380,1.1218e-05
4381,1.11669e-05
4382,1.11669e-05
4383,1.11669e-05
4384,1.11181e-05
4385,1.1196e-05
4386,1.1196e-05
4387,1.11006e-05
4388,1.11053e-05
4389,1.10762e-05
4390,1.09633e-05
4391,1.10124e-05
4392,1.10753e-05
4393,1.10109e-05
4394,1.11875e-05
4395,1.13208e-05
4396,1.13283e-05
4397,1.13262e-05
4398,1.1194e-05
4399,1.09149e-05
4400,1.10039e-05
4401,1.10039e-05
4402,1.10039e-05
4403,1.10356e-05
4404,1.10504e-05
4405,1.10538e-05
4406,1.10695e-05
4407,1.1382e-05
4408,1.10241e-05
4409,1.10653e-05
4410,1.08961e-05
4411,1.08961e-05
4412,1.09965e-05
4413,1.10773e-05
4414,1.10773e-05
4415,1.09565e-05
4416,1.09299e-05
4417,1.10553e-05
4418,1.09053e-05
4419,1.10597e-05
4420,1.1257e-05
4421,1.1257e-05
4422,1.1193e-05
4423,1.10208e-05
4424,1.1053e-05
4425,1.08648e-05
4426,1.10322e-05
4427,1.10322e-05
4428,1.09878e-05
4429,1.09878e-05
4430,1.09878e-05
4431,1.07604e-05
4432,1.08386e-05
4433,1.08386e-05
4434,1.09342e-05
4435,1.10527e-05
4436,1.07171e-05
4437,1.0905e-05
4438,1.07962e-05
4439,1.07962e-05
4440,1.07694e-05
4441,1.09806e-05
4442,1.10013e-05
4443,1.08722e-05
4444,1.08452e-05
4445,1.09212e-05
4446,1.09919e-05
4447,1.097e-05
4448,1.097e-05
4449,1.1119e-05
4450,1.11295e-05
4451,1.09403e-05
4452,1.11602e-05
4453,1.11072e-05
4454,1.12023e-05
4455,1.09784e-05
4456,1.13014e-05
4457,1.11798e-05
4458,1.12773e-05
4459,1.12773e-05
4460,1.12773e-05
4461,1.12443e-05
4462,1.12443e-05
4463,1.1097e-05
4464,1.07978e-05
4465,1.08859e-05
4466,1.09362e-05
4467,1.09362e-05
4468,1.09699e-05
4469,1.09699e-05
4470,1.10939e-05
4471,1.10266e-05
4472,1.10266e-05
4473,1.11537e-05
4474,1.09736e-05
4475,1.08971e-05
4476,1.12653e-05
4477,1.11923e-05
4478,1.11923e-05
4479,1.12243e-05
4480,1.12243e-05
4481,1.11307e-05
4482,1.0964e-05
4483,1.08642e-05
4484,1.12481e-05
4485,1.10626e-05
4486,1.08226e-05
4487,1.09489e-05
4488,1.10408e-05
4489,1.09297e-05
4490,1.10406e-05
4491,1.09846e-05
4492,1.09962e-05
4493,1.09636e-05
4494,1.09837e-05
4495,1.09932e-05
4496,1.10005e-05
4497,1.11247e-05
4498,1.11203e-05
4499,1.12217e-05
4500,1.11184e-05
4501,1.09337e-05
4502,1.11431e-05
4503,1.10903e-05
4504,1.11897e-05
4505,1.11173e-05
4506,1.11399e-05
4507,1.11399e-05
4508,1.10597e-05
4509,1.07378e-05
4510,1.08714e-05
4511,1.09342e-05
4512,1.09342e-05
4513,1.09342e-05
4514,1.10926e-05
4515,1.10926e-05
4516,1.11277e-05
4517,1.11908e-05
4518,1.11908e-05
4519,1.1235e-05
4520,1.10666e-05
4521,1.11212e-05
4522,1.11014e-05
4523,1.09394e-05
4524,1.09394e-05
4525,1.09591e-05
4526,1.09591e-05
4527,1.07781e-05
4528,1.0679e-05
4529,1.08868e-05
4530,1.07876e-05
4531,1.07876e-05
4532,1.10094e-05
4533,1.10718e-05
4534,1.0964e-05
4535,1.08717e-05
4536,1.07641e-05
4537,1.08825e-05
4538,1.09488e-05
4539,1.09488e-05
4540,1.08136e-05
4541,1.07545e-05
4542,1.06622e-05
4543,1.06964e-05
4544,1.06964e-05
4545,1.07936e-05
4546,1.11456e-05
4547,1.09482e-05
4548,1.09166e-05
4549,1.09079e-05
4550,1.09079e-05
4551,1.08948e-05
4552,1.11101e-05
4553,1.0948e-05
4554,1.08656e-05
4555,1.10456e-05
4556,1.12026e-05
4557,1.12026e-05
4558,1.08274e-05
4559,1.09205e-05
4560,1.08954e-05
4561,1.08954e-05
4562,1.0961e-05
4563,1.10344e-05
4564,1.10637e-05
4565,1.10957e-05
4566,1.11322e-05
4567,1.11855e-05
4568,1.10065e-05
4569,1.11502e-05
4570,1.11502e-05
4571,1.09895e-05
4572,1.1122e-05
4573,1.09712e-05
4574,1.06867e-05
4575,1.05969e-05
4576,1.06528e-05
4577,1.08017e-05
4578,1.08725e-05
4579,1.08725e-05
4580,1.08656e-05
4581,1.08656e-05
4582,1.08656e-05
4583,1.08184e-05
4584,1.08184e-05
4585,1.08978e-05
4586,1.06697e-05
4587,1.08153e-05
4588,1.0833e-05
4589,1.08479e-05
4590,1.06958e-05
4591,1.08467e-05
4592,1.05957e-05
4593,1.08073e-05
4594,1.09051e-05
4595,1.08786e-05
4596,1.09695e-05
4597,1.09358e-05
4598,1.08175e-05
4599,1.0902e-05
4600,1.09049e-05
4601,1.10009e-05
4602,1.08079e-05
4603,1.09595e-05
4604,1.11528e-05
4605,1.11528e-05
4606,1.10327e-05
4607,1.11937e-05
4608,1.11882e-05
4609,1.12253e-05
4610,1.11865e-05
4611,1.12438e-05
4612,1.09372e-05
4613,1.08573e-05
4614,1.10462e-05
4615,1.08429e-05
4616,1.08338e-05
4617,1.08338e-05
4618,1.07432e-05
4619,1.07568e-05
4620,1.0932e-05
4621,1.07247e-05
4622,1.07836e-05
4623,1.06972e-05
4624,1.07657e-05
4625,1.07991e-05
4626,1.07658e-05
4627,1.07506e-05
4628,1.07954e-05
4629,1.09327e-05
4630,1.10226e-05
4631,1.07882e-05
4632,1.09086e-05
4633,1.11328e-05
4634,1.10193e-05
4635,1.10193e-05
4636,1.10733e-05
4637,1.11273e-05
4638,1.09464e-05
4639,1.11496e-05
4640,1.09612e-05
4641,1.10165e-05
4642,1.11002e-05
4643,1.11002e-05
4644,1.09357e-05
4645,1.09e-05
4646,1.08598e-05
4647,1.08598e-05
4648,1.09657e-05
4649,1.09657e-05
4650,1.09767e-05
4651,1.09631e-05
4652,1.08929e-05
4653,1.07702e-05
4654,1.07916e-05
4655,1.0735e-05
4656,1.0735e-05
4657,1.10169e-05
4658,1.10169e-05
4659,1.07303e-05
4660,1.07303e-05
4661,1.06812e-05
4662,1.06913e-05
4663,1.0952e-05
4664,1.08082e-05
4665,1.08082e-05
4666,1.09416e-05
4667,1.09907e-05
4668,1.09588e-05
4669,1.08321e-05
4670,1.08658e-05
4671,1.08658e-05
4672,1.08187e-05
4673,1.08359e-05
4674,1.09657e-05
4675,1.10111e-05
4676,1.10133e-05
4677,1.10133e-05
4678,1.10731e-05
4679,1.10175e-05
4680,1.11216e-05
4681,1.11216e-05
4682,1.11504e-05
4683,1.13268e-05
4684,1.09826e-05
4685,1.09914e-05
4686,1.10672e-05
4687,1.10672e-05
4688,1.10672e-05
4689,1.08869e-05
4690,1.08677e-05
4691,1.08677e-05
4692,1.08677e-05
4693,1.09674e-05
4694,1.10147e-05
4695,1.07755e-05
4696,1.06308e-05
4697,1.06995e-05
4698,1.06995e-05
4699,1.08094e-05
4700,1.08717e-05
4701,1.08204e-05
4702,1.0885e-05
4703,1.08899e-05
4704,1.1022e-05
4705,1.10119e-05
4706,1.11554e-05
4707,1.1041e-05
4708,1.11324e-05
4709,1.11437e-05
4710,1.1175e-05
4711,1.11341e-05
4712,1.12939e-05
4713,1.11302e-05
4714,1.09917e-05
4715,1.11831e-05
4716,1.11647e-05
4717,1.11822e-05
4718,1.11822e-05
4719,1.1299e-05
4720,1.12112e-05
4721,1.11475e-05
4722,1.11475e-05
4723,1.11475e-05
4724,1.09967e-05
4725,1.10084e-05
4726,1.09965e-05
4727,1.11737e-05
4728,1.10473e-05
4729,1.09167e-05
4730,1.10584e-05
4731,1.09816e-05
4732,1.09813e-05
4733,1.10174e-05
4734,1.10085e-05
4735,1.0902e-05
4736,1.0902e-05
4737,1.0902e-05
4738,1.11106e-05
4739,1.10738e-05
4740,1.10738e-05
4741,1.11259e-05
4742,1.10485e-05
4743,1.07689e-05
4744,1.08861e-05
4745,1.10918e-05
4746,1.10468e-05
4747,1.10537e-05
4748,1.09928e-05
4749,1.08082e-05
4750,1.07998e-05
4751,1.09597e-05
4752,1.10171e-05
4753,1.10009e-05
4754,1.10484e-05
4755,1.07845e-05
4756,1.08156e-05
4757,1.08345e-05
4758,1.08704e-05
4759,1.08704e-05
4760,1.07744e-05
4761,1.08362e-05
4762,1.0657e-05
4763,1.08014e-05
4764,1.09496e-05
4765,1.07447e-05
4766,1.07581e-05
4767,1.07627e-05
4768,1.06972e-05
4769,1.06972e-05
4770,1.07101e-05
4771,1.07684e-05
4772,1.07684e-05
4773,1.06396e-05
4774,1.07648e-05
4775,1.07648e-05
4776,1.09222e-05
4777,1.08569e-05
4778,1.08569e-05
4779,1.09021e-05
4780,1.09021e-05
4781,1.09021e-05
4782,1.09021e-05
4783,1.09707e-05
4784,1.08994e-05
4785,1.08804e-05
4786,1.08113e-05
4787,1.11088e-05
4788,1.11725e-05
4789,1.1012e-05
4790,1.09608e-05
4791,1.08456e-05
4792,1.083e-05
4793,1.08703e-05
4794,1.0815e-05
4795,1.08971e-05
4796,1.09906e-05
4797,1.11088e-05
4798,1.08845e-05
4799,1.09019e-05
4800,1.10311e-05
4801,1.10311e-05
4802,1.09725e-05
4803,1.09725e-05
4804,1.14282e-05
4805,1.14282e-05
4806,1.11959e-05
4807,1.10676e-05
4808,1.12976e-05
4809,1.13706e-05
4810,1.10032e-05
4811,1.10888e-05
4812,1.11226e-05
4813,1.11226e-05
4814,1.11226e-05
4815,1.11226e-05
4816,1.08339e-05
4817,1.08816e-05
4818,1.0941e-05
4819,1.09544e-05
4820,1.09544e-05
4821,1.09132e-05
4822,1.09993e-05
4823,1.09895e-05
4824,1.09895e-05
4825,1.10537e-05
4826,1.11497e-05
4827,1.12043e-05
4828,1.12043e-05
4829,1.1522e-05
4830,1.12879e-05
4831,1.15211e-05
4832,1.17087e-05
4833,1.17087e-05
4834,1.1572e-05
4835,1.16833e-05
4836,1.15329e-05
4837,1.15918e-05
4838,1.13458e-05
4839,1.13417e-05
4840,1.13417e-05
4841,1.15149e-05
4842,1.15205e-05
4843,1.15494e-05
4844,1.13289e-05
4845,1.12213e-05
4846,1.10833e-05
4847,1.0867e-05
4848,1.10911e-05
4849,1.09969e-05
4850,1.09573e-05
4851,1.09573e-05
4852,1.09309e-05
4853,1.081e-05
4854,1.09457e-05
4855,1.09272e-05
4856,1.07785e-05
4857,1.08552e-05
4858,1.06564e-05
4859,1.08146e-05
4860,1.07513e-05
4861,1.07513e-05
4862,1.06209e-05
4863,1.08149e-05
4864,1.09333e-05
4865,1.09451e-05
4866,1.07856e-05
4867,1.08132e-05
4868,1.0794e-05
4869,1.0794e-05
4870,1.07672e-05
4871,1.07207e-05
4872,1.07783e-05
4873,1.09225e-05
4874,1.10464e-05
4875,1.09302e-05
4876,1.08725e-05
4877,1.08973e-05
4878,1.10033e-05
4879,1.10033e-05
4880,1.11188e-05
4881,1.11188e-05
4882,1.12149e-05
4883,1.11603e-05
4884,1.11621e-05
4885,1.12879e-05
4886,1.10508e-05
4887,1.10593e-05
4888,1.12696e-05
4889,1.11205e-05
4890,1.10627e-05
4891,1.12136e-05
4892,1.12136e-05
4893,1.14442e-05
4894,1.14068e-05
4895,1.12106e-05
4896,1.12618e-05
4897,1.12618e-05
4898,1.16394e-05
4899,1.13546e-05
4900,1.13248e-05
4901,1.12676e-05
4902,1.11474e-05
4903,1.13023e-05
4904,1.15876e-05
4905,1.14832e-05
4906,1.12351e-05
4907,1.126e-05
4908,1.11967e-05
4909,1.11669e-05
4910,1.12367e-05
4911,1.11057e-05
4912,1.11057e-05
4913,1.11057e-05
4914,1.11057e-05
4915,1.13231e-05
4916,1.11851e-05
4917,1.11127e-05
4918,1.116e-05
4919,1.12669e-05
4920,1.12907e-05
4921,1.12712e-05
4922,1.12515e-05
4923,1.12515e-05
4924,1.13705e-05
4925,1.13221e-05
4926,1.12841e-05
4927,1.13672e-05
4928,1.16166e-05
4929,1.16924e-05
4930,1.1455e-05
4931,1.16309e-05
4932,1.17013e-05
4933,1.17013e-05
4934,1.17013e-05
4935,1.17013e-05
4936,1.19051e-05
4937,1.17228e-05
4938,1.17228e-05
4939,1.16996e-05
4940,1.14985e-05
4941,1.15899e-05
4942,1.15899e-05
4943,1.15899e-05
4944,1.15899e-05
4945,1.13269e-05
4946,1.1161e-05
4947,1.09656e-05
4948,1.09656e-05
4949,1.1073e-05
4950,1.08822e-05
4951,1.09839e-05
4952,1.10407e-05
4953,1.11171e-05
4954,1.10591e-05
4955,1.10868e-05
4956,1.09926e-05
4957,1.09926e-05
4958,1.11623e-05
4959,1.11528e-05
4960,1.13505e-05
4961,1.12417e-05
4962,1.12417e-05
4963,1.13245e-05
4964,1.09469e-05
4965,1.10127e-05
4966,1.10258e-05
4967,1.10457e-05
4968,1.11257e-05
4969,1.10409e-05
4970,1.10239e-05
4971,1.10175e-05
4972,1.10278e-05
4973,1.1136e-05
4974,1.09124e-05
4975,1.10552e-05
4976,1.10552e-05
4977,1.10248e-05
4978,1.1115e-05
4979,1.1115e-05
4980,1.11159e-05
4981,1.11996e-05
4982,1.11545e-05
4983,1.10908e-05
4984,1.1214e-05
4985,1.1214e-05
4986,1.1051e-05
4987,1.1051e-05
4988,1.08721e-05
4989,1.08721e-05
4990,1.09698e-05
4991,1.08016e-05
4992,1.07607e-05
4993,1.07607e-05
4994,1.07607e-05
4995,1.10255e-05
4996,1.08563e-05
4997,1.0845e-05
4998,1.08218e-05
4999,1.08218e-05
5000,1.1014e-05
5001,1.09198e-05
5002,1.09293e-05
5003,1.09473e-05
5004,1.07729e-05
5005,1.08557e-05
5006,1.07926e-05
5007,1.07155e-05
5008,1.08529e-05
5009,1.08529e-05
5010,1.09432e-05
5011,1.12228e-05
5012,1.11871e-05
5013,1.10068e-05
5014,1.10232e-05
5015,1.13519e-05
5016,1.13519e-05
5017,1.11104e-05
5018,1.11488e-05
5019,1.13359e-05
5020,1.1047e-05
5021,1.09874e-05
5022,1.09825e-05
5023,1.09064e-05
5024,1.09533e-05
5025,1.08371e-05
5026,1.0788e-05
5027,1.09416e-05
5028,1.09326e-05
5029,1.11052e-05
5030,1.10889e-05
5031,1.1e-05
5032,1.10203e-05
5033,1.09552e-05
5034,1.09133e-05
5035,1.09136e-05
5036,1.08344e-05
5037,1.11123e-05
5038,1.10701e-05
5039,1.10124e-05
5040,1.10124e-05
5041,1.10769e-05
5042,1.14667e-05
5043,1.14667e-05
5044,1.12316e-05
5045,1.12363e-05
5046,1.10409e-05
5047,1.11745e-05
5048,1.12347e-05
5049,1.10545e-05
5050,1.09261e-05
5051,1.11164e-05
5052,1.09897e-05
5053,1.09897e-05
5054,1.09776e-05
5055,1.09702e-05
5056,1.09702e-05
5057,1.12272e-05
5058,1.12272e-05
5059,1.09845e-05
5060,1.09882e-05
5061,1.09882e-05
5062,1.09867e-05
5063,1.08936e-05
5064,1.09249e-05
5065,1.09818e-05
5066,1.10116e-05
5067,1.09234e-05
5068,1.09229e-05
5069,1.08734e-05
5070,1.10337e-05
5071,1.12189e-05
5072,1.12583e-05
5073,1.12583e-05
5074,1.08121e-05
5075,1.11552e-05
5076,1.10623e-05
5077,1.10709e-05
5078,1.08995e-05
5079,1.09709e-05
5080,1.09709e-05
5081,1.0924e-05
5082,1.09421e-05
5083,1.10155e-05
5084,1.08416e-05
5085,1.08416e-05
5086,1.08416e-05
5087,1.10282e-05
5088,1.11665e-05
5089,1.1136e-05
5090,1.11538e-05
5091,1.10655e-05
5092,1.123e-05
5093,1.11398e-05
5094,1.11785e-05
5095,1.11785e-05
5096,1.0924e-05
5097,1.10505e-05
5098,1.10505e-05
5099,1.11401e-05
5100,1.11097e-05
5101,1.11472e-05
5102,1.10914e-05
5103,1.11502e-05
5104,1.11172e-05
5105,1.11172e-05
5106,1.11787e-05
5107,1.11147e-05
5108,1.11147e-05
5109,1.10691e-05
5110,1.10513e-05
5111,1.10513e-05
5112,1.09439e-05
5113,1.09439e-05
5114,1.08355e-05
5115,1.08679e-05
5116,1.10217e-05
5117,1.08287e-05
5118,1.08287e-05
5119,1.08287e-05
5120,1.08413e-05
5121,1.08413e-05
5122,1.07527e-05
5123,1.07527e-05
5124,1.07527e-05
5125,1.07527e-05
5126,1.08176e-05
5127,1.07347e-05
5128,1.08811e-05
5129,1.08811e-05
5130,1.07838e-05
5131,1.08938e-05
5132,1.08668e-05
5133,1.10308e-05
5134,1.12042e-05
5135,1.12042e-05
5136,1.08334e-05
5137,1.08267e-05
5138,1.09723e-05
5139,1.09723e-05
5140,1.09035e-05
5141,1.086e-05
5142,1.0843e-05
5143,1.09747e-05
5144,1.11482e-05
5145,1.11315e-05
5146,1.11117e-05
5147,1.09812e-05
5148,1.09812e-05
5149,1.09812e-05
5150,1.08325e-05
5151,1.09676e-05
5152,1.07451e-05
5153,1.08222e-05
5154,1.08222e-05
5155,1.06871e-05
5156,1.06655e-05
5157,1.06847e-05
5158,1.06847e-05
5159,1.07644e-05
5160,1.05799e-05
5161,1.0822e-05
5162,1.08403e-05
5163,1.08403e-05
5164,1.08403e-05
5165,1.07362e-05
5166,1.08134e-05
5167,1.08134e-05
5168,1.08934e-05
5169,1.09948e-05
5170,1.09407e-05
5171,1.07986e-05
5172,1.07986e-05
5173,1.1088e-05
5174,1.10138e-05
5175,1.1129e-05
5176,1.1129e-05
5177,1.13054e-05
5178,1.12565e-05
5179,1.11629e-05
5180,1.13562e-05
5181,1.13562e-05
5182,1.14972e-05
5183,1.14692e-05
5184,1.14692e-05
5185,1.1277e-05
5186,1.12041e-05
5187,1.09664e-05
5188,1.09568e-05
5189,1.10542e-05
5190,1.1048e-05
5191,1.1048e-05
5192,1.09669e-05
5193,1.09669e-05
5194,1.12254e-05
5195,1.12683e-05
5196,1.11884e-05
5197,1.09297e-05
5198,1.08782e-05
5199,1.09219e-05
5200,1.08893e-05
5201,1.08564e-05
5202,1.06985e-05
5203,1.06985e-05
5204,1.06985e-05
5205,1.07165e-05
5206,1.07165e-05
5207,1.05628e-05
5208,1.0736e-05
5209,1.09411e-05
5210,1.08538e-05
5211,1.08679e-05
5212,1.10017e-05
5213,1.10127e-05
5214,1.10127e-05
5215,1.09107e-05
5216,1.08033e-05
5217,1.09427e-05
5218,1.07419e-05
5219,1.0833e-05
5220,1.08738e-05
5221,1.07778e-05
5222,1.09023e-05
5223,1.09023e-05
5224,1.07887e-05
5225,1.10202e-05
5226,1.10227e-05
5227,1.09765e-05
5228,1.09681e-05
5229,1.11593e-05
5230,1.09114e-05
5231,1.10844e-05
5232,1.10454e-05
5233,1.11185e-05
5234,1.08057e-05
5235,1.0875e-05
5236,1.1019e-05
5237,1.1019e-05
5238,1.1019e-05
5239,1.09839e-05
5240,1.10603e-05
5241,1.11046e-05
5242,1.13108e-05
5243,1.09046e-05
5244,1.08165e-05
5245,1.08889e-05
5246,1.10089e-05
5247,1.08094e-05
5248,1.09201e-05
5249,1.09039e-05
5250,1.07894e-05
5251,1.07894e-05
5252,1.08988e-05
5253,1.08988e-05
5254,1.09126e-05
5255,1.09274e-05
5256,1.10251e-05
5257,1.09599e-05
5258,1.09699e-05
5259,1.0972e-05
5260,1.10221e-05
5261,1.11052e-05
5262,1.11052e-05
5263,1.08751e-05
5264,1.11198e-05
5265,1.09001e-05
5266,1.12699e-05
5267,1.111e-05
5268,1.11783e-05
5269,1.11783e-05
5270,1.12474e-05
5271,1.13547e-05
5272,1.10076e-05
5273,1.10076e-05
5274,1.09567e-05
5275,1.09567e-05
5276,1.11371e-05
5277,1.10254e-05
5278,1.1002e-05
5279,1.11173e-05
5280,1.10044e-05
5281,1.10044e-05
5282,1.10968e-05
5283,1.12234e-05
5284,1.12571e-05
5285,1.11657e-05
5286,1.1135e-05
5287,1.1123e-05
5288,1.1132e-05
5289,1.11049e-05
5290,1.10796e-05
5291,1.08591e-05
5292,1.08924e-05
5293,1.09971e-05
5294,1.09971e-05
5295,1.10033e-05
5296,1.09432e-05
5297,1.07743e-05
5298,1.07743e-05
5299,1.10084e-05
5300,1.11125e-05
5301,1.09878e-05
5302,1.09558e-05
5303,1.09558e-05
5304,1.10229e-05
5305,1.08822e-05
5306,1.08822e-05
5307,1.11195e-05
5308,1.13748e-05
5309,1.11018e-05
5310,1.08882e-05
5311,1.08882e-05
5312,1.10089e-05
5313,1.09481e-05
5314,1.09481e-05
5315,1.10324e-05
5316,1.09295e-05
5317,1.08865e-05
5318,1.09121e-05
5319,1.08055e-05
5320,1.09087e-05
5321,1.0807e-05
5322,1.09329e-05
5323,1.10505e-05
5324,1.10791e-05
5325,1.08849e-05
5326,1.10216e-05
5327,1.10216e-05
5328,1.10685e-05
5329,1.10685e-05
5330,1.09453e-05
5331,1.10875e-05
5332,1.09036e-05
5333,1.111e-05
5334,1.11438e-05
5335,1.11254e-05
5336,1.12302e-05
5337,1.13188e-05
5338,1.13684e-05
5339,1.10992e-05
5340,1.13239e-05
5341,1.11545e-05
5342,1.11545e-05
5343,1.11545e-05
5344,1.12604e-05
5345,1.13102e-05
5346,1.0968e-05
5347,1.11172e-05
5348,1.10957e-05
5349,1.09415e-05
5350,1.08452e-05
5351,1.08452e-05
5352,1.08848e-05
5353,1.08848e-05
5354,1.08811e-05
5355,1.10912e-05
5356,1.11293e-05
5357,1.11293e-05
5358,1.09728e-05
5359,1.09728e-05
5360,1.09503e-05
5361,1.0898e-05
5362,1.08505e-05
5363,1.07767e-05
5364,1.08315e-05
5365,1.08315e-05
5366,1.08315e-05
5367,1.07772e-05
5368,1.07201e-05
5369,1.09065e-05
5370,1.08334e-05
5371,1.10793e-05
5372,1.11171e-05
5373,1.11907e-05
5374,1.11875e-05
5375,1.09955e-05
5376,1.10866e-05
5377,1.10866e-05
5378,1.10043e-05
5379,1.114e-05
5380,1.08579e-05
5381,1.08428e-05
5382,1.08819e-05
5383,1.08819e-05
5384,1.08819e-05
5385,1.09181e-05
5386,1.07904e-05
5387,1.09462e-05
5388,1.1036e-05
5389,1.09806e-05
5390,1.08973e-05
5391,1.09243e-05
5392,1.09243e-05
5393,1.09243e-05
5394,1.09243e-05
5395,1.09113e-05
5396,1.10201e-05
5397,1.10305e-05
5398,1.10305e-05
5399,1.11054e-05
5400,1.09604e-05
5401,1.09196e-05
5402,1.09774e-05
5403,1.10274e-05
5404,1.09684e-05
5405,1.10055e-05
5406,1.07925e-05
5407,1.07928e-05
5408,1.08551e-05
5409,1.07889e-05
5410,1.09355e-05
5411,1.08443e-05
5412,1.11329e-05
5413,1.13383e-05
5414,1.1157e-05
5415,1.11341e-05
5416,1.12175e-05
5417,1.10894e-05
5418,1.11231e-05
5419,1.09944e-05
5420,1.10393e-05
5421,1.09336e-05
5422,1.10025e-05
5423,1.09612e-05
5424,1.08559e-05
5425,1.08774e-05
5426,1.05801e-05
5427,1.05801e-05
5428,1.0693e-05
5429,1.06108e-05
5430,1.06288e-05
5431,1.06613e-05
5432,1.07551e-05
5433,1.07174e-05
5434,1.07049e-05
5435,1.07049e-05
5436,1.09478e-05
5437,1.11667e-05
5438,1.11455e-05
5439,1.11455e-05
5440,1.09567e-05
5441,1.09324e-05
5442,1.07996e-05
5443,1.07799e-05
5444,1.06938e-05
5445,1.107e-05
5446,1.1004e-05
5447,1.1004e-05
5448,1.09032e-05
5449,1.08475e-05
5450,1.08648e-05
5451,1.08648e-05
5452,1.08648e-05
5453,1.08648e-05
5454,1.09901e-05
5455,1.08196e-05
5456,1.09355e-05
5457,1.09688e-05
5458,1.09633e-05
5459,1.09323e-05
5460,1.1084e-05
5461,1.1084e-05
5462,1.10538e-05
5463,1.09018e-05
5464,1.09018e-05
5465,1.07317e-05
5466,1.08547e-05
5467,1.09605e-05
5468,1.09605e-05
5469,1.0764e-05
5470,1.07888e-05
5471,1.07888e-05
5472,1.07888e-05
5473,1.07496e-05
5474,1.0822e-05
5475,1.07335e-05
5476,1.08342e-05
5477,1.08342e-05
5478,1.05676e-05
5479,1.04775e-05
5480,1.04775e-05
5481,1.04775e-05
5482,1.0511e-05
5483,1.05406e-05
5484,1.06016e-05
5485,1.06246e-05
5486,1.06838e-05
5487,1.06967e-05
5488,1.07155e-05
5489,1.07289e-05
5490,1.07307e-05
5491,1.06105e-05
5492,1.04763e-05
5493,1.08523e-05
5494,1.08523e-05
5495,1.09533e-05
5496,1.08063e-05
5497,1.09013e-05
5498,1.09355e-05
5499,1.08998e-05
5500,1.06898e-05
5501,1.09233e-05
5502,1.09233e-05
5503,1.10784e-05
5504,1.10784e-05
5505,1.08445e-05
5506,1.07239e-05
5507,1.07239e-05
5508,1.08107e-05
5509,1.0832e-05
5510,1.0832e-05
5511,1.0832e-05
5512,1.08192e-05
5513,1.08192e-05
5514,1.08192e-05
5515,1.08735e-05
5516,1.07673e-05
5517,1.07673e-05
5518,1.07673e-05
5519,1.08256e-05
5520,1.08256e-05
5521,1.08256e-05
5522,1.0753e-05
5523,1.08447e-05
5524,1.08344e-05
5525,1.08344e-05
5526,1.08901e-05
5527,1.09915e-05
5528,1.09915e-05
5529,1.11437e-05
5530,1.11437e-05
5531,1.11437e-05
5532,1.14368e-05
5533,1.11587e-05
5534,1.11086e-05
5535,1.11086e-05
5536,1.11061e-05
5537,1.11665e-05
5538,1.11791e-05
5539,1.13441e-05
5540,1.13441e-05
5541,1.14051e-05
5542,1.12295e-05
5543,1.12684e-05
5544,1.12653e-05
5545,1.08996e-05
5546,1.10432e-05
5547,1.08952e-05
5548,1.10188e-05
5549,1.09386e-05
5550,1.09383e-05
5551,1.09383e-05
5552,1.09383e-05
5553,1.1045e-05
5554,1.11272e-05
5555,1.11272e-05
5556,1.09332e-05
5557,1.11135e-05
5558,1.09137e-05
5559,1.10081e-05
5560,1.10081e-05
5561,1.10081e-05
5562,1.11416e-05
5563,1.09333e-05
5564,1.0968e-05
5565,1.0968e-05
5566,1.0949e-05
5567,1.07144e-05
5568,1.07211e-05
5569,1.08935e-05
5570,1.08347e-05
5571,1.08347e-05
5572,1.08347e-05
5573,1.09158e-05
5574,1.09859e-05
5575,1.09859e-05
5576,1.10846e-05
5577,1.10585e-05
5578,1.12512e-05
5579,1.11525e-05
5580,1.12554e-05
5581,1.12554e-05
5582,1.12554e-05
5583,1.12222e-05
5584,1.10488e-05
5585,1.10488e-05
5586,1.10777e-05
5587,1.10777e-05
5588,1.10777e-05
5589,1.11097e-05
5590,1.13311e-05
5591,1.12459e-05
5592,1.10947e-05
5593,1.10947e-05
5594,1.10602e-05
5595,1.11286e-05
5596,1.09905e-05
5597,1.12057e-05
5598,1.12681e-05
5599,1.14923e-05
5600,1.14923e-05
5601,1.12781e-05
5602,1.12781e-05
5603,1.12813e-05
5604,1.12813e-05
5605,1.1536e-05
5606,1.13633e-05
5607,1.12815e-05
5608,1.12526e-05
5609,1.10412e-05
5610,1.12049e-05
5611,1.11602e-05
5612,1.11602e-05
5613,1.09247e-05
5614,1.1062e-05
5615,1.1062e-05
5616,1.1062e-05
5617,1.10776e-05
5618,1.1178e-05
5619,1.12556e-05
5620,1.12556e-05
5621,1.09717e-05
5622,1.11711e-05
5623,1.11644e-05
5624,1.11644e-05
5625,1.12755e-05
5626,1.1305e-05
5627,1.1305e-05
5628,1.12843e-05
5629,1.12161e-05
5630,1.13417e-05
5631,1.12378e-05
5632,1.13238e-05
5633,1.13238e-05
5634,1.13238e-05
5635,1.11386e-05
5636,1.1358e-05
5637,1.1358e-05
5638,1.1358e-05
5639,1.1107e-05
5640,1.10078e-05
5641,1.11362e-05
5642,1.12257e-05
5643,1.11493e-05
5644,1.11944e-05
5645,1.11944e-05
5646,1.10103e-05
5647,1.10832e-05
5648,1.10832e-05
5649,1.10589e-05
5650,1.09513e-05
5651,1.10136e-05
5652,1.09768e-05
5653,1.09768e-05
5654,1.09768e-05
5655,1.12096e-05
5656,1.10033e-05
5657,1.0859e-05
5658,1.11047e-05
5659,1.12686e-05
5660,1.11729e-05
5661,1.11729e-05
5662,1.12432e-05
5663,1.11011e-05
5664,1.12445e-05
5665,1.11403e-05
5666,1.111e-05
5667,1.111e-05
5668,1.10486e-05
5669,1.12017e-05
5670,1.12017e-05
5671,1.13089e-05
5672,1.13089e-05
5673,1.11989e-05
5674,1.11459e-05
5675,1.11906e-05
5676,1.12357e-05
5677,1.11645e-05
5678,1.10124e-05
5679,1.09891e-05
5680,1.1103e-05
5681,1.10051e-05
5682,1.10197e-05
5683,1.09516e-05
5684,1.09516e-05
5685,1.101e-05
5686,1.101e-05
5687,1.09976e-05
5688,1.10028e-05
5689,1.10028e-05
5690,1.11803e-05
5691,1.12184e-05
5692,1.13257e-05
5693,1.13872e-05
5694,1.14961e-05
5695,1.13344e-05
5696,1.13039e-05
5697,1.13039e-05
5698,1.125e-05
5699,1.12555e-05
5700,1.1039e-05
5701,1.1039e-05
5702,1.1276e-05
5703,1.1276e-05
5704,1.12771e-05
5705,1.1165e-05
5706,1.11914e-05
5707,1.11222e-05
5708,1.12106e-05
5709,1.12106e-05
5710,1.11026e-05
5711,1.12181e-05
5712,1.12181e-05
5713,1.12733e-05
5714,1.12733e-05
5715,1.11139e-05
5716,1.12036e-05
5717,1.12166e-05
5718,1.12166e-05
5719,1.12166e-05
5720,1.11882e-05
5721,1.09626e-05
5722,1.09866e-05
5723,1.11036e-05
5724,1.11142e-05
5725,1.09519e-05
5726,1.10731e-05
5727,1.09476e-05
5728,1.09476e-05
5729,1.09555e-05
5730,1.09555e-05
5731,1.09032e-05
5732,1.09717e-05
5733,1.11008e-05
5734,1.09884e-05
5735,1.09884e-05
5736,1.09884e-05
5737,1.09685e-05
5738,1.08721e-05
5739,1.08615e-05
5740,1.08863e-05
5741,1.09684e-05
5742,1.11286e-05
5743,1.11234e-05
5744,1.10992e-05
5745,1.09218e-05
5746,1.09218e-05
5747,1.09657e-05
5748,1.09695e-05
5749,1.12162e-05
5750,1.10179e-05
5751,1.09483e-05
5752,1.10448e-05
5753,1.10448e-05
5754,1.10908e-05
5755,1.10687e-05
5756,1.09372e-05
5757,1.10214e-05
5758,1.10214e-05
5759,1.15166e-05
5760,1.11465e-05
5761,1.11465e-05
5762,1.11154e-05
5763,1.1259e-05
5764,1.13046e-05
5765,1.1385e-05
5766,1.1236e-05
5767,1.11015e-05
5768,1.11535e-05
5769,1.11535e-05
5770,1.09958e-05
5771,1.09832e-05
5772,1.10268e-05
5773,1.09041e-05
5774,1.08351e-05
5775,1.08957e-05
5776,1.08957e-05
5777,1.08845e-05
5778,1.09438e-05
5779,1.09438e-05
5780,1.08236e-05
5781,1.0878e-05
5782,1.10127e-05
5783,1.10372e-05
5784,1.13197e-05
5785,1.12806e-05
5786,1.13969e-05
5787,1.13969e-05
5788,1.11287e-05
5789,1.09693e-05
5790,1.10051e-05
5791,1.10023e-05
5792,1.10023e-05
5793,1.10244e-05
5794,1.09455e-05
5795,1.09016e-05
5796,1.09032e-05
5797,1.09032e-05
5798,1.09811e-05
5799,1.08176e-05
5800,1.08042e-05
5801,1.10082e-05
5802,1.10082e-05
5803,1.0918e-05
5804,1.09689e-05
5805,1.09538e-05
5806,1.09538e-05
5807,1.09568e-05
5808,1.10166e-05
5809,1.09357e-05
5810,1.09058e-05
5811,1.09058e-05
5812,1.08453e-05
5813,1.10378e-05
5814,1.0949e-05
5815,1.07796e-05
5816,1.07796e-05
5817,1.07796e-05
5818,1.08819e-05
5819,1.08819e-05
5820,1.10188e-05
5821,1.10319e-05
5822,1.10325e-05
5823,1.09683e-05
5824,1.09983e-05
5825,1.11515e-05
5826,1.10067e-05
5827,1.09412e-05
5828,1.11341e-05
5829,1.11341e-05
5830,1.09408e-05
5831,1.09408e-05
5832,1.0832e-05
5833,1.11687e-05
5834,1.11915e-05
5835,1.10334e-05
5836,1.11948e-05
5837,1.11948e-05
5838,1.13152e-05
5839,1.13322e-05
5840,1.11016e-05
5841,1.09962e-05
5842,1.10353e-05
5843,1.08923e-05
5844,1.09983e-05
5845,1.09071e-05
5846,1.07997e-05
5847,1.09084e-05
5848,1.10617e-05
5849,1.1056e-05
5850,1.09739e-05
5851,1.10638e-05
5852,1.11195e-05
5853,1.09395e-05
5854,1.08988e-05
5855,1.10531e-05
5856,1.10033e-05
5857,1.10033e-05
5858,1.08554e-05
5859,1.08606e-05
5860,1.08606e-05
5861,1.08606e-05
5862,1.08308e-05
5863,1.10557e-05
5864,1.10557e-05
5865,1.10557e-05
5866,1.10846e-05
5867,1.10364e-05
5868,1.10364e-05
5869,1.11158e-05
5870,1.11158e-05
5871,1.10505e-05
5872,1.10314e-05
5873,1.09961e-05
5874,1.0973e-05
5875,1.08903e-05
5876,1.1035e-05
5877,1.08927e-05
5878,1.08362e-05
5879,1.0925e-05
5880,1.08404e-05
5881,1.08404e-05
5882,1.11337e-05
5883,1.10103e-05
5884,1.14126e-05
5885,1.13671e-05
5886,1.1109e-05
5887,1.11524e-05
5888,1.11879e-05
5889,1.12195e-05
5890,1.09228e-05
5891,1.1015e-05
5892,1.1015e-05
5893,1.10487e-05
5894,1.0742e-05
5895,1.0952e-05
5896,1.0952e-05
5897,1.0795e-05
5898,1.08241e-05
5899,1.09724e-05
5900,1.09686e-05
5901,1.10067e-05
5902,1.10067e-05
5903,1.1121e-05
5904,1.1121e-05
5905,1.1121e-05
5906,1.09027e-05
5907,1.11931e-05
5908,1.13963e-05
5909,1.16381e-05
5910,1.19402e-05
5911,1.17739e-05
5912,1.14474e-05
5913,1.1594e-05
5914,1.14506e-05
5915,1.13162e-05
5916,1.12923e-05
5917,1.11247e-05
5918,1.11799e-05
5919,1.14046e-05
5920,1.11296e-05
5921,1.13015e-05
5922,1.11351e-05
5923,1.12502e-05
5924,1.11906e-05
5925,1.12899e-05
5926,1.12899e-05
5927,1.10772e-05
5928,1.10772e-05
5929,1.10772e-05
5930,1.12059e-05
5931,1.08679e-05
5932,1.10051e-05
5933,1.11666e-05
5934,1.11102e-05
5935,1.10415e-05
5936,1.10467e-05
5937,1.10467e-05
5938,1.10265e-05
5939,1.10552e-05
5940,1.11467e-05
5941,1.09118e-05
5942,1.08585e-05
5943,1.08806e-05
5944,1.08389e-05
5945,1.07267e-05
5946,1.07267e-05
5947,1.06104e-05
5948,1.08321e-05
5949,1.06797e-05
5950,1.07109e-05
5951,1.07109e-05
5952,1.05737e-05
5953,1.06374e-05
5954,1.05213e-05
5955,1.05213e-05
5956,1.05971e-05
5957,1.07172e-05
5958,1.07172e-05
5959,1.06458e-05
5960,1.07469e-05
5961,1.07368e-05
5962,1.07368e-05
5963,1.0731e-05
5964,1.05945e-05
5965,1.07607e-05
5966,1.07471e-05
5967,1.07471e-05
5968,1.07845e-05
5969,1.07128e-05
5970,1.09322e-05
5971,1.08284e-05
5972,1.08874e-05
5973,1.07369e-05
5974,1.07369e-05
5975,1.08281e-05
5976,1.10705e-05
5977,1.08248e-05
5978,1.08248e-05
5979,1.08248e-05
5980,1.08726e-05
5981,1.08119e-05
5982,1.07649e-05
5983,1.06155e-05
5984,1.07219e-05
5985,1.08617e-05
5986,1.08703e-05
5987,1.07378e-05
5988,1.09798e-05
5989,1.07338e-05
5990,1.08625e-05
5991,1.08792e-05
5992,1.09154e-05
5993,1.09069e-05
5994,1.10659e-05
5995,1.07725e-05
5996,1.06569e-05
5997,1.07242e-05
5998,1.0705e-05
5999,1.08299e-05
6000,1.05408e-05
6001,1.06855e-05
6002,1.0587e-05
6003,1.061e-05
6004,1.0722e-05
6005,1.0722e-05
6006,1.0722e-05
6007,1.08244e-05
6008,1.09973e-05
6009,1.11484e-05
6010,1.13434e-05
6011,1.09023e-05
6012,1.10337e-05
6013,1.09598e-05
6014,1.07416e-05
6015,1.07416e-05
6016,1.08816e-05
6017,1.08993e-05
6018,1.08911e-05
6019,1.08684e-05
6020,1.08684e-05
6021,1.0803e-05
6022,1.08224e-05
6023,1.09426e-05
6024,1.07962e-05
6025,1.07094e-05
6026,1.07269e-05
6027,1.08863e-05
6028,1.10877e-05
6029,1.10877e-05
6030,1.1063e-05
6031,1.09055e-05
6032,1.09588e-05
6033,1.08906e-05
6034,1.08831e-05
6035,1.06328e-05
6036,1.07195e-05
6037,1.06727e-05
6038,1.07786e-05
6039,1.07786e-05
6040,1.06944e-05
6041,1.06944e-05
6042,1.07549e-05
6043,1.07512e-05
6044,1.0846e-05
6045,1.0846e-05
6046,1.0756e-05
6047,1.05248e-05
6048,1.07558e-05
6049,1.08636e-05
6050,1.09126e-05
6051,1.1007e-05
6052,1.09686e-05
6053,1.09686e-05
6054,1.10176e-05
6055,1.12048e-05
6056,1.1371e-05
6057,1.14257e-05
6058,1.12482e-05
6059,1.12482e-05
6060,1.12808e-05
6061,1.12808e-05
6062,1.12808e-05
6063,1.13052e-05
6064,1.13052e-05
6065,1.11239e-05
6066,1.10561e-05
6067,1.10561e-05
6068,1.13373e-05
6069,1.12559e-05
6070,1.10008e-05
6071,1.09861e-05
6072,1.10626e-05
6073,1.10626e-05
6074,1.10626e-05
6075,1.10626e-05
6076,1.12617e-05
6077,1.10683e-05
6078,1.10767e-05
6079,1.106e-05
6080,1.11319e-05
6081,1.108e-05
6082,1.12121e-05
6083,1.12121e-05
6084,1.098e-05
6085,1.10347e-05
6086,1.09429e-05
6087,1.08524e-05
6088,1.08476e-05
6089,1.09302e-05
6090,1.09811e-05
6091,1.0881e-05
6092,1.09454e-05
6093,1.09461e-05
6094,1.08539e-05
6095,1.06841e-05
6096,1.07952e-05
6097,1.09566e-05
6098,1.09487e-05
6099,1.09487e-05
6100,1.09527e-05
6101,1.08975e-05
6102,1.0853e-05
6103,1.0737e-05
6104,1.0737e-05
6105,1.09531e-05
6106,1.10594e-05
6107,1.0957e-05
6108,1.09127e-05
6109,1.1018e-05
6110,1.09045e-05
6111,1.09637e-05
6112,1.09637e-05
6113,1.10303e-05
6114,1.08658e-05
6115,1.07567e-05
6116,1.07567e-05
6117,1.07551e-05
6118,1.0855e-05
6119,1.0855e-05
6120,1.09712e-05
6121,1.10004e-05
6122,1.10004e-05
6123,1.10004e-05
6124,1.11103e-05
6125,1.08829e-05
6126,1.0767e-05
6127,1.07245e-05
6128,1.10991e-05
6129,1.08927e-05
6130,1.08923e-05
6131,1.08923e-05
6132,1.08923e-05
6133,1.08462e-05
6134,1.09028e-05
6135,1.07354e-05
6136,1.07354e-05
6137,1.07515e-05
6138,1.07515e-05
6139,1.09849e-05
6140,1.08911e-05
6141,1.06835e-05
6142,1.07161e-05
6143,1.06193e-05
6144,1.0731e-05
6145,1.08868e-05
6146,1.0922e-05
6147,1.10823e-05
6148,1.12395e-05
6149,1.12395e-05
6150,1.12509e-05
6151,1.1485e-05
6152,1.13228e-05
6153,1.13185e-05
6154,1.14631e-05
6155,1.16283e-05
6156,1.17505e-05
6157,1.17044e-05
6158,1.19471e-05
6159,1.23663e-05
6160,1.19738e-05
6161,1.18038e-05
6162,1.16208e-05
6163,1.16867e-05
6164,1.15184e-05
6165,1.15184e-05
6166,1.14243e-05
6167,1.15757e-05
6168,1.1488e-05
6169,1.14447e-05
6170,1.13888e-05
6171,1.12309e-05
6172,1.12309e-05
6173,1.116e-05
6174,1.12908e-05
6175,1.11282e-05
6176,1.11282e-05
6177,1.10146e-05
6178,1.10273e-05
6179,1.10025e-05
6180,1.09121e-05
6181,1.08572e-05
6182,1.08632e-05
6183,1.09329e-05
6184,1.09706e-05
6185,1.08997e-05
6186,1.08723e-05
6187,1.09253e-05
6188,1.11957e-05
6189,1.10848e-05
6190,1.13211e-05
6191,1.12657e-05
6192,1.11356e-05
6193,1.11532e-05
6194,1.12532e-05
6195,1.13183e-05
6196,1.13183e-05
6197,1.11175e-05
6198,1.11404e-05
6199,1.14531e-05
6200,1.12658e-05
6201,1.12485e-05
6202,1.09733e-05
6203,1.10176e-05
6204,1.12021e-05
6205,1.1143e-05
6206,1.11454e-05
6207,1.11066e-05
6208,1.11066e-05
6209,1.11998e-05
6210,1.11273e-05
6211,1.15016e-05
6212,1.13358e-05
6213,1.13358e-05
6214,1.13529e-05
6215,1.14543e-05
6216,1.12538e-05
6217,1.15931e-05
6218,1.15931e-05
6219,1.12263e-05
6220,1.14139e-05
6221,1.14139e-05
6222,1.11906e-05
6223,1.0953e-05
6224,1.11113e-05
6225,1.10064e-05
6226,1.10064e-05
6227,1.12595e-05
6228,1.11316e-05
6229,1.11316e-05
6230,1.11258e-05
6231,1.11188e-05
6232,1.11188e-05
6233,1.11005e-05
6234,1.10523e-05
6235,1.09837e-05
6236,1.1154e-05
6237,1.09782e-05
6238,1.10727e-05
6239,1.10361e-05
6240,1.10927e-05
6241,1.10255e-05
6242,1.09261e-05
6243,1.10128e-05
6244,1.10077e-05
6245,1.08975e-05
6246,1.08478e-05
6247,1.09123e-05
6248,1.09319e-05
6249,1.10153e-05
6250,1.11565e-05
6251,1.10274e-05
6252,1.11618e-05
6253,1.11618e-05
6254,1.11618e-05
6255,1.12961e-05
6256,1.12961e-05
6257,1.11602e-05
6258,1.11006e-05
6259,1.11006e-05
6260,1.10782e-05
6261,1.11537e-05
6262,1.11815e-05
6263,1.11815e-05
6264,1.13751e-05
6265,1.11573e-05
6266,1.12302e-05
6267,1.11774e-05
6268,1.10366e-05
6269,1.13646e-05
6270,1.13646e-05
6271,1.12129e-05
6272,1.12496e-05
6273,1.12282e-05
6274,1.12855e-05
6275,1.12855e-05
6276,1.10262e-05
6277,1.10262e-05
6278,1.11558e-05
6279,1.11405e-05
6280,1.10623e-05
6281,1.10623e-05
6282,1.10623e-05
6283,1.11309e-05
6284,1.11309e-05
6285,1.11085e-05
6286,1.11085e-05
6287,1.10024e-05
6288,1.11387e-05
6289,1.10024e-05
6290,1.10024e-05
6291,1.10037e-05
6292,1.0945e-05
6293,1.11039e-05
6294,1.11039e-05
6295,1.11039e-05
6296,1.09432e-05
6297,1.0856e-05
6298,1.08684e-05
6299,1.08684e-05
6300,1.10219e-05
6301,1.09312e-05
6302,1.1022e-05
6303,1.09904e-05
6304,1.11622e-05
6305,1.11389e-05
6306,1.08704e-05
6307,1.08615e-05
6308,1.10662e-05
6309,1.1112e-05
6310,1.08156e-05
6311,1.10208e-05
6312,1.10208e-05
6313,1.10972e-05
6314,1.08942e-05
6315,1.08942e-05
6316,1.09898e-05
6317,1.09898e-05
6318,1.10547e-05
6319,1.12289e-05
6320,1.12289e-05
6321,1.14024e-05
6322,1.12957e-05
6323,1.12957e-05
6324,1.12957e-05
6325,1.11619e-05
6326,1.13605e-05
6327,1.12382e-05
6328,1.12382e-05
6329,1.10651e-05
6330,1.11789e-05
6331,1.10386e-05
6332,1.10683e-05
6333,1.10454e-05
6334,1.09958e-05
6335,1.09958e-05
6336,1.10582e-05
6337,1.10291e-05
6338,1.10291e-05
6339,1.10291e-05
6340,1.10291e-05
6341,1.10291e-05
6342,1.10291e-05
6343,1.11016e-05
6344,1.10748e-05
6345,1.10748e-05
6346,1.1097e-05
6347,1.1097e-05
6348,1.12826e-05
6349,1.11322e-05
6350,1.10687e-05
6351,1.08852e-05
6352,1.0925e-05
6353,1.10896e-05
6354,1.09718e-05
6355,1.08843e-05
6356,1.08843e-05
6357,1.09152e-05
6358,1.0924e-05
6359,1.0924e-05
6360,1.08313e-05
6361,1.08313e-05
6362,1.08609e-05
6363,1.06849e-05
6364,1.0753e-05
6365,1.09641e-05
6366,1.09763e-05
6367,1.09832e-05
6368,1.11133e-05
6369,1.11496e-05
6370,1.10468e-05
6371,1.10468e-05
6372,1.13491e-05
6373,1.12254e-05
6374,1.13811e-05
6375,1.13809e-05
6376,1.12566e-05
6377,1.10928e-05
6378,1.14503e-05
6379,1.1482e-05
6380,1.14714e-05
6381,1.15738e-05
6382,1.1945e-05
6383,1.1945e-05
6384,1.1945e-05
6385,1.16231e-05
6386,1.16231e-05
6387,1.20033e-05
6388,1.15566e-05
6389,1.15566e-05
6390,1.18744e-05
6391,1.22899e-05
6392,1.23939e-05
6393,1.2481e-05
6394,1.22844e-05
6395,1.23921e-05
6396,1.23363e-05
6397,1.23985e-05
6398,1.26093e-05
6399,1.26003e-05
6400,1.25333e-05
6401,1.21543e-05
6402,1.19713e-05
6403,1.17238e-05
6404,1.16171e-05
6405,1.17059e-05
6406,1.14115e-05
6407,1.14966e-05
6408,1.15893e-05
6409,1.13558e-05
6410,1.12519e-05
6411,1.11973e-05
6412,1.13694e-05
6413,1.13694e-05
6414,1.14528e-05
6415,1.13958e-05
6416,1.14224e-05
6417,1.10761e-05
6418,1.1316e-05
6419,1.10376e-05
6420,1.10376e-05
6421,1.11483e-05
6422,1.11467e-05
6423,1.09851e-05
6424,1.09583e-05
6425,1.0801e-05
6426,1.08219e-05
6427,1.08791e-05
6428,1.0891e-05
6429,1.07484e-05
6430,1.08176e-05
6431,1.08243e-05
6432,1.08713e-05
6433,1.07926e-05
6434,1.09473e-05
6435,1.08731e-05
6436,1.09275e-05
6437,1.08163e-05
6438,1.08163e-05
6439,1.08908e-05
6440,1.08103e-05
6441,1.08721e-05
6442,1.08721e-05
6443,1.08721e-05
6444,1.0644e-05
6445,1.0644e-05
6446,1.07203e-05
6447,1.0902e-05
6448,1.08797e-05
6449,1.08797e-05
6450,1.09025e-05
6451,1.07347e-05
6452,1.08034e-05
6453,1.07864e-05
6454,1.10623e-05
6455,1.08635e-05
6456,1.08228e-05
6457,1.10482e-05
6458,1.10272e-05
6459,1.12274e-05
6460,1.12618e-05
6461,1.12184e-05
6462,1.10345e-05
6463,1.09026e-05
6464,1.10171e-05
6465,1.09481e-05
6466,1.09481e-05
6467,1.09481e-05
6468,1.09016e-05
6469,1.09016e-05
6470,1.09016e-05
6471,1.09253e-05
6472,1.09045e-05
6473,1.09148e-05
6474,1.12347e-05
6475,1.12347e-05
6476,1.10976e-05
6477,1.10311e-05
6478,1.1059e-05
6479,1.12453e-05
6480,1.12581e-05
6481,1.12581e-05
6482,1.10475e-05
6483,1.09508e-05
6484,1.09508e-05
6485,1.09508e-05
6486,1.10362e-05
6487,1.13183e-05
6488,1.12296e-05
6489,1.14883e-05
6490,1.18228e-05
6491,1.18179e-05
6492,1.16756e-05
6493,1.15027e-05
6494,1.14398e-05
6495,1.16366e-05
6496,1.13094e-05
6497,1.12354e-05
6498,1.12354e-05
6499,1.11713e-05
6500,1.11713e-05
6501,1.10601e-05
6502,1.12478e-05
6503,1.11137e-05
6504,1.09687e-05
6505,1.09082e-05
6506,1.09334e-05
6507,1.09838e-05
6508,1.09838e-05
6509,1.09838e-05
6510,1.10096e-05
6511,1.09783e-05
6512,1.10516e-05
6513,1.1175e-05
6514,1.10682e-05
6515,1.09727e-05
6516,1.08416e-05
6517,1.07006e-05
6518,1.09035e-05
6519,1.09286e-05
6520,1.10913e-05
6521,1.11972e-05
6522,1.10528e-05
6523,1.09345e-05
6524,1.10306e-05
6525,1.10114e-05
6526,1.07162e-05
6527,1.07162e-05
6528,1.07967e-05
6529,1.05925e-05
6530,1.08163e-05
6531,1.07782e-05
6532,1.07805e-05
6533,1.0878e-05
6534,1.08472e-05
6535,1.09756e-05
6536,1.11747e-05
6537,1.104e-05
6538,1.1059e-05
6539,1.11267e-05
6540,1.12772e-05
6541,1.12052e-05
6542,1.09423e-05
6543,1.08292e-05
6544,1.08292e-05
6545,1.08292e-05
6546,1.08539e-05
6547,1.08849e-05
6548,1.09431e-05
6549,1.11268e-05
6550,1.10618e-05
6551,1.09698e-05
6552,1.07759e-05
6553,1.07759e-05
6554,1.07759e-05
6555,1.0778e-05
6556,1.0778e-05
6557,1.08473e-05
6558,1.08473e-05
6559,1.08764e-05
6560,1.11183e-05
6561,1.08865e-05
6562,1.08285e-05
6563,1.08285e-05
6564,1.09538e-05
6565,1.10487e-05
6566,1.11878e-05
6567,1.10743e-05
6568,1.07887e-05
6569,1.08864e-05
6570,1.08864e-05
6571,1.08267e-05
6572,1.10138e-05
6573,1.08429e-05
6574,1.08429e-05
6575,1.0927e-05
6576,1.09659e-05
6577,1.09469e-05
6578,1.07951e-05
6579,1.08355e-05
6580,1.05794e-05
6581,1.09164e-05
6582,1.09164e-05
6583,1.09544e-05
6584,1.10035e-05
6585,1.10035e-05
6586,1.11082e-05
6587,1.10149e-05
6588,1.10187e-05
6589,1.12927e-05
6590,1.14767e-05
6591,1.18566e-05
6592,1.16393e-05
6593,1.1419e-05
6594,1.13307e-05
6595,1.13307e-05
6596,1.12257e-05
6597,1.11816e-05
6598,1.11816e-05
6599,1.10559e-05
6600,1.11808e-05
6601,1.1433e-05
6602,1.14807e-05
6603,1.12603e-05
6604,1.13989e-05
6605,1.13e-05
6606,1.13048e-05
6607,1.1317e-05
6608,1.14101e-05
6609,1.14101e-05
6610,1.15805e-05
6611,1.18686e-05
6612,1.15811e-05
6613,1.13536e-05
6614,1.15539e-05
6615,1.14353e-05
6616,1.14353e-05
6617,1.14353e-05
6618,1.14792e-05
6619,1.16026e-05
6620,1.16164e-05
6621,1.15294e-05
6622,1.15294e-05
6623,1.14408e-05
6624,1.17529e-05
6625,1.17529e-05
6626,1.13395e-05
6627,1.13395e-05
6628,1.13395e-05
6629,1.12587e-05
6630,1.1119e-05
6631,1.13109e-05
6632,1.1282e-05
6633,1.10774e-05
6634,1.12658e-05
6635,1.12987e-05
6636,1.1619e-05
6637,1.14756e-05
6638,1.14829e-05
6639,1.14829e-05
6640,1.1439e-05
6641,1.13393e-05
6642,1.11752e-05
6643,1.11814e-05
6644,1.11814e-05
6645,1.10665e-05
6646,1.1291e-05
6647,1.09923e-05
6648,1.11359e-05
6649,1.10358e-05
6650,1.11498e-05
6651,1.10797e-05
6652,1.11405e-05
6653,1.11709e-05
6654,1.10145e-05
6655,1.08721e-05
6656,1.08721e-05
6657,1.08721e-05
6658,1.0916e-05
6659,1.09069e-05
6660,1.10134e-05
6661,1.11766e-05
6662,1.11766e-05
6663,1.10456e-05
6664,1.09341e-05
6665,1.1158e-05
6666,1.12265e-05
6667,1.15431e-05
6668,1.14717e-05
6669,1.14717e-05
6670,1.15561e-05
6671,1.13575e-05
6672,1.13828e-05
6673,1.13242e-05
6674,1.10924e-05
6675,1.12699e-05
6676,1.13876e-05
6677,1.15511e-05
6678,1.1647e-05
6679,1.11232e-05
6680,1.11019e-05
6681,1.08165e-05
6682,1.08165e-05
6683,1.08165e-05
6684,1.07956e-05
6685,1.11754e-05
6686,1.12079e-05
6687,1.11103e-05
6688,1.12257e-05
6689,1.10462e-05
6690,1.10353e-05
6691,1.10353e-05
6692,1.09983e-05
6693,1.09983e-05
6694,1.10587e-05
6695,1.0999e-05
6696,1.09551e-05
6697,1.10926e-05
6698,1.08043e-05
6699,1.08996e-05
6700,1.09533e-05
6701,1.1018e-05
6702,1.11255e-05
6703,1.15234e-05
6704,1.14675e-05
6705,1.14197e-05
6706,1.12242e-05
6707,1.12324e-05
6708,1.12324e-05
6709,1.1337e-05
6710,1.13925e-05
6711,1.13585e-05
6712,1.1189e-05
6713,1.13893e-05
6714,1.12091e-05
6715,1.11687e-05
6716,1.08869e-05
6717,1.08869e-05
6718,1.10321e-05
6719,1.10321e-05
6720,1.09178e-05
6721,1.08708e-05
6722,1.08708e-05
6723,1.08786e-05
6724,1.09944e-05
6725,1.09984e-05
6726,1.08249e-05
6727,1.08156e-05
6728,1.09468e-05
6729,1.08439e-05
6730,1.08001e-05
6731,1.08001e-05
6732,1.08821e-05
6733,1.10183e-05
6734,1.07867e-05
6735,1.07867e-05
6736,1.06795e-05
6737,1.08273e-05
6738,1.08273e-05
6739,1.07338e-05
6740,1.05483e-05
6741,1.07631e-05
6742,1.07631e-05
6743,1.06779e-05
6744,1.05223e-05
6745,1.05791e-05
6746,1.06341e-05
6747,1.06281e-05
6748,1.07429e-05
6749,1.07429e-05
6750,1.0966e-05
6751,1.0966e-05
6752,1.0966e-05
6753,1.0966e-05
6754,1.10444e-05
6755,1.10179e-05
6756,1.09662e-05
6757,1.09726e-05
6758,1.09726e-05
6759,1.08786e-05
6760,1.0936e-05
6761,1.09197e-05
6762,1.09313e-05
6763,1.08537e-05
6764,1.07054e-05
6765,1.05622e-05
6766,1.05421e-05
6767,1.05883e-05
6768,1.06229e-05
6769,1.08645e-05
6770,1.08466e-05
6771,1.09584e-05
6772,1.09926e-05
6773,1.08691e-05
6774,1.06793e-05
6775,1.06395e-05
6776,1.05826e-05
6777,1.08799e-05
6778,1.0755e-05
6779,1.0755e-05
6780,1.07589e-05
6781,1.08143e-05
6782,1.08371e-05
6783,1.09204e-05
6784,1.1021e-05
6785,1.09878e-05
6786,1.0928e-05
6787,1.09562e-05
6788,1.09554e-05
6789,1.08436e-05
6790,1.07242e-05
6791,1.09214e-05
6792,1.08873e-05
6793,1.07511e-05
6794,1.06886e-05
6795,1.09565e-05
6796,1.08258e-05
6797,1.08258e-05
6798,1.07506e-05
6799,1.0724e-05
6800,1.08551e-05
6801,1.08551e-05
6802,1.08551e-05
6803,1.08551e-05
6804,1.07441e-05
6805,1.07441e-05
6806,1.08535e-05
6807,1.08115e-05
6808,1.08267e-05
6809,1.09808e-05
6810,1.09096e-05
6811,1.08431e-05
6812,1.07634e-05
6813,1.0818e-05
6814,1.09241e-05
6815,1.08033e-05
6816,1.08033e-05
6817,1.07767e-05
6818,1.08324e-05
6819,1.07944e-05
6820,1.08632e-05
6821,1.06257e-05
6822,1.06257e-05
6823,1.07035e-05
6824,1.08388e-05
6825,1.09413e-05
6826,1.10979e-05
6827,1.10227e-05
6828,1.09645e-05
6829,1.09645e-05
6830,1.09645e-05
6831,1.10503e-05
6832,1.10503e-05
6833,1.10167e-05
6834,1.10167e-05
6835,1.101e-05
6836,1.09773e-05
6837,1.09022e-05
6838,1.10115e-05
6839,1.10277e-05
6840,1.10277e-05
6841,1.08835e-05
6842,1.09314e-05
6843,1.09044e-05
6844,1.10249e-05
6845,1.10249e-05
6846,1.09709e-05
6847,1.13588e-05
6848,1.13779e-05
6849,1.1192e-05
6850,1.10784e-05
6851,1.09743e-05
6852,1.09743e-05
6853,1.09743e-05
6854,1.10211e-05
6855,1.09956e-05
6856,1.09447e-05
6857,1.09447e-05
6858,1.12681e-05
6859,1.10977e-05
6860,1.11723e-05
6861,1.08744e-05
6862,1.08896e-05
6863,1.10832e-05
6864,1.08735e-05
6865,1.08463e-05
6866,1.07909e-05
6867,1.07007e-05
6868,1.09808e-05
6869,1.09808e-05
6870,1.07508e-05
6871,1.07508e-05
6872,1.07321e-05
6873,1.07257e-05
6874,1.10206e-05
6875,1.10206e-05
6876,1.10206e-05
6877,1.0987e-05
6878,1.09896e-05
6879,1.11505e-05
6880,1.10096e-05
6881,1.09521e-05
6882,1.09996e-05
6883,1.08232e-05
6884,1.10884e-05
6885,1.07269e-05
6886,1.08963e-05
6887,1.08707e-05
6888,1.07821e-05
6889,1.07751e-05
6890,1.06652e-05
6891,1.06652e-05
6892,1.06574e-05
6893,1.06315e-05
6894,1.06922e-05
6895,1.09088e-05
6896,1.07097e-05
6897,1.07229e-05
6898,1.10215e-05
6899,1.09178e-05
6900,1.09178e-05
6901,1.09349e-05
6902,1.09349e-05
6903,1.12094e-05
6904,1.09653e-05
6905,1.10405e-05
6906,1.10405e-05
6907,1.10963e-05
6908,1.11282e-05
6909,1.11282e-05
6910,1.10925e-05
6911,1.08124e-05
6912,1.07919e-05
6913,1.08031e-05
6914,1.07533e-05
6915,1.07533e-05
6916,1.06382e-05
6917,1.08519e-05
6918,1.08519e-05
6919,1.06837e-05
6920,1.08394e-05
6921,1.08394e-05
6922,1.08592e-05
6923,1.11405e-05
6924,1.11405e-05
6925,1.10695e-05
6926,1.10695e-05
6927,1.10695e-05
6928,1.10322e-05
6929,1.10901e-05
6930,1.10151e-05
6931,1.08119e-05
6932,1.08725e-05
6933,1.10053e-05
6934,1.09214e-05
6935,1.11008e-05
6936,1.11687e-05
6937,1.09246e-05
6938,1.08877e-05
6939,1.08667e-05
6940,1.07029e-05
6941,1.08423e-05
6942,1.09938e-05
6943,1.09938e-05
6944,1.06839e-05
6945,1.09796e-05
6946,1.10805e-05
6947,1.10417e-05
6948,1.11743e-05
6949,1.10956e-05
6950,1.08767e-05
6951,1.08711e-05
6952,1.11186e-05
6953,1.12762e-05
6954,1.12762e-05
6955,1.09345e-05
6956,1.10494e-05
6957,1.13483e-05
6958,1.15609e-05
6959,1.12864e-05
6960,1.1151e-05
6961,1.12094e-05
6962,1.09505e-05
6963,1.13932e-05
6964,1.17894e-05
6965,1.17339e-05
6966,1.14275e-05
6967,1.17172e-05
6968,1.1711e-05
6969,1.18762e-05
6970,1.13988e-05
6971,1.11937e-05
6972,1.10685e-05
6973,1.09047e-05
6974,1.1061e-05
6975,1.11804e-05
6976,1.11804e-05
6977,1.1281e-05
6978,1.11781e-05
6979,1.11781e-05
6980,1.11781e-05
6981,1.11572e-05
6982,1.10368e-05
6983,1.11476e-05
6984,1.13901e-05
6985,1.10834e-05
6986,1.09424e-05
6987,1.09727e-05
6988,1.11634e-05
6989,1.10464e-05
6990,1.10974e-05
6991,1.08514e-05
6992,1.10503e-05
6993,1.08101e-05
6994,1.10218e-05
6995,1.0854e-05
6996,1.08715e-05
6997,1.08318e-05
6998,1.08696e-05
6999,1.08696e-05
7000,1.09269e-05
7001,1.10063e-05
7002,1.08235e-05
7003,1.10986e-05
7004,1.07922e-05
7005,1.08757e-05
7006,1.07028e-05
7007,1.07028e-05
7008,1.09466e-05
7009,1.09187e-05
7010,1.10672e-05
7011,1.10672e-05
7012,1.10672e-05
7013,1.10672e-05
7014,1.07804e-05
7015,1.08611e-05
7016,1.09311e-05
7017,1.09758e-05
7018,1.07134e-05
7019,1.07292e-05
7020,1.07843e-05
7021,1.07615e-05
7022,1.09988e-05
7023,1.07204e-05
7024,1.05753e-05
7025,1.07423e-05
7026,1.09677e-05
7027,1.08561e-05
7028,1.08561e-05
7029,1.09784e-05
7030,1.07454e-05
7031,1.09244e-05
7032,1.09244e-05
7033,1.09957e-05
7034,1.10641e-05
7035,1.07136e-05
7036,1.10209e-05
7037,1.09845e-05
7038,1.07905e-05
7039,1.08616e-05
7040,1.08616e-05
7041,1.08616e-05
7042,1.06556e-05
7043,1.06058e-05
7044,1.06576e-05
7045,1.07102e-05
7046,1.08622e-05
7047,1.08115e-05
7048,1.0811e-05
7049,1.0944e-05
7050,1.08739e-05
7051,1.09481e-05
7052,1.09077e-05
7053,1.11314e-05
7054,1.1059e-05
7055,1.08912e-05
7056,1.09321e-05
7057,1.10561e-05
7058,1.11955e-05
7059,1.11955e-05
7060,1.10234e-05
7061,1.13765e-05
7062,1.13462e-05
7063,1.12396e-05
7064,1.11692e-05
7065,1.11692e-05
7066,1.13388e-05
7067,1.11781e-05
7068,1.09412e-05
7069,1.10855e-05
7070,1.109e-05
7071,1.12467e-05
7072,1.12145e-05
7073,1.12145e-05
7074,1.12145e-05
7075,1.12145e-05
7076,1.10642e-05
7077,1.11258e-05
7078,1.11779e-05
7079,1.11127e-05
7080,1.1056e-05
7081,1.11294e-05
7082,1.12418e-05
7083,1.13601e-05
7084,1.14062e-05
7085,1.15137e-05
7086,1.13061e-05
7087,1.1342e-05
7088,1.1549e-05
7089,1.12144e-05
7090,1.12636e-05
7091,1.13333e-05
7092,1.13971e-05
7093,1.12849e-05
7094,1.12457e-05
7095,1.11117e-05
7096,1.11117e-05
7097,1.10267e-05
7098,1.1196e-05
7099,1.1137e-05
7100,1.12668e-05
7101,1.1275e-05
7102,1.1081e-05
7103,1.1081e-05
7104,1.09088e-05
7105,1.11344e-05
7106,1.10853e-05
7107,1.1083e-05
7108,1.10861e-05
7109,1.10702e-05
7110,1.10702e-05
7111,1.10001e-05
7112,1.09414e-05
7113,1.11189e-05
7114,1.09839e-05
7115,1.11321e-05
7116,1.1159e-05
7117,1.09796e-05
7118,1.08965e-05
7119,1.0921e-05
7120,1.09525e-05
7121,1.11953e-05
7122,1.09712e-05
7123,1.10952e-05
7124,1.11223e-05
7125,1.11407e-05
7126,1.10268e-05
7127,1.13077e-05
7128,1.11871e-05
7129,1.12466e-05
7130,1.12333e-05
7131,1.12045e-05
7132,1.12045e-05
7133,1.10512e-05
7134,1.10167e-05
7135,1.12531e-05
7136,1.1186e-05
7137,1.13082e-05
7138,1.13082e-05
7139,1.12273e-05
7140,1.13335e-05
7141,1.13078e-05
7142,1.13078e-05
7143,1.13078e-05
7144,1.13629e-05
7145,1.14209e-05
7146,1.1496e-05
7147,1.13252e-05
7148,1.14434e-05
7149,1.15664e-05
7150,1.15938e-05
7151,1.15938e-05
7152,1.13964e-05
7153,1.13496e-05
7154,1.13409e-05
7155,1.13877e-05
7156,1.13152e-05
7157,1.13152e-05
7158,1.10345e-05
7159,1.10101e-05
7160,1.10936e-05
7161,1.11997e-05
7162,1.11477e-05
7163,1.11621e-05
7164,1.11621e-05
7165,1.11621e-05
7166,1.11621e-05
7167,1.10326e-05
7168,1.09554e-05
7169,1.09939e-05
7170,1.1002e-05
7171,1.11206e-05
7172,1.12693e-05
7173,1.10276e-05
7174,1.11671e-05
7175,1.12659e-05
7176,1.12718e-05
7177,1.11431e-05
7178,1.12706e-05
7179,1.12962e-05
7180,1.12962e-05
7181,1.1432e-05
7182,1.13697e-05
7183,1.13071e-05
7184,1.12836e-05
7185,1.13983e-05
7186,1.13541e-05
7187,1.1257e-05
7188,1.12421e-05
7189,1.13141e-05
7190,1.13141e-05
7191,1.14702e-05
7192,1.14702e-05
7193,1.11506e-05
7194,1.12905e-05
7195,1.12424e-05
7196,1.11918e-05
7197,1.12915e-05
7198,1.10562e-05
7199,1.10971e-05
7200,1.09895e-05
7201,1.09895e-05
7202,1.08548e-05
7203,1.09358e-05
7204,1.08588e-05
7205,1.09795e-05
7206,1.09483e-05
7207,1.08414e-05
7208,1.09329e-05
7209,1.09329e-05
7210,1.09329e-05
7211,1.0886e-05
7212,1.11974e-05
7213,1.12485e-05
7214,1.09627e-05
7215,1.09627e-05
7216,1.12015e-05
7217,1.13776e-05
7218,1.11383e-05
7219,1.09789e-05
7220,1.12578e-05
7221,1.12919e-05
7222,1.12595e-05
7223,1.10886e-05
7224,1.0966e-05
7225,1.0966e-05
7226,1.0966e-05
7227,1.0966e-05
7228,1.09414e-05
7229,1.09525e-05
7230,1.09194e-05
7231,1.09194e-05
7232,1.09353e-05
7233,1.11018e-05
7234,1.09324e-05
7235,1.09606e-05
7236,1.10431e-05
7237,1.10431e-05
7238,1.09479e-05
7239,1.10738e-05
7240,1.08558e-05
7241,1.10099e-05
7242,1.10099e-05
7243,1.1063e-05
7244,1.11447e-05
7245,1.09082e-05
7246,1.09082e-05
7247,1.10418e-05
7248,1.11697e-05
7249,1.13191e-05
7250,1.13191e-05
7251,1.1455e-05
7252,1.16423e-05
7253,1.16423e-05
7254,1.14219e-05
7255,1.14219e-05
7256,1.11881e-05
7257,1.12867e-05
7258,1.12207e-05
7259,1.12207e-05
7260,1.14659e-05
7261,1.13324e-05
7262,1.13094e-05
7263,1.09395e-05
7264,1.10613e-05
7265,1.09205e-05
7266,1.12492e-05
7267,1.12492e-05
7268,1.12492e-05
7269,1.10004e-05
7270,1.11274e-05
7271,1.10446e-05
7272,1.10731e-05
7273,1.12776e-05
7274,1.11429e-05
7275,1.10868e-05
7276,1.10676e-05
7277,1.10436e-05
7278,1.10525e-05
7279,1.09536e-05
7280,1.11178e-05
7281,1.10532e-05
7282,1.1144e-05
7283,1.10671e-05
7284,1.09558e-05
7285,1.11077e-05
7286,1.09289e-05
7287,1.08021e-05
7288,1.07043e-05
7289,1.07603e-05
7290,1.07673e-05
7291,1.0856e-05
7292,1.08959e-05
7293,1.08959e-05
7294,1.08661e-05
7295,1.09764e-05
7296,1.08705e-05
7297,1.11649e-05
7298,1.10247e-05
7299,1.10988e-05
7300,1.09255e-05
7301,1.09255e-05
7302,1.08212e-05
7303,1.08212e-05
7304,1.10012e-05
7305,1.09527e-05
7306,1.08137e-05
7307,1.08764e-05
7308,1.08573e-05
7309,1.0763e-05
7310,1.08573e-05
7311,1.09999e-05
7312,1.09668e-05
7313,1.0727e-05
7314,1.08917e-05
7315,1.08273e-05
7316,1.0866e-05
7317,1.11468e-05
7318,1.09821e-05
7319,1.09789e-05
7320,1.08521e-05
7321,1.09817e-05
7322,1.08074e-05
7323,1.07629e-05
7324,1.0742e-05
7325,1.07145e-05
7326,1.09317e-05
7327,1.09534e-05
7328,1.09839e-05
7329,1.09698e-05
7330,1.09352e-05
7331,1.08228e-05
7332,1.09314e-05
7333,1.09377e-05
7334,1.09377e-05
7335,1.09506e-05
7336,1.09184e-05
7337,1.09184e-05
7338,1.08947e-05
7339,1.07325e-05
7340,1.06852e-05
7341,1.06852e-05
7342,1.08407e-05
7343,1.07775e-05
7344,1.07775e-05
7345,1.08484e-05
7346,1.07383e-05
7347,1.07619e-05
7348,1.07442e-05
7349,1.07844e-05
7350,1.07379e-05
7351,1.06848e-05
7352,1.07209e-05
7353,1.08824e-05
7354,1.09339e-05
7355,1.09284e-05
7356,1.07867e-05
7357,1.08398e-05
7358,1.08979e-05
7359,1.07921e-05
7360,1.08213e-05
7361,1.07891e-05
7362,1.07891e-05
7363,1.07929e-05
7364,1.07929e-05
7365,1.09801e-05
7366,1.10546e-05
7367,1.07135e-05
7368,1.08547e-05
7369,1.08547e-05
7370,1.0835e-05
7371,1.11083e-05
7372,1.09119e-05
7373,1.10345e-05
7374,1.11255e-05
7375,1.12051e-05
7376,1.1102e-05
7377,1.10701e-05
7378,1.10229e-05
7379,1.09702e-05
7380,1.09493e-05
7381,1.0942e-05
7382,1.0942e-05
7383,1.11855e-05
7384,1.09964e-05
7385,1.12006e-05
7386,1.10995e-05
7387,1.08901e-05
7388,1.09886e-05
7389,1.0978e-05
7390,1.0941e-05
7391,1.10352e-05
7392,1.10512e-05
7393,1.09835e-05
7394,1.09446e-05
7395,1.09446e-05
7396,1.09876e-05
7397,1.09876e-05
7398,1.10348e-05
7399,1.07621e-05
7400,1.08818e-05
7401,1.09777e-05
7402,1.09777e-05
7403,1.08057e-05
7404,1.08057e-05
7405,1.09054e-05
7406,1.12072e-05
7407,1.10402e-05
7408,1.10863e-05
7409,1.10862e-05
7410,1.1001e-05
7411,1.11075e-05
7412,1.11878e-05
7413,1.11878e-05
7414,1.119e-05
7415,1.12598e-05
7416,1.12598e-05
7417,1.12887e-05
7418,1.11137e-05
7419,1.08235e-05
7420,1.10031e-05
7421,1.07947e-05
7422,1.0917e-05
7423,1.07613e-05
7424,1.0656e-05
7425,1.07328e-05
7426,1.08461e-05
7427,1.08832e-05
7428,1.07612e-05
7429,1.07612e-05
7430,1.06657e-05
7431,1.0774e-05
7432,1.0774e-05
7433,1.08311e-05
7434,1.07819e-05
7435,1.07218e-05
7436,1.09017e-05
7437,1.08353e-05
7438,1.08353e-05
7439,1.08353e-05
7440,1.07568e-05
7441,1.07435e-05
7442,1.06445e-05
7443,1.07473e-05
7444,1.06465e-05
7445,1.08765e-05
7446,1.08765e-05
7447,1.08787e-05
7448,1.11246e-05
7449,1.09202e-05
7450,1.08121e-05
7451,1.08121e-05
7452,1.09189e-05
7453,1.0983e-05
7454,1.08497e-05
7455,1.10718e-05
7456,1.10596e-05
7457,1.12042e-05
7458,1.11361e-05
7459,1.07989e-05
7460,1.08694e-05
7461,1.09177e-05
7462,1.09651e-05
7463,1.11774e-05
7464,1.11774e-05
7465,1.09947e-05
7466,1.09947e-05
7467,1.10843e-05
7468,1.10843e-05
7469,1.09784e-05
7470,1.09784e-05
7471,1.09784e-05
7472,1.10191e-05
7473,1.12444e-05
7474,1.12342e-05
7475,1.12342e-05
7476,1.12342e-05
7477,1.12467e-05
7478,1.10993e-05
7479,1.10993e-05
7480,1.10029e-05
7481,1.09765e-05
7482,1.10032e-05
7483,1.09931e-05
7484,1.11293e-05
7485,1.11293e-05
7486,1.10345e-05
7487,1.10345e-05
7488,1.08727e-05
7489,1.09045e-05
7490,1.10665e-05
7491,1.10433e-05
7492,1.10433e-05
7493,1.1057e-05
7494,1.1057e-05
7495,1.11642e-05
7496,1.11344e-05
7497,1.1142e-05
7498,1.1036e-05
7499,1.11346e-05
7500,1.112e-05
7501,1.11599e-05
7502,1.12276e-05
7503,1.12276e-05
7504,1.14912e-05
7505,1.12823e-05
7506,1.14272e-05
7507,1.14272e-05
7508,1.14272e-05
7509,1.15605e-05
7510,1.13683e-05
7511,1.13747e-05
7512,1.13747e-05
7513,1.14687e-05
7514,1.14107e-05
7515,1.11504e-05
7516,1.11054e-05
7517,1.09917e-05
7518,1.09706e-05
7519,1.10245e-05
7520,1.1013e-05
7521,1.1013e-05
7522,1.1013e-05
7523,1.09834e-05
7524,1.10845e-05
7525,1.08701e-05
7526,1.09314e-05
7527,1.08578e-05
7528,1.08761e-05
7529,1.09583e-05
7530,1.09401e-05
7531,1.08702e-05
7532,1.09053e-05
7533,1.08686e-05
7534,1.07472e-05
7535,1.0993e-05
7536,1.08446e-05
7537,1.0809e-05
7538,1.08514e-05
7539,1.10356e-05
7540,1.10384e-05
7541,1.09487e-05
7542,1.08659e-05
7543,1.11642e-05
7544,1.09566e-05
7545,1.09566e-05
7546,1.09583e-05
7547,1.09583e-05
7548,1.09583e-05
7549,1.09583e-05
7550,1.08037e-05
7551,1.08521e-05
7552,1.08597e-05
7553,1.08597e-05
7554,1.08597e-05
7555,1.07757e-05
7556,1.09823e-05
7557,1.10077e-05
7558,1.10077e-05
7559,1.08923e-05
7560,1.09741e-05
7561,1.10021e-05
7562,1.1145e-05
7563,1.11698e-05
7564,1.11901e-05
7565,1.12738e-05
7566,1.11283e-05
7567,1.10179e-05
7568,1.09101e-05
7569,1.09977e-05
7570,1.11098e-05
7571,1.09097e-05
7572,1.1022e-05
7573,1.10016e-05
7574,1.1259e-05
7575,1.12094e-05
7576,1.12094e-05
7577,1.12288e-05
7578,1.11468e-05
7579,1.11468e-05
7580,1.10763e-05
7581,1.12779e-05
7582,1.13379e-05
7583,1.11878e-05
7584,1.11878e-05
7585,1.12124e-05
7586,1.12124e-05
7587,1.10604e-05
7588,1.09845e-05
7589,1.09845e-05
7590,1.11197e-05
7591,1.10117e-05
7592,1.10777e-05
7593,1.10424e-05
7594,1.12032e-05
7595,1.10952e-05
7596,1.09836e-05
7597,1.10704e-05
7598,1.10617e-05
7599,1.0971e-05
7600,1.09318e-05
7601,1.087e-05
7602,1.10417e-05
7603,1.1202e-05
7604,1.11347e-05
7605,1.12607e-05
7606,1.13133e-05
7607,1.11532e-05
7608,1.10981e-05
7609,1.09556e-05
7610,1.10047e-05
7611,1.0978e-05
7612,1.10504e-05
7613,1.12523e-05
7614,1.12111e-05
7615,1.12623e-05
7616,1.12484e-05
7617,1.09127e-05
7618,1.09127e-05
7619,1.09172e-05
7620,1.09051e-05
7621,1.09051e-05
7622,1.08714e-05
7623,1.09097e-05
7624,1.12078e-05
7625,1.10599e-05
7626,1.12197e-05
7627,1.11432e-05
7628,1.11412e-05
7629,1.10273e-05
7630,1.10572e-05
7631,1.08471e-05
7632,1.08674e-05
7633,1.09487e-05
7634,1.09893e-05
7635,1.1139e-05
7636,1.11585e-05
7637,1.10815e-05
7638,1.11415e-05
7639,1.09572e-05
7640,1.08859e-05
7641,1.08859e-05
7642,1.09217e-05
7643,1.10781e-05
7644,1.10781e-05
7645,1.10781e-05
7646,1.07991e-05
7647,1.11013e-05
7648,1.11072e-05
7649,1.12184e-05
7650,1.10332e-05
7651,1.12747e-05
7652,1.12821e-05
7653,1.12821e-05
7654,1.11689e-05
7655,1.11981e-05
7656,1.12623e-05
7657,1.12398e-05
7658,1.12863e-05
7659,1.12863e-05
7660,1.12863e-05
7661,1.1367e-05
7662,1.14152e-05
7663,1.14152e-05
7664,1.14379e-05
7665,1.13162e-05
7666,1.15344e-05
7667,1.12691e-05
7668,1.13545e-05
7669,1.12038e-05
7670,1.12038e-05
7671,1.12038e-05
7672,1.1335e-05
7673,1.12984e-05
7674,1.11637e-05
7675,1.11797e-05
7676,1.11358e-05
7677,1.09555e-05
7678,1.08977e-05
7679,1.08977e-05
7680,1.08708e-05
7681,1.08159e-05
7682,1.09639e-05
7683,1.10987e-05
7684,1.09388e-05
7685,1.09388e-05
7686,1.10012e-05
7687,1.08879e-05
7688,1.10169e-05
7689,1.11674e-05
7690,1.11674e-05
7691,1.1144e-05
7692,1.10558e-05
7693,1.10981e-05
7694,1.09735e-05
7695,1.08148e-05
7696,1.07807e-05
7697,1.08241e-05
7698,1.08291e-05
7699,1.08291e-05
7700,1.09732e-05
7701,1.09732e-05
7702,1.09278e-05
7703,1.10597e-05
7704,1.10815e-05
7705,1.10164e-05
7706,1.10322e-05
7707,1.10322e-05
7708,1.10546e-05
7709,1.10546e-05
7710,1.10004e-05
7711,1.10373e-05
7712,1.09504e-05
7713,1.09491e-05
7714,1.09255e-05
7715,1.10328e-05
7716,1.07637e-05
7717,1.10116e-05
7718,1.10116e-05
7719,1.10679e-05
7720,1.09532e-05
7721,1.09532e-05
7722,1.10712e-05
7723,1.1132e-05
7724,1.12216e-05
7725,1.10121e-05
7726,1.10673e-05
7727,1.11447e-05
7728,1.09573e-05
7729,1.11651e-05
7730,1.11675e-05
7731,1.11366e-05
7732,1.11205e-05
7733,1.11361e-05
7734,1.11361e-05
7735,1.10327e-05
7736,1.10335e-05
7737,1.07756e-05
7738,1.08004e-05
7739,1.07609e-05
7740,1.07609e-05
7741,1.07728e-05
7742,1.08391e-05
7743,1.08391e-05
7744,1.0729e-05
7745,1.10351e-05
7746,1.09464e-05
7747,1.09464e-05
7748,1.11349e-05
7749,1.08997e-05
7750,1.09523e-05
7751,1.07175e-05
7752,1.08557e-05
7753,1.09297e-05
7754,1.09297e-05
7755,1.09049e-05
7756,1.09049e-05
7757,1.08891e-05
7758,1.09534e-05
7759,1.09216e-05
7760,1.08977e-05
7761,1.08977e-05
7762,1.07766e-05
7763,1.07949e-05
7764,1.07949e-05
7765,1.07479e-05
7766,1.08357e-05
7767,1.08235e-05
7768,1.08308e-05
7769,1.07663e-05
7770,1.09406e-05
7771,1.09891e-05
7772,1.09415e-05
7773,1.08896e-05
7774,1.0963e-05
7775,1.09286e-05
7776,1.07453e-05
7777,1.06796e-05
7778,1.06699e-05
7779,1.06699e-05
7780,1.06699e-05
7781,1.09562e-05
7782,1.08761e-05
7783,1.08333e-05
7784,1.10329e-05
7785,1.11507e-05
7786,1.10257e-05
7787,1.08908e-05
7788,1.09637e-05
7789,1.08576e-05
7790,1.09918e-05
7791,1.09918e-05
7792,1.11983e-05
7793,1.19933e-05
7794,1.16988e-05
7795,1.15391e-05
7796,1.15391e-05
7797,1.14629e-05
7798,1.13773e-05
7799,1.13029e-05
7800,1.12868e-05
7801,1.16534e-05
7802,1.17026e-05
7803,1.14773e-05
7804,1.12204e-05
7805,1.12882e-05
7806,1.13804e-05
7807,1.14613e-05
7808,1.13952e-05
7809,1.14341e-05
7810,1.15805e-05
7811,1.15805e-05
7812,1.11708e-05
7813,1.12432e-05
7814,1.14267e-05
7815,1.1295e-05
7816,1.1295e-05
7817,1.11525e-05
7818,1.12514e-05
7819,1.11414e-05
7820,1.11414e-05
7821,1.10659e-05
7822,1.10659e-05
7823,1.13845e-05
7824,1.12489e-05
7825,1.12271e-05
7826,1.13088e-05
7827,1.14109e-05
7828,1.12744e-05
7829,1.12946e-05
7830,1.11399e-05
7831,1.09944e-05
7832,1.10168e-05
7833,1.08249e-05
7834,1.09085e-05
7835,1.09085e-05
7836,1.09085e-05
7837,1.10207e-05
7838,1.10978e-05
7839,1.10774e-05
7840,1.11176e-05
7841,1.10933e-05
7842,1.10933e-05
7843,1.11177e-05
7844,1.10027e-05
7845,1.1031e-05
7846,1.1031e-05
7847,1.1031e-05
7848,1.1031e-05
7849,1.08293e-05
7850,1.07326e-05
7851,1.07396e-05
7852,1.07396e-05
7853,1.09836e-05
7854,1.08924e-05
7855,1.1074e-05
7856,1.09931e-05
7857,1.09931e-05
7858,1.08827e-05
7859,1.12093e-05
7860,1.11655e-05
7861,1.10968e-05
7862,1.13052e-05
7863,1.11612e-05
7864,1.10008e-05
7865,1.12063e-05
7866,1.1136e-05
7867,1.1154e-05
7868,1.11889e-05
7869,1.10203e-05
7870,1.10203e-05
7871,1.10203e-05
7872,1.13102e-05
7873,1.14112e-05
7874,1.11436e-05
7875,1.11723e-05
7876,1.11723e-05
7877,1.10988e-05
7878,1.10277e-05
7879,1.1007e-05
7880,1.08278e-05
7881,1.08106e-05
7882,1.06835e-05
7883,1.08364e-05
7884,1.08364e-05
7885,1.07967e-05
7886,1.07871e-05
7887,1.08035e-05
7888,1.09038e-05
7889,1.09038e-05
7890,1.09692e-05
7891,1.09292e-05
7892,1.10177e-05
7893,1.10773e-05
7894,1.11396e-05
7895,1.10288e-05
7896,1.10288e-05
7897,1.09198e-05
7898,1.10672e-05
7899,1.10672e-05
7900,1.09653e-05
7901,1.07288e-05
7902,1.07288e-05
7903,1.07288e-05
7904,1.08221e-05
7905,1.07481e-05
7906,1.08773e-05
7907,1.08468e-05
7908,1.09921e-05
7909,1.09921e-05
7910,1.07825e-05
7911,1.085e-05
7912,1.09894e-05
7913,1.11593e-05
7914,1.11063e-05
7915,1.10841e-05
7916,1.11373e-05
7917,1.11373e-05
7918,1.11004e-05
7919,1.10805e-05
7920,1.10419e-05
7921,1.09682e-05
7922,1.13328e-05
7923,1.14632e-05
7924,1.1348e-05
7925,1.14068e-05
7926,1.12207e-05
7927,1.12207e-05
7928,1.12207e-05
7929,1.12653e-05
7930,1.12653e-05
7931,1.12356e-05
7932,1.12312e-05
7933,1.12312e-05
7934,1.12312e-05
7935,1.12312e-05
7936,1.12312e-05
7937,1.12312e-05
7938,1.12312e-05
7939,1.10921e-05
7940,1.1145e-05
7941,1.10966e-05
7942,1.10966e-05
7943,1.11548e-05
7944,1.11548e-05
7945,1.10814e-05
7946,1.11262e-05
7947,1.11262e-05
7948,1.11262e-05
7949,1.09279e-05
7950,1.09279e-05
7951,1.09279e-05
7952,1.08757e-05
7953,1.08757e-05
7954,1.08687e-05
7955,1.08687e-05
7956,1.09117e-05
7957,1.09117e-05
7958,1.11275e-05
7959,1.10517e-05
7960,1.09772e-05
7961,1.0789e-05
7962,1.0934e-05
7963,1.1014e-05
7964,1.09861e-05
7965,1.11439e-05
7966,1.10708e-05
7967,1.0986e-05
7968,1.0986e-05
7969,1.10957e-05
7970,1.11814e-05
7971,1.09931e-05
7972,1.09931e-05
7973,1.10046e-05
7974,1.09725e-05
7975,1.09725e-05
7976,1.09757e-05
7977,1.0796e-05
7978,1.083e-05
7979,1.08037e-05
7980,1.07236e-05
7981,1.08556e-05
7982,1.08556e-05
7983,1.08556e-05
7984,1.08878e-05
7985,1.0949e-05
7986,1.0949e-05
7987,1.09617e-05
7988,1.10672e-05
7989,1.08962e-05
7990,1.12037e-05
7991,1.11049e-05
7992,1.11368e-05
7993,1.10672e-05
7994,1.08808e-05
7995,1.09789e-05
7996,1.08203e-05
7997,1.08212e-05
7998,1.0838e-05
7999,1.10049e-05
8000,1.12419e-05
8001,1.0936e-05
8002,1.0936e-05
8003,1.08181e-05
8004,1.08181e-05
8005,1.08605e-05
8006,1.07631e-05
8007,1.08932e-05
8008,1.09548e-05
8009,1.09548e-05
8010,1.09728e-05
8011,1.09728e-05
8012,1.09728e-05
8013,1.09931e-05
8014,1.10645e-05
8015,1.12171e-05
8016,1.12171e-05
8017,1.10588e-05
8018,1.09708e-05
8019,1.09708e-05
8020,1.08999e-05
8021,1.08388e-05
8022,1.08388e-05
8023,1.1054e-05
8024,1.07906e-05
8025,1.07058e-05
8026,1.08457e-05
8027,1.07892e-05
8028,1.08218e-05
8029,1.08218e-05
8030,1.09744e-05
8031,1.08574e-05
8032,1.0699e-05
8033,1.0699e-05
8034,1.09613e-05
8035,1.10008e-05
8036,1.10008e-05
8037,1.11297e-05
8038,1.13343e-05
8039,1.11416e-05
8040,1.11416e-05
8041,1.12015e-05
8042,1.12015e-05
8043,1.13695e-05
8044,1.1097e-05
8045,1.09466e-05
8046,1.09466e-05
8047,1.09466e-05
8048,1.09466e-05
8049,1.10594e-05
8050,1.09851e-05
8051,1.10413e-05
8052,1.09374e-05
8053,1.09502e-05
8054,1.09949e-05
8055,1.08585e-05
8056,1.09343e-05
8057,1.08753e-05
8058,1.08053e-05
8059,1.08164e-05
8060,1.09748e-05
8061,1.08185e-05
8062,1.08185e-05
8063,1.08312e-05
8064,1.08312e-05
8065,1.06724e-05
8066,1.06724e-05
8067,1.07224e-05
8068,1.07224e-05
8069,1.07989e-05
8070,1.10295e-05
8071,1.07841e-05
8072,1.07995e-05
8073,1.08026e-05
8074,1.08971e-05
8075,1.07864e-05
8076,1.0676e-05
8077,1.05219e-05
8078,1.05219e-05
8079,1.0544e-05
8080,1.0544e-05
8081,1.07809e-05
8082,1.07035e-05
8083,1.0747e-05
8084,1.06549e-05
8085,1.06549e-05
8086,1.07316e-05
8087,1.06267e-05
8088,1.06768e-05
8089,1.08098e-05
8090,1.06725e-05
8091,1.06725e-05
8092,1.06725e-05
8093,1.06725e-05
8094,1.07756e-05
8095,1.0633e-05
8096,1.06233e-05
8097,1.06888e-05
8098,1.07458e-05
8099,1.08516e-05
8100,1.09162e-05
8101,1.09261e-05
8102,1.09261e-05
8103,1.09261e-05
8104,1.08423e-05
8105,1.08562e-05
8106,1.08562e-05
8107,1.09664e-05
8108,1.09852e-05
8109,1.10418e-05
8110,1.08867e-05
8111,1.08867e-05
8112,1.08867e-05
8113,1.08867e-05
8114,1.08867e-05
8115,1.09941e-05
8116,1.08252e-05
8117,1.10119e-05
8118,1.10119e-05
8119,1.08752e-05
8120,1.1013e-05
8121,1.13261e-05
8122,1.12031e-05
8123,1.1258e-05
8124,1.1258e-05
8125,1.1413e-05
8126,1.15313e-05
8127,1.15214e-05
8128,1.15214e-05
8129,1.15214e-05
8130,1.16882e-05
8131,1.13875e-05
8132,1.10776e-05
8133,1.10666e-05
8134,1.09321e-05
8135,1.0991e-05
8136,1.10241e-05
8137,1.11995e-05
8138,1.11995e-05
8139,1.11995e-05
8140,1.11995e-05
8141,1.11995e-05
8142,1.13602e-05
8143,1.15833e-05
8144,1.13827e-05
8145,1.13941e-05
8146,1.1514e-05
8147,1.16721e-05
8148,1.13636e-05
8149,1.12957e-05
8150,1.13103e-05
8151,1.13626e-05
8152,1.14166e-05
8153,1.16627e-05
8154,1.16835e-05
8155,1.15324e-05
8156,1.1486e-05
8157,1.13262e-05
8158,1.13839e-05
8159,1.14312e-05
8160,1.13774e-05
8161,1.10704e-05
8162,1.10704e-05
8163,1.09516e-05
8164,1.1074e-05
8165,1.10672e-05
8166,1.09004e-05
8167,1.0928e-05
8168,1.10112e-05
8169,1.12064e-05
8170,1.12064e-05
8171,1.13207e-05
8172,1.10352e-05
8173,1.09811e-05
8174,1.10081e-05
8175,1.10081e-05
8176,1.10832e-05
8177,1.07985e-05
8178,1.08916e-05
8179,1.09679e-05
8180,1.09601e-05
8181,1.09601e-05
8182,1.08536e-05
8183,1.10132e-05
8184,1.09941e-05
8185,1.10464e-05
8186,1.11088e-05
8187,1.12945e-05
8188,1.1277e-05
8189,1.12894e-05
8190,1.15818e-05
8191,1.10376e-05
8192,1.09464e-05
8193,1.11727e-05
8194,1.12164e-05
8195,1.10591e-05
8196,1.11371e-05
8197,1.10945e-05
8198,1.10513e-05
8199,1.10921e-05
8200,1.09673e-05
8201,1.08677e-05
8202,1.08555e-05
8203,1.08574e-05
8204,1.10856e-05
8205,1.10351e-05
8206,1.11165e-05
8207,1.08391e-05
8208,1.09578e-05
8209,1.09547e-05
8210,1.09164e-05
8211,1.08509e-05
8212,1.08994e-05
8213,1.10176e-05
8214,1.09947e-05
8215,1.12768e-05
8216,1.10748e-05
8217,1.13288e-05
8218,1.11338e-05
8219,1.12336e-05
8220,1.09137e-05
8221,1.13607e-05
8222,1.12896e-05
8223,1.13683e-05
8224,1.13665e-05
8225,1.13665e-05
8226,1.09647e-05
8227,1.09711e-05
8228,1.08395e-05
8229,1.0932e-05
8230,1.0932e-05
8231,1.07742e-05
8232,1.09219e-05
8233,1.07438e-05
8234,1.07195e-05
8235,1.08922e-05
8236,1.07724e-05
8237,1.08824e-05
8238,1.08217e-05
8239,1.08217e-05
8240,1.09459e-05
8241,1.10062e-05
8242,1.08462e-05
8243,1.08225e-05
8244,1.08225e-05
8245,1.09477e-05
8246,1.08363e-05
8247,1.08363e-05
8248,1.08363e-05
8249,1.07871e-05
8250,1.08406e-05
8251,1.08367e-05
8252,1.09868e-05
8253,1.08469e-05
8254,1.08705e-05
8255,1.09711e-05
8256,1.10119e-05
8257,1.10176e-05
8258,1.11777e-05
8259,1.09867e-05
8260,1.09124e-05
8261,1.09505e-05
8262,1.09151e-05
8263,1.12156e-05
8264,1.10937e-05
8265,1.10937e-05
8266,1.08881e-05
8267,1.10618e-05
8268,1.08991e-05
8269,1.08968e-05
8270,1.08203e-05
8271,1.08203e-05
8272,1.07971e-05
8273,1.07971e-05
8274,1.06972e-05
8275,1.07458e-05
8276,1.07718e-05
8277,1.0737e-05
8278,1.06882e-05
8279,1.06882e-05
8280,1.08295e-05
8281,1.08295e-05
8282,1.08493e-05
8283,1.08307e-05
8284,1.0828e-05
8285,1.08133e-05
8286,1.08193e-05
8287,1.09688e-05
8288,1.09688e-05
8289,1.07967e-05
8290,1.10538e-05
8291,1.10961e-05
8292,1.08837e-05
8293,1.08837e-05
8294,1.09428e-05
8295,1.08892e-05
8296,1.08724e-05
8297,1.09317e-05
8298,1.08671e-05
8299,1.11686e-05
8300,1.10559e-05
8301,1.11281e-05
8302,1.12325e-05
8303,1.12999e-05
8304,1.12782e-05
8305,1.12269e-05
8306,1.10142e-05
8307,1.10372e-05
8308,1.09416e-05
8309,1.09542e-05
8310,1.09401e-05
8311,1.09401e-05
8312,1.09643e-05
8313,1.07947e-05
8314,1.07947e-05
8315,1.07157e-05
8316,1.09143e-05
8317,1.09143e-05
8318,1.09143e-05
8319,1.09185e-05
8320,1.08214e-05
8321,1.10433e-05
8322,1.10458e-05
8323,1.11813e-05
8324,1.113e-05
8325,1.12339e-05
8326,1.09802e-05
8327,1.09607e-05
8328,1.08244e-05
8329,1.0968e-05
8330,1.08347e-05
8331,1.07897e-05
8332,1.07897e-05
8333,1.091e-05
8334,1.09305e-05
8335,1.0888e-05
8336,1.08458e-05
8337,1.08364e-05
8338,1.08764e-05
8339,1.07657e-05
8340,1.07813e-05
8341,1.07813e-05
8342,1.09216e-05
8343,1.08356e-05
8344,1.09214e-05
8345,1.12783e-05
8346,1.13873e-05
8347,1.10027e-05
8348,1.10027e-05
8349,1.10027e-05
8350,1.122e-05
8351,1.11482e-05
8352,1.11035e-05
8353,1.12094e-05
8354,1.11572e-05
8355,1.11447e-05
8356,1.12856e-05
8357,1.12849e-05
8358,1.12849e-05
8359,1.12849e-05
8360,1.12849e-05
8361,1.09538e-05
8362,1.0907e-05
8363,1.0907e-05
8364,1.12521e-05
8365,1.10101e-05
8366,1.12157e-05
8367,1.09614e-05
8368,1.10464e-05
8369,1.0979e-05
8370,1.08929e-05
8371,1.08929e-05
8372,1.07885e-05
8373,1.07885e-05
8374,1.09216e-05
8375,1.09186e-05
8376,1.10346e-05
8377,1.07499e-05
8378,1.07499e-05
8379,1.07831e-05
8380,1.0739e-05
8381,1.0739e-05
8382,1.07257e-05
8383,1.05184e-05
8384,1.0655e-05
8385,1.06961e-05
8386,1.05917e-05
8387,1.07044e-05
8388,1.08432e-05
8389,1.06634e-05
8390,1.08346e-05
8391,1.07408e-05
8392,1.09903e-05
8393,1.09903e-05
8394,1.09903e-05
8395,1.11115e-05
8396,1.08798e-05
8397,1.08798e-05
8398,1.09484e-05
8399,1.10088e-05
8400,1.09299e-05
8401,1.08922e-05
8402,1.10545e-05
8403,1.09013e-05
8404,1.09013e-05
8405,1.09013e-05
8406,1.09656e-05
8407,1.0861e-05
8408,1.07056e-05
8409,1.07056e-05
8410,1.07218e-05
8411,1.0673e-05
8412,1.0673e-05
8413,1.07502e-05
8414,1.07502e-05
8415,1.06341e-05
8416,1.06261e-05
8417,1.05903e-05
8418,1.06824e-05
8419,1.077e-05
8420,1.06193e-05
8421,1.05745e-05
8422,1.06495e-05
8423,1.07796e-05
8424,1.07929e-05
8425,1.06329e-05
8426,1.07973e-05
8427,1.07537e-05
8428,1.08237e-05
8429,1.06589e-05
8430,1.06589e-05
8431,1.06589e-05
8432,1.0826e-05
8433,1.05019e-05
8434,1.05019e-05
8435,1.05723e-05
8436,1.06391e-05
8437,1.0626e-05
8438,1.07686e-05
8439,1.07686e-05
8440,1.08125e-05
8441,1.07105e-05
8442,1.06626e-05
8443,1.06263e-05
8444,1.06485e-05
8445,1.06485e-05
8446,1.069e-05
8447,1.06816e-05
8448,1.07875e-05
8449,1.07599e-05
8450,1.06165e-05
8451,1.07395e-05
8452,1.07258e-05
8453,1.06757e-05
8454,1.05857e-05
8455,1.05905e-05
8456,1.06594e-05
8457,1.06481e-05
8458,1.07838e-05
8459,1.0827e-05
8460,1.08476e-05
8461,1.09975e-05
8462,1.07558e-05
8463,1.08351e-05
8464,1.09246e-05
8465,1.07356e-05
8466,1.08268e-05
8467,1.08268e-05
8468,1.10635e-05
8469,1.10635e-05
8470,1.10635e-05
8471,1.09198e-05
8472,1.1071e-05
8473,1.0763e-05
8474,1.08364e-05
8475,1.08744e-05
8476,1.09835e-05
8477,1.08714e-05
8478,1.08714e-05
8479,1.09529e-05
8480,1.09128e-05
8481,1.09128e-05
8482,1.09943e-05
8483,1.09576e-05
8484,1.10824e-05
8485,1.10126e-05
8486,1.1031e-05
8487,1.10624e-05
8488,1.10543e-05
8489,1.0993e-05
8490,1.10568e-05
8491,1.09384e-05
8492,1.09378e-05
8493,1.08606e-05
8494,1.09862e-05
8495,1.09815e-05
8496,1.11508e-05
8497,1.12818e-05
8498,1.09048e-05
8499,1.09292e-05
8500,1.10574e-05
8501,1.10792e-05
8502,1.12362e-05
8503,1.12362e-05
8504,1.12182e-05
8505,1.1043e-05
8506,1.10098e-05
8507,1.10006e-05
8508,1.09293e-05
8509,1.08753e-05
8510,1.0826e-05
8511,1.08178e-05
8512,1.08872e-05
8513,1.08606e-05
8514,1.08606e-05
8515,1.11801e-05
8516,1.11591e-05
8517,1.1046e-05
8518,1.09667e-05
8519,1.09295e-05
8520,1.09774e-05
8521,1.12231e-05
8522,1.12231e-05
8523,1.12351e-05
8524,1.11896e-05
8525,1.10433e-05
8526,1.09876e-05
8527,1.10312e-05
8528,1.10312e-05
8529,1.09967e-05
8530,1.10092e-05
8531,1.10407e-05
8532,1.11659e-05
8533,1.1124e-05
8534,1.10383e-05
8535,1.10383e-05
8536,1.11666e-05
8537,1.13734e-05
8538,1.14383e-05
8539,1.12272e-05
8540,1.10491e-05
8541,1.09069e-05
8542,1.10827e-05
8543,1.10076e-05
8544,1.11214e-05
8545,1.11214e-05
8546,1.11214e-05
8547,1.10371e-05
8548,1.10371e-05
8549,1.10704e-05
8550,1.07331e-05
8551,1.09331e-05
8552,1.08161e-05
8553,1.08161e-05
8554,1.11453e-05
8555,1.09966e-05
8556,1.09966e-05
8557,1.11235e-05
8558,1.08404e-05
8559,1.08594e-05
8560,1.08571e-05
8561,1.0861e-05
8562,1.08053e-05
8563,1.08053e-05
8564,1.0811e-05
8565,1.08651e-05
8566,1.10329e-05
8567,1.09946e-05
8568,1.09945e-05
8569,1.12326e-05
8570,1.11644e-05
8571,1.12782e-05
8572,1.11363e-05
8573,1.10845e-05
8574,1.12283e-05
8575,1.11639e-05
8576,1.11546e-05
8577,1.12208e-05
8578,1.10383e-05
8579,1.10538e-05
8580,1.10538e-05
8581,1.10854e-05
8582,1.10854e-05
8583,1.11455e-05
8584,1.1161e-05
8585,1.09822e-05
8586,1.11073e-05
8587,1.1275e-05
8588,1.12407e-05
8589,1.1126e-05
8590,1.10569e-05
8591,1.10569e-05
8592,1.11203e-05
8593,1.10218e-05
8594,1.08242e-05
8595,1.08242e-05
8596,1.08242e-05
8597,1.08535e-05
8598,1.08535e-05
8599,1.08786e-05
8600,1.08583e-05
8601,1.07835e-05
8602,1.08929e-05
8603,1.09062e-05
8604,1.08571e-05
8605,1.08571e-05
8606,1.08067e-05
8607,1.08641e-05
8608,1.09364e-05
8609,1.10761e-05
8610,1.10761e-05
8611,1.10612e-05
8612,1.08611e-05
8613,1.10731e-05
8614,1.08932e-05
8615,1.08041e-05
8616,1.10167e-05
8617,1.08927e-05
8618,1.09325e-05
8619,1.08882e-05
8620,1.09979e-05
8621,1.11159e-05
8622,1.1102e-05
8623,1.11802e-05
8624,1.12176e-05
8625,1.13478e-05
8626,1.12578e-05
8627,1.12359e-05
8628,1.11104e-05
8629,1.10438e-05
8630,1.10406e-05
8631,1.11362e-05
8632,1.09175e-05
8633,1.10198e-05
8634,1.10503e-05
8635,1.10681e-05
8636,1.10681e-05
8637,1.10475e-05
8638,1.09938e-05
8639,1.10993e-05
8640,1.10993e-05
8641,1.12991e-05
8642,1.12646e-05
8643,1.1325e-05
8644,1.12067e-05
8645,1.10632e-05
8646,1.09335e-05
8647,1.10609e-05
8648,1.1166e-05
8649,1.10892e-05
8650,1.10773e-05
8651,1.10773e-05
8652,1.10773e-05
8653,1.09901e-05
8654,1.09504e-05
8655,1.08347e-05
8656,1.08347e-05
8657,1.09078e-05
8658,1.09206e-05
8659,1.09206e-05
8660,1.08042e-05
8661,1.09037e-05
8662,1.07828e-05
8663,1.08334e-05
8664,1.09715e-05
8665,1.08556e-05
8666,1.10944e-05
8667,1.10944e-05
8668,1.10262e-05
8669,1.10293e-05
8670,1.09909e-05
8671,1.09909e-05
8672,1.08473e-05
8673,1.09135e-05
8674,1.09135e-05
8675,1.09438e-05
8676,1.08496e-05
8677,1.08496e-05
8678,1.08496e-05
8679,1.11013e-05
8680,1.12603e-05
8681,1.11682e-05
8682,1.12192e-05
8683,1.12192e-05
8684,1.11242e-05
8685,1.11242e-05
8686,1.11242e-05
8687,1.11242e-05
8688,1.09575e-05
8689,1.10595e-05
8690,1.11286e-05
8691,1.1098e-05
8692,1.12228e-05
8693,1.10728e-05
8694,1.12221e-05
8695,1.11387e-05
8696,1.11387e-05
8697,1.12385e-05
8698,1.11304e-05
8699,1.11304e-05
8700,1.10073e-05
8701,1.10206e-05
8702,1.09656e-05
8703,1.12581e-05
8704,1.11256e-05
8705,1.12551e-05
8706,1.15693e-05
8707,1.13397e-05
8708,1.13397e-05
8709,1.13397e-05
8710,1.14686e-05
8711,1.15796e-05
8712,1.1398e-05
8713,1.15802e-05
8714,1.17847e-05
8715,1.14993e-05
8716,1.16383e-05
8717,1.16383e-05
8718,1.16435e-05
8719,1.14839e-05
8720,1.14839e-05
8721,1.1509e-05
8722,1.17575e-05
8723,1.18027e-05
8724,1.16101e-05
8725,1.16101e-05
8726,1.18251e-05
8727,1.20584e-05
8728,1.18263e-05
8729,1.1692e-05
8730,1.15654e-05
8731,1.16048e-05
8732,1.15837e-05
8733,1.14704e-05
8734,1.15039e-05
8735,1.12465e-05
8736,1.1195e-05
8737,1.1195e-05
8738,1.09414e-05
8739,1.10127e-05
8740,1.1242e-05
8741,1.10074e-05
8742,1.09896e-05
8743,1.09322e-05
8744,1.10864e-05
8745,1.08632e-05
8746,1.1237e-05
8747,1.10381e-05
8748,1.10584e-05
8749,1.10042e-05
8750,1.10072e-05
8751,1.12292e-05
8752,1.12292e-05
8753,1.10117e-05
8754,1.09178e-05
8755,1.09915e-05
8756,1.09181e-05
8757,1.07714e-05
8758,1.07714e-05
8759,1.08863e-05
8760,1.06767e-05
8761,1.08407e-05
8762,1.08407e-05
8763,1.07805e-05
8764,1.07964e-05
8765,1.06546e-05
8766,1.06546e-05
8767,1.0805e-05
8768,1.07517e-05
8769,1.06147e-05
8770,1.07015e-05
8771,1.07061e-05
8772,1.07121e-05
8773,1.07842e-05
8774,1.09988e-05
8775,1.08554e-05
8776,1.08554e-05
8777,1.08554e-05
8778,1.06424e-05
8779,1.07141e-05
8780,1.09954e-05
8781,1.09954e-05
8782,1.09628e-05
8783,1.10205e-05
8784,1.09237e-05
8785,1.073e-05
8786,1.08709e-05
8787,1.08709e-05
8788,1.0747e-05
8789,1.09038e-05
8790,1.09423e-05
8791,1.09423e-05
8792,1.08118e-05
8793,1.08245e-05
8794,1.08298e-05
8795,1.07307e-05
8796,1.07254e-05
8797,1.06089e-05
8798,1.08542e-05
8799,1.08852e-05
8800,1.07724e-05
8801,1.08404e-05
8802,1.10567e-05
8803,1.07703e-05
8804,1.07703e-05
8805,1.07958e-05
8806,1.0918e-05
8807,1.0918e-05
8808,1.08514e-05
8809,1.06897e-05
8810,1.07592e-05
8811,1.07122e-05
8812,1.0687e-05
8813,1.09349e-05
8814,1.09349e-05
8815,1.09985e-05
8816,1.08167e-05
8817,1.09089e-05
8818,1.11052e-05
8819,1.11052e-05
8820,1.10019e-05
8821,1.07907e-05
8822,1.10082e-05
8823,1.09775e-05
8824,1.0715e-05
8825,1.07514e-05
8826,1.08518e-05
8827,1.09124e-05
8828,1.10135e-05
8829,1.1189e-05
8830,1.09621e-05
8831,1.10479e-05
8832,1.09739e-05
8833,1.10454e-05
8834,1.11246e-05
8835,1.11246e-05
8836,1.08163e-05
8837,1.06355e-05
8838,1.07242e-05
8839,1.09959e-05
8840,1.09855e-05
8841,1.09855e-05
8842,1.11133e-05
8843,1.09786e-05
8844,1.09694e-05
8845,1.08752e-05
8846,1.07534e-05
8847,1.07678e-05
8848,1.07082e-05
8849,1.07082e-05
8850,1.0768e-05
8851,1.06566e-05
8852,1.06941e-05
8853,1.07698e-05
8854,1.07701e-05
8855,1.11809e-05
8856,1.10787e-05
8857,1.10053e-05
8858,1.11252e-05
8859,1.10279e-05
8860,1.10279e-05
8861,1.11266e-05
8862,1.11266e-05
8863,1.11561e-05
8864,1.10496e-05
8865,1.11462e-05
8866,1.10975e-05
8867,1.10975e-05
8868,1.11612e-05
8869,1.08669e-05
8870,1.09987e-05
8871,1.09987e-05
8872,1.12531e-05
8873,1.12531e-05
8874,1.12902e-05
8875,1.12992e-05
8876,1.12307e-05
8877,1.15424e-05
8878,1.11634e-05
8879,1.13019e-05
8880,1.14453e-05
8881,1.1349e-05
8882,1.1316e-05
8883,1.12034e-05
8884,1.12034e-05
8885,1.11976e-05
8886,1.1154e-05
8887,1.1154e-05
8888,1.12185e-05
8889,1.11902e-05
8890,1.11196e-05
8891,1.10963e-05
8892,1.10037e-05
8893,1.11764e-05
8894,1.11764e-05
8895,1.11764e-05
8896,1.12385e-05
8897,1.08282e-05
8898,1.08905e-05
8899,1.08661e-05
8900,1.10009e-05
8901,1.09437e-05
8902,1.08887e-05
8903,1.10135e-05
8904,1.10927e-05
8905,1.12559e-05
8906,1.09836e-05
8907,1.09296e-05
8908,1.08278e-05
8909,1.0869e-05
8910,1.08323e-05
8911,1.09983e-05
8912,1.07993e-05
8913,1.0964e-05
8914,1.09296e-05
8915,1.07623e-05
8916,1.07103e-05
8917,1.07999e-05
8918,1.09572e-05
8919,1.09788e-05
8920,1.09788e-05
8921,1.08617e-05
8922,1.08617e-05
8923,1.06541e-05
8924,1.06541e-05
8925,1.07386e-05
8926,1.08011e-05
8927,1.09077e-05
8928,1.09978e-05
8929,1.11845e-05
8930,1.10537e-05
8931,1.11204e-05
8932,1.12416e-05
8933,1.12416e-05
8934,1.10536e-05
8935,1.11794e-05
8936,1.11154e-05
8937,1.1273e-05
8938,1.1273e-05
8939,1.10417e-05
8940,1.10449e-05
8941,1.10449e-05
8942,1.10367e-05
8943,1.10219e-05
8944,1.10568e-05
8945,1.08703e-05
8946,1.08703e-05
8947,1.08703e-05
8948,1.08631e-05
8949,1.08631e-05
8950,1.11559e-05
8951,1.08325e-05
8952,1.10516e-05
8953,1.1101e-05
8954,1.10167e-05
8955,1.08885e-05
8956,1.11999e-05
8957,1.09896e-05
8958,1.09896e-05
8959,1.09896e-05
8960,1.094e-05
8961,1.09398e-05
8962,1.09828e-05
8963,1.09033e-05
8964,1.0809e-05
8965,1.0809e-05
8966,1.0809e-05
8967,1.08952e-05
8968,1.0933e-05
8969,1.07918e-05
8970,1.07584e-05
8971,1.08577e-05
8972,1.0967e-05
8973,1.0876e-05
8974,1.1018e-05
8975,1.09196e-05
8976,1.09196e-05
8977,1.07922e-05
8978,1.07922e-05
8979,1.09741e-05
8980,1.08616e-05
8981,1.0895e-05
8982,1.084e-05
8983,1.09594e-05
8984,1.0794e-05
8985,1.07323e-05
8986,1.0836e-05
8987,1.09445e-05
8988,1.09445e-05
8989,1.09576e-05
8990,1.09576e-05
8991,1.093e-05
8992,1.10691e-05
8993,1.10691e-05
8994,1.10691e-05
8995,1.10691e-05
8996,1.10123e-05
8997,1.09939e-05
8998,1.09939e-05
8999,1.09034e-05
9000,1.09903e-05
